0.0000000000000000e+00 9.0088841920838050e+00 2.9254420292998096e-01
2.5924865300389055e-04 8.9646503137909654e+00 7.3620668781543497e-01
9.0012223818547422e-04 8.9353967222969306e+00 7.3047833635798565e-01
1.5108273759524746e-03 8.9033015243246165e+00 8.7518417464993825e-01
2.2183149665273164e-03 8.8716476860471669e+00 9.7648601608712982e-01
2.9827658672848031e-03 8.8391629489192116e+00 1.0933023664438819e+00
3.7391667972777130e-03 8.8159652155024535e+00 1.0440315363507242e+00
4.3990294046987620e-03 8.7983068680386634e+00 1.0405734926057022e+00
5.0331709581258096e-03 8.7805663516588979e+00 1.0604905772411546e+00
5.6678125361725399e-03 8.7622692160394244e+00 1.0663967489603023e+00
6.2991763774645042e-03 8.7461164961169580e+00 1.0463525102262992e+00
6.9142431216962473e-03 8.7322403767256347e+00 1.0272672165473975e+00
7.5148138903274250e-03 8.7193851560777045e+00 1.0145656556331688e+00
8.1054773839540871e-03 8.7060374710094539e+00 1.0266606918446000e+00
8.7012916636568325e-03 8.6919753982207926e+00 1.0399316294752903e+00
9.3034631825736867e-03 8.6776092104727613e+00 1.0432704466131959e+00
9.9067606856586190e-03 8.6644527814979995e+00 1.0362927014147369e+00
1.0505671684764318e-02 8.6524195155588774e+00 1.0245317624483543e+00
1.1097717544751971e-02 8.6410091321936893e+00 1.0138482675002263e+00
1.1676215771375207e-02 8.6299580460459389e+00 1.0095692653147896e+00
1.2246808756597104e-02 8.6185342800214375e+00 1.0179776722734721e+00
1.2818014718306148e-02 8.6068544068634658e+00 1.0226492956397251e+00
1.3388700043077935e-02 8.5948779832066435e+00 1.0270858912964793e+00
1.3959475657907061e-02 8.5834935726556960e+00 1.0259220521222501e+00
1.4527792290656604e-02 8.5728329807504764e+00 1.0225570869012253e+00
1.5092892134200474e-02 8.5627479706699372e+00 1.0177420013714942e+00
1.5654364134458164e-02 8.5529263591114759e+00 1.0111530358645502e+00
1.6211589877844101e-02 8.5428756208470347e+00 1.0090209768759868e+00
1.6767340463856469e-02 8.5323145004133103e+00 1.0169320046705992e+00
1.7327417125428016e-02 8.5215159870088257e+00 1.0185610600052950e+00
1.7888596288274487e-02 8.5104419574037635e+00 1.0221443193271824e+00
1.8452170508504007e-02 8.4997821735785983e+00 1.0209065597286808e+00
1.9015675614343447e-02 8.4896696097658264e+00 1.0181115285844933e+00
1.9575417381001953e-02 8.4800688968424360e+00 1.0144639000801909e+00
2.0131160480928095e-02 8.4707769267583561e+00 1.0107597940863284e+00
2.0683364786368310e-02 8.4614984306897245e+00 1.0069625743186195e+00
2.1232354767367713e-02 8.4517581736880789e+00 1.0073504209995527e+00
2.1780710834214262e-02 8.4415598945384360e+00 1.0104841340327790e+00
2.2330181005707442e-02 8.4310373615280518e+00 1.0182158564622497e+00
2.2883486944755112e-02 8.4204201216435202e+00 1.0201693310923567e+00
2.3437689162977862e-02 8.4102493181344773e+00 1.0188293474500019e+00
2.3991178797537038e-02 8.4005880527066559e+00 1.0161930052442498e+00
2.4543414160797212e-02 8.3913506064069665e+00 1.0128109678814670e+00
2.5094133452455356e-02 8.3823778475632658e+00 1.0094595310048105e+00
2.5643472128074007e-02 8.3734285962150246e+00 1.0057992192152350e+00
2.6191345665789359e-02 8.3640741540993968e+00 1.0055352298250892e+00
2.6739657950600203e-02 8.3541900165175100e+00 1.0118277392313089e+00
2.7290695174425856e-02 8.3439335231225193e+00 1.0156137762344208e+00
2.7842908598451555e-02 8.3334535112325074e+00 1.0185373176322332e+00
2.8396024561938685e-02 8.3233368462684787e+00 1.0178300699620317e+00
2.8948260860160387e-02 8.3137187659599832e+00 1.0158018028826650e+00
2.9499073802379407e-02 8.3045539193592095e+00 1.0129384519888389e+00
3.0048160354613843e-02 8.2957086440783048e+00 1.0100226908126841e+00
3.0595625085072953e-02 8.2869987252030946e+00 1.0059685947514039e+00
3.1140964473213795e-02 8.2780738206489168e+00 1.0056802763975519e+00
3.1686306610446413e-02 8.2686672304404514e+00 1.0136682236346677e+00
3.2236220926591910e-02 8.2589145645629962e+00 1.0112575693990142e+00
3.2785129459062014e-02 8.2486925411697083e+00 1.0172834190819318e+00
3.3337664750187561e-02 8.2385585660734861e+00 1.0174616293584959e+00
3.3890708343590786e-02 8.2288170535684504e+00 1.0158512471164132e+00
3.4443380676752809e-02 8.2194964596268889e+00 1.0134478536357365e+00
3.4994349242115093e-02 8.2105567416192535e+00 1.0108149480552031e+00
3.5543471010940290e-02 8.2018817607601999e+00 1.0077960269034327e+00
3.6090666465085207e-02 8.1932457072152580e+00 1.0050114543408659e+00
3.6636173552952518e-02 8.1843007233204439e+00 1.0050210447753587e+00
3.7181603798259619e-02 8.1749562241494278e+00 1.0094607398772553e+00
3.7729442494758965e-02 8.1652623367566122e+00 1.0139094305014984e+00
3.8279763449236504e-02 8.1552273831950099e+00 1.0171901829618277e+00
3.8836824351518230e-02 8.1453335950596291e+00 1.0162752357485889e+00
3.9388726566662133e-02 8.1359130626960035e+00 1.0143348173646589e+00
3.9939778448484724e-02 8.1268658017920288e+00 1.0118533668653047e+00
4.0489718098944458e-02 8.1181126184908958e+00 1.0094478419930493e+00
4.1038604195418403e-02 8.1095412696414808e+00 1.0062172519964578e+00
4.1585992116197602e-02 8.1009138349767511e+00 1.0049256659184200e+00
4.2132973444403601e-02 8.0919678524454586e+00 1.0082691511060791e+00
4.2681946661576042e-02 8.0827131720462937e+00 1.0081998938155063e+00
4.3231257717148468e-02 8.0730739957594615e+00 1.0146857173994488e+00
4.3783447297417316e-02 8.0632341976468833e+00 1.0165326332553999e+00
4.4336597633167628e-02 8.0536539840868606e+00 1.0154937073358945e+00
4.4889187002082248e-02 8.0444408880686691e+00 1.0134500198364114e+00
4.5440708955397945e-02 8.0355689076203625e+00 1.0109404939588149e+00
4.5990933720564377e-02 8.0269538124922235e+00 1.0086516661979963e+00
4.6539990166506978e-02 8.0184782705463835e+00 1.0054738332326072e+00
4.7087399030393128e-02 8.0098987195160518e+00 1.0047286202585948e+00
4.7634493494334927e-02 8.0010091632905969e+00 1.0088384439469489e+00
4.8183923489765398e-02 7.9918676108402593e+00 1.0077968051270374e+00
4.8734539340109226e-02 7.9823348166539443e+00 1.0142707751431632e+00
4.9287100897231997e-02 7.9726825845225102e+00 1.0159216271486833e+00
4.9840639152342513e-02 7.9632852283575906e+00 1.0149444742299973e+00
5.0393722532934372e-02 7.9542279102095064e+00 1.0129792121549461e+00
5.0945808323140176e-02 7.9454851431865032e+00 1.0105506035942251e+00
5.1496633470855126e-02 7.9369792655020284e+00 1.0083449303935623e+00
5.2046302824700866e-02 7.9285988651482331e+00 1.0052953561412652e+00
5.2594338964945447e-02 7.9201096197830205e+00 1.0045491236398911e+00
5.3142503326561112e-02 7.9113144444353987e+00 1.0076361991607166e+00
5.3691827279233453e-02 7.9022932426458459e+00 1.0071965473047730e+00
5.4240895335587076e-02 7.8929356616766668e+00 1.0131337695420179e+00
5.4793170563678793e-02 7.8834166923818598e+00 1.0151269795889868e+00
5.5346494554011520e-02 7.8741444843957416e+00 1.0144642252304026e+00
5.5899404014847394e-02 7.8652058513970236e+00 1.0127628525706314e+00
5.6451329448905282e-02 7.8565706072879999e+00 1.0105196136214794e+00
5.7001983959007581e-02 7.8481633875891808e+00 1.0084388061232041e+00
5.7551460484254545e-02 7.8398871011906675e+00 1.0055742546648276e+00
5.8099333613009452e-02 7.8315344686892638e+00 1.0043981129289778e+00
5.8646525047098594e-02 7.8229104123254594e+00 1.0059020566454362e+00
5.9194498935963569e-02 7.8140346888502101e+00 1.0072190472051123e+00
5.9743159047035199e-02 7.8048934312318385e+00 1.0114262648720334e+00
6.0294086416504591e-02 7.7954985974688018e+00 1.0141926257351561e+00
6.0846503786019281e-02 7.7862915499026215e+00 1.0139404069609035e+00
6.1398775817311797e-02 7.7774076375689285e+00 1.0125963856061517e+00
6.1950319002799549e-02 7.7688372656734552e+00 1.0106742441556058e+00
6.2500831507078594e-02 7.7605067329775208e+00 1.0087228343657197e+00
6.3050307030964439e-02 7.7523223547859113e+00 1.0062687830806722e+00
6.3598450882342672e-02 7.7441162071992151e+00 1.0042739150454798e+00
6.4145582838616322e-02 7.7356751088551015e+00 1.0048771965127821e+00
6.4692794935689163e-02 7.7269539665001963e+00 1.0087792549818846e+00
6.5242051842227783e-02 7.7180590436790899e+00 1.0091203365506507e+00
6.5791419927275871e-02 7.7088128002706027e+00 1.0132827038823158e+00
6.6342985960158821e-02 7.6996413734710494e+00 1.0135654710707165e+00
6.6894645306267042e-02 7.6907560082012507e+00 1.0125137573043221e+00
6.7445680642080313e-02 7.6821854614219829e+00 1.0108891664765127e+00
6.7995790944154866e-02 7.6738842808907188e+00 1.0090119059722085e+00
6.8544850987797140e-02 7.6657678463163368e+00 1.0071375339924220e+00
6.9092874617858610e-02 7.6577093305318353e+00 1.0046000130171651e+00
6.9639512374445767e-02 7.6494836380878057e+00 1.0045383725909058e+00
7.0186122966568190e-02 7.6409741386935321e+00 1.0087949504001279e+00
7.0735884059454315e-02 7.6322703515294990e+00 1.0067809192432331e+00
7.1283765419061576e-02 7.6232506493910517e+00 1.0118952177462224e+00
7.1834474701503975e-02 7.6141228765067934e+00 1.0132671475548278e+00
7.2385987718432493e-02 7.6052141628544039e+00 1.0126226600222461e+00
7.2937217520386080e-02 7.5966006352165687e+00 1.0112316885207306e+00
7.3487764961950086e-02 7.5882658651062664e+00 1.0094319366432725e+00
7.4037259019270746e-02 7.5801497284825485e+00 1.0078208385951726e+00
7.4585814174955911e-02 7.5721681789650965e+00 1.0055294803885193e+00
7.5133074416320084e-02 7.5641394652711043e+00 1.0042283776263914e+00
7.5679593414991128e-02 7.5558726120740962e+00 1.0047176671320748e+00
7.6226359999754259e-02 7.5473500366935564e+00 1.0081344031065833e+00
7.6774980432085832e-02 7.5386471154455421e+00 1.0091075567580017e+00
7.7324136256890011e-02 7.5296314453503825e+00 1.0126614228515414e+00
7.7875241810890172e-02 7.5207011772669672e+00 1.0128009102342426e+00
7.8426448194249154e-02 7.5120327664946585e+00 1.0117557939190056e+00
7.8977119584818511e-02 7.5036456577734203e+00 1.0102016396624696e+00
7.9526987696434875e-02 7.4954989409942616e+00 1.0084395740241661e+00
8.0075947562739461e-02 7.4875232596174186e+00 1.0067856464520006e+00
8.0624505220285678e-02 7.4796104829430092e+00 1.0044511154730955e+00
8.1171415759312457e-02 7.4715671975249727e+00 1.0044459532551264e+00
8.1718391739989238e-02 7.4632670532576286e+00 1.0075004310201079e+00
8.2267102511368401e-02 7.4547932953677707e+00 1.0064810804645608e+00
8.2815331184562732e-02 7.4460324766236594e+00 1.0108956881645859e+00
8.3365970089378363e-02 7.4371140642762423e+00 1.0126712961436284e+00
8.3917570338578204e-02 7.4283771644748393e+00 1.0122441863633340e+00
8.4469155447887953e-02 7.4199076641530031e+00 1.0110016677465024e+00
8.5019857955987113e-02 7.4117021280171560e+00 1.0093445203590905e+00
8.5569675469347947e-02 7.4037019556898320e+00 1.0077513334075561e+00
8.6118649396727268e-02 7.3958356018782219e+00 1.0058255025029350e+00
8.6666603564567318e-02 7.3879671143051988e+00 1.0040143213229475e+00
8.7213603501714948e-02 7.3799046532422734e+00 1.0038542513746087e+00
8.7760550541919988e-02 7.3715941099138904e+00 1.0088663947625354e+00
8.8310265094350346e-02 7.3631542472091498e+00 1.0071725959350037e+00
8.8859092937286915e-02 7.3543928909872536e+00 1.0115992841606571e+00
8.9410367832334026e-02 7.3456149841510161e+00 1.0124006324086365e+00
8.9962112134053918e-02 7.3370602158891227e+00 1.0116876580970473e+00
9.0513497322960546e-02 7.3287709178690568e+00 1.0103729784080095e+00
9.1064191394949784e-02 7.3207192894490225e+00 1.0086998829908902e+00
9.1613995204068391e-02 7.3128430529041895e+00 1.0072446853336547e+00
9.2163024347752254e-02 7.3050675944870918e+00 1.0051127884977715e+00
9.2710907372591994e-02 7.2972275997861331e+00 1.0040476724837899e+00
9.3258223667131934e-02 7.2891611746991103e+00 1.0044090499724221e+00
9.3805749240382638e-02 7.2808658913166093e+00 1.0080600669682305e+00
9.4355276159635626e-02 7.2724333166637134e+00 1.0082304894514889e+00
9.4904906166157890e-02 7.2637148256934347e+00 1.0117623968417586e+00
9.5456471074579441e-02 7.2550695471501152e+00 1.0120595828802861e+00
9.6008207073833729e-02 7.2466688908003976e+00 1.0112013234761168e+00
9.6559484132752643e-02 7.2385287948368866e+00 1.0098608599632164e+00
9.7110039333668893e-02 7.2306089248616852e+00 1.0082351122400812e+00
9.7659717207472810e-02 7.2228424323284006e+00 1.0068310135448111e+00
9.8208638932891001e-02 7.2151486234842848e+00 1.0046565825066716e+00
9.8756385089916368e-02 7.2073458565881321e+00 1.0042057788112611e+00
9.9303896242791970e-02 7.1992998149665146e+00 1.0047312731332241e+00
9.9851705802553398e-02 7.1910548730398887e+00 1.0071570987463874e+00
1.0040085129595140e-01 7.1826309368044088e+00 1.0089586178202445e+00
1.0095099397529352e-01 7.1739682199932489e+00 1.0117092987608545e+00
1.0150265319810546e-01 7.1654278443545811e+00 1.0117466278162000e+00
1.0205435149852767e-01 7.1571429206395587e+00 1.0108102827338135e+00
1.0260556003476039e-01 7.1491165592622554e+00 1.0094604498820359e+00
1.0315603983643110e-01 7.1413014449830694e+00 1.0078970987457700e+00
1.0370564817501242e-01 7.1336284569606940e+00 1.0065180856546507e+00
1.0425448617619068e-01 7.1260103884029755e+00 1.0043948579856763e+00
1.0480214897583215e-01 7.1182595284568038e+00 1.0042796596236996e+00
1.0534973270741527e-01 7.1102576251895186e+00 1.0054341009937402e+00
1.0589793105330886e-01 7.1020711592412811e+00 1.0067437398693406e+00
1.0644683031516412e-01 7.0936825433036761e+00 1.0092501063291217e+00
1.0699708461077966e-01 7.0850836471451535e+00 1.0116195523667764e+00
1.0754862102276727e-01 7.0766241462852530e+00 1.0114876574398211e+00
1.0810007780080495e-01 7.0684222720943488e+00 1.0105311676817652e+00
1.0865100749288800e-01 7.0604776429310689e+00 1.0091902344152333e+00
1.0920120255206633e-01 7.0527403881289139e+00 1.0076702637266548e+00
1.0975056732328733e-01 7.0451409781248691e+00 1.0063268373442180e+00
1.1029919994410266e-01 7.0375915932899558e+00 1.0042696917103062e+00
1.1084671316030016e-01 7.0299048721715511e+00 1.0042607676649054e+00
1.1139422547752752e-01 7.0219661106224702e+00 1.0055413702682570e+00
1.1194244181280197e-01 7.0138447248357672e+00 1.0066933310432393e+00
1.1249129396418299e-01 7.0055177202069494e+00 1.0092037010477966e+00
1.1304152457109186e-01 6.9969822735295670e+00 1.0115092096476017e+00
1.1359332384783781e-01 6.9885778975856230e+00 1.0113561112833547e+00
1.1414475377416494e-01 6.9804304596155839e+00 1.0103861043964009e+00
1.1469567088051695e-01 6.9725355245357310e+00 1.0090820927586694e+00
1.1524589516355573e-01 6.9648462449744839e+00 1.0075607145352641e+00
1.1579531022925162e-01 6.9572953468850223e+00 1.0062719364358030e+00
1.1634404506989623e-01 6.9497982798319349e+00 1.0042544344946478e+00
1.1689170448246336e-01 6.9421734814701423e+00 1.0041701060800663e+00
1.1743933568101715e-01 6.9343012411122560e+00 1.0050503143257705e+00
1.1798742958602794e-01 6.9262404853472139e+00 1.0069214047371728e+00
1.1853652969341293e-01 6.9179910547434895e+00 1.0088783126051619e+00
1.1908668444344553e-01 6.9095154673956651e+00 1.0113642412685455e+00
1.1963818406537322e-01 6.9011581304374623e+00 1.0112868169038922e+00
1.2018963266862182e-01 6.8930462398667496e+00 1.0103500115161066e+00
1.2074056369128704e-01 6.8851837392491122e+00 1.0090627948902249e+00
1.2129078813156845e-01 6.8775266973890883e+00 1.0075527654957783e+00
1.2184018654885245e-01 6.8700090196310457e+00 1.0063308471417232e+00
1.2238891806749733e-01 6.8625553136146165e+00 1.0043580548967523e+00
1.2293657523032957e-01 6.8549953751690476e+00 1.0039974598295194e+00
1.2348403911730652e-01 6.8471962108729292e+00 1.0042608079431030e+00
1.2403165192358637e-01 6.8391918821888149e+00 1.0074855763648993e+00
1.2458103039709650e-01 6.8310304544527414e+00 1.0082616705417808e+00
1.2513084116238732e-01 6.8226125505889401e+00 1.0111766394521235e+00
1.2568225234330946e-01 6.8142807815891011e+00 1.0112763781026950e+00
1.2623373044302888e-01 6.8061856161455054e+00 1.0104091249675222e+00
1.2678474964459455e-01 6.7983392270730256e+00 1.0091498151439127e+00
1.2733509753715588e-01 6.7907016007174699e+00 1.0076532355848147e+00
1.2788464606671815e-01 6.7832074368549007e+00 1.0064287681046715e+00
1.2843354498104489e-01 6.7757871455146850e+00 1.0046047250012120e+00
1.2898146855552081e-01 6.7682875595562928e+00 1.0037686566434405e+00
1.2952895667376793e-01 6.7605624142236707e+00 1.0041574448998105e+00
1.3007667811132570e-01 6.7526046440371568e+00 1.0082537985231168e+00
1.3062665600768070e-01 6.7445278374946884e+00 1.0074111101743437e+00
1.3117619734191865e-01 6.7361664605166087e+00 1.0108902098325441e+00
1.3172766070687883e-01 6.7278414197940961e+00 1.0112975990243731e+00
1.3227933978913872e-01 6.7197410644294484e+00 1.0105065468146872e+00
1.3283057859069139e-01 6.7118920183246926e+00 1.0093031519211322e+00
1.3338115458202887e-01 6.7042599389580984e+00 1.0078365447973678e+00
1.3393092550887042e-01 6.6967813592567396e+00 1.0066038748860611e+00
1.3448001989374503e-01 6.6893884402585870e+00 1.0049366975848302e+00
1.3502820149385195e-01 6.6819503373357385e+00 1.0036379664435691e+00
1.3557567194984044e-01 6.6743022018398861e+00 1.0035444511022473e+00
1.3612308906840734e-01 6.6664111563741635e+00 1.0085078901645725e+00
1.3667321178062941e-01 6.6584070798946051e+00 1.0065333922126207e+00
1.3722225619479675e-01 6.6501161048887241e+00 1.0104393509093699e+00
1.3777343069901138e-01 6.6417922460663128e+00 1.0112696643543155e+00
1.3832505830778249e-01 6.6336736294753269e+00 1.0106522040521404e+00
1.3887634995224224e-01 6.6258068929384510e+00 1.0095119539053012e+00
1.3942702108039989e-01 6.6181671798768491e+00 1.0081337530812240e+00
1.3997694246638798e-01 6.6106947137177796e+00 1.0067677245255995e+00
1.4052612133211795e-01 6.6033215286916986e+00 1.0053651942123976e+00
1.4107453842192158e-01 6.5959417442171455e+00 1.0036484209378718e+00
1.4162202306767535e-01 6.5883782259364123e+00 1.0040504036160622e+00
1.4217007097479686e-01 6.5805573192043738e+00 1.0069176172286749e+00
1.4271934951445747e-01 6.5726120793217309e+00 1.0061145334788781e+00
1.4326819644938776e-01 6.5644146908657683e+00 1.0097003449417854e+00
1.4381900678437193e-01 6.5560908675432588e+00 1.0112439432873370e+00
1.4437066737476947e-01 6.5479370064308915e+00 1.0108494912419941e+00
1.4492212192378282e-01 6.5400325959364300e+00 1.0097996695832099e+00
1.4547301392349399e-01 6.5323660105602430e+00 1.0084772825409494e+00
1.4602319578580258e-01 6.5248840345681387e+00 1.0070362333492637e+00
1.4657260397455657e-01 6.5175175510062200e+00 1.0058145829910172e+00
1.4712135946666385e-01 6.5101825960979891e+00 1.0039163471303030e+00
1.4766909447618892e-01 6.5027049486344390e+00 1.0039836256581034e+00
1.4821688259024135e-01 6.4949782331697890e+00 1.0048733675775998e+00
1.4876516052060532e-01 6.4870676006248047e+00 1.0068734339057639e+00
1.4931451499191661e-01 6.4789823978450203e+00 1.0085511037808557e+00
1.4986477069190277e-01 6.4706750667175896e+00 1.0110497595720758e+00
1.5041637621498546e-01 6.4624791995185289e+00 1.0110135818184065e+00
1.5096794940614594e-01 6.4545233867522773e+00 1.0101043589350254e+00
1.5151901494939746e-01 6.4468139198064804e+00 1.0088463919149508e+00
1.5206938373072901e-01 6.4393076365069977e+00 1.0073680495110113e+00
1.5261893677372346e-01 6.4319368955208818e+00 1.0061923497486949e+00
1.5316784043010548e-01 6.4246300759123454e+00 1.0044209027920825e+00
1.5371577100208997e-01 6.4172355327185748e+00 1.0036041340504429e+00
1.5426325061745499e-01 6.4096082184791419e+00 1.0040557591079606e+00
1.5481097255622153e-01 6.4017422967517943e+00 1.0082858079984258e+00
1.5536099934789463e-01 6.3937646094237133e+00 1.0070779263522125e+00
1.5591036595745736e-01 6.3855057585043005e+00 1.0106553877663402e+00
1.5646168425490750e-01 6.3772690387167117e+00 1.0111434227968301e+00
1.5701327040359889e-01 6.3692519103569740e+00 1.0104364908346914e+00
1.5756484547756786e-01 6.3614804274559162e+00 1.0092389772594963e+00
1.5811540047496292e-01 6.3539347604869834e+00 1.0078133451440396e+00
1.5866518393337276e-01 6.3465466354732483e+00 1.0065233046418869e+00
1.5921427137746175e-01 6.3392472523015702e+00 1.0050477468131507e+00
1.5976256319715171e-01 6.3319195589490009e+00 1.0034981139959651e+00
1.6031002058689059e-01 6.3243903191261213e+00 1.0038115641999119e+00
1.6085766156256556e-01 6.3166045164036539e+00 1.0076116412836829e+00
1.6140738999872689e-01 6.3086953569038897e+00 1.0060902119867898e+00
1.6195630438410308e-01 6.3005192550438087e+00 1.0098808968524287e+00
1.6250730473165220e-01 6.2922503952135287e+00 1.0111683132694891e+00
1.6305902720033502e-01 6.2841637578218368e+00 1.0107222863950041e+00
1.6361051333081794e-01 6.2763275018097140e+00 1.0096446226340929e+00
1.6416139654905004e-01 6.2687269562962351e+00 1.0083084858010816e+00
1.6471153722562870e-01 6.2613073757408770e+00 1.0068783616126744e+00
1.6526088553675525e-01 6.2539990704682102e+00 1.0056534579454599e+00
1.6580971770696742e-01 6.2467133533766983e+00 1.0037913293399048e+00
1.6635736206911492e-01 6.2392791715026652e+00 1.0039343164347603e+00
1.6690507686794886e-01 6.2315916443557979e+00 1.0049786621651271e+00
1.6745335537289310e-01 6.2237202802228966e+00 1.0067632649361284e+00
1.6800260294430167e-01 6.2156666728100030e+00 1.0085557784093551e+00
1.6855282543921901e-01 6.2073972233196457e+00 1.0110008237352908e+00
1.6910438042102346e-01 6.1992435734501576e+00 1.0109638253924755e+00
1.6965591536499705e-01 6.1913304014432446e+00 1.0100618996306450e+00
1.7020695994504428e-01 6.1836636064531305e+00 1.0088079238304002e+00
1.7075774737592506e-01 6.1761946046369403e+00 1.0073225604566383e+00
1.7130730538596634e-01 6.1688666421509071e+00 1.0061384609523762e+00
1.7185622351417901e-01 6.1616023175223598e+00 1.0044007134434256e+00
1.7240453013133708e-01 6.1542481453798255e+00 1.0035129458418863e+00
1.7295203163634681e-01 6.1466643415888225e+00 1.0040596900148002e+00
1.7349984057471518e-01 6.1388336909666874e+00 1.0083273463473170e+00
1.7404998793701446e-01 6.1308916379179461e+00 1.0068869833591427e+00
1.7459936052692696e-01 6.1226630502607957e+00 1.0105389063625170e+00
1.7515073793708497e-01 6.1144459296268439e+00 1.0111282968063451e+00
1.7570245041209878e-01 6.1064456925560311e+00 1.0104564664129891e+00
1.7625381086853151e-01 6.0986978992558676e+00 1.0092819388658838e+00
1.7680454593656869e-01 6.0911743464737116e+00 1.0078703121737731e+00
1.7735452704553364e-01 6.0838125551079951e+00 1.0065384056729680e+00
1.7790379851734159e-01 6.0765424555947396e+00 1.0051280557151605e+00
1.7845230966839210e-01 6.0692538692046609e+00 1.0034843164346956e+00
1.7899991252220299e-01 6.0617702135675744e+00 1.0038973035051000e+00
1.7954773098278448e-01 6.0540251250854924e+00 1.0068916620343145e+00
1.8009717411229850e-01 6.0461441188970735e+00 1.0060539341063541e+00
1.8064615155897243e-01 6.0380075560054856e+00 1.0096002345037953e+00
1.8119705647249992e-01 6.0297466265747088e+00 1.0111327202687952e+00
1.8174879085239370e-01 6.0216572840846334e+00 1.0107876689864548e+00
1.8230033111540059e-01 6.0138190326558219e+00 1.0097488421201786e+00
1.8285129961333893e-01 6.0062220807001410e+00 1.0084337475730494e+00
1.8340154649628762e-01 5.9988141524154814e+00 1.0069658408093662e+00
1.8395098925631378e-01 5.9915241493520011e+00 1.0057764737825989e+00
1.8449978067885875e-01 5.9842706079282282e+00 1.0038925705643860e+00
1.8504754257829301e-01 5.9768827478221578e+00 1.0037487551917779e+00
1.8559522525733457e-01 5.9692416721272528e+00 1.0041500502661576e+00
1.8614312716035816e-01 5.9613911542068614e+00 1.0073157227880887e+00
1.8669275750648559e-01 5.9533811687060014e+00 1.0080189005215598e+00
1.8724277339733228e-01 5.9451201251274135e+00 1.0108831963953349e+00
1.8779435492564256e-01 5.9369455012537875e+00 1.0110328717882524e+00
1.8834602186853666e-01 5.9290071513154388e+00 1.0102035163604466e+00
1.8889724100938271e-01 5.9213209797657100e+00 1.0089702030087553e+00
1.8944779289716451e-01 5.9138491932750217e+00 1.0075011362464257e+00
1.8999754986851353e-01 5.9065237898607084e+00 1.0062692227487786e+00
1.9054664234019095e-01 5.8992730330254108e+00 1.0046296466407494e+00
1.9109484891202824e-01 5.8919605716153924e+00 1.0034197496935437e+00
1.9164240514518210e-01 5.8844220504912270e+00 1.0033745366779190e+00
1.9218994780647150e-01 5.8766257460938256e+00 1.0083689725195528e+00
1.9274022845273020e-01 5.8687063533228807e+00 1.0063942131298194e+00
1.9328944528507588e-01 5.8604969167187404e+00 1.0102600292513348e+00
1.9384078692468229e-01 5.8522491446682805e+00 1.0111601254203149e+00
1.9439263043588809e-01 5.8442057365149358e+00 1.0105963250774361e+00
1.9494418794000273e-01 5.8364176024477672e+00 1.0094793549266270e+00
1.9549508813827451e-01 5.8288653997644131e+00 1.0081071405229221e+00
1.9604522778066841e-01 5.8214895696431688e+00 1.0067003213461807e+00
1.9659471720576485e-01 5.8142159528280368e+00 1.0053910144306948e+00
1.9714335419644144e-01 5.8069494387201352e+00 1.0035789353334388e+00
1.9769099365387641e-01 5.7995073682253464e+00 1.0039636253324069e+00
1.9823883533485537e-01 5.7918003248368874e+00 1.0061200339017655e+00
1.9878784702884028e-01 5.7839217542482615e+00 1.0063118380219702e+00
1.9933695778545793e-01 5.7758223905647652e+00 1.0090767144230894e+00
1.9988757278279978e-01 5.7675392039840538e+00 1.0111143461185956e+00
2.0043929634886976e-01 5.7593970900959190e+00 1.0109310611470659e+00
2.0099091782596001e-01 5.7515023706301154e+00 1.0099725051624362e+00
2.0154201541396041e-01 5.7438570450473412e+00 1.0086874385363327e+00
2.0209241218268370e-01 5.7364156646573070e+00 1.0071910332172145e+00
2.0264199405566244e-01 5.7291069025040189e+00 1.0060004653910783e+00
2.0319092915119988e-01 5.7218532380372302e+00 1.0041786116419185e+00
2.0373887424511902e-01 5.7144929909510846e+00 1.0035713858588093e+00
2.0428649337402482e-01 5.7068848145306168e+00 1.0040139279397189e+00
2.0483436064141852e-01 5.6990336810254476e+00 1.0080481158218171e+00
2.0538443724142524e-01 5.6910504661592993e+00 1.0073664421513540e+00
2.0593415114098285e-01 5.6827815546854445e+00 1.0107537550156889e+00
2.0648572407370785e-01 5.6745513589105903e+00 1.0111735657041425e+00
2.0703753804862365e-01 5.6665453159280208e+00 1.0104168006058378e+00
2.0758895233647173e-01 5.6587944370697096e+00 1.0092303149865960e+00
2.0813973376060738e-01 5.6512701166735884e+00 1.0077849390788041e+00
2.0868974234471394e-01 5.6439080226933678e+00 1.0064655019164617e+00
2.0923904813284755e-01 5.6366350536218057e+00 1.0049502893193489e+00
2.0978751829941558e-01 5.6293282785018031e+00 1.0034110992625722e+00
2.1033513636710513e-01 5.6218098267306962e+00 1.0037273441159327e+00
2.1088291604966378e-01 5.6140227843198423e+00 1.0077469915157873e+00
2.1143287951002418e-01 5.6061019146012043e+00 1.0061343439532369e+00
2.1198195406855816e-01 5.5978989550425142e+00 1.0099886264800251e+00
2.1253312432104812e-01 5.5896021795801651e+00 1.0112423974810714e+00
2.1308497221320966e-01 5.5814886181928456e+00 1.0107979344249389e+00
2.1363657215913315e-01 5.5736280648155221e+00 1.0097248658806439e+00
2.1418758234690380e-01 5.5660098311262463e+00 1.0083843551451346e+00
2.1473785808810794e-01 5.5585814934063436e+00 1.0069120749243692e+00
2.1528732871630163e-01 5.5512702944970798e+00 1.0056586906326079e+00
2.1583611485362622e-01 5.5439852494638604e+00 1.0037560449515532e+00
2.1638386326894921e-01 5.5365449838156966e+00 1.0039049999423129e+00
2.1693207404232379e-01 5.5288338785162638e+00 1.0049875775226544e+00
2.1748049862935528e-01 5.5209302062882433e+00 1.0068108364244379e+00
2.1802992171501251e-01 5.5128314508854217e+00 1.0086616663540484e+00
2.1858035933607739e-01 5.5045054564438542e+00 1.0111254416875379e+00
2.1913214697717689e-01 5.4962909696714357e+00 1.0111072926636413e+00
2.1968393119211052e-01 5.4883169816350623e+00 1.0101986806706704e+00
2.2023522695014044e-01 5.4805946704736153e+00 1.0089289772225838e+00
2.2078583804662763e-01 5.4730851355892485e+00 1.0074247594448171e+00
2.2133563735645090e-01 5.4657195891044710e+00 1.0062006537164878e+00
2.2188477863068917e-01 5.4584217265405526e+00 1.0044156508797508e+00
2.2243295670778118e-01 5.4510362741241254e+00 1.0034972050545345e+00
2.2298064557521630e-01 5.4434058207133909e+00 1.0040860732542227e+00
2.2352866883263389e-01 5.4355142232888118e+00 1.0084027741599981e+00
2.2407906216823847e-01 5.4274979820881990e+00 1.0070697505499613e+00
2.2462874309578423e-01 5.4191822702219312e+00 1.0107511089232153e+00
2.2518042544801617e-01 5.4108764373468725e+00 1.0113291551131534e+00
2.2573241214264975e-01 5.4027878256518083e+00 1.0106281001451056e+00
2.2628400582957747e-01 5.3949557078431836e+00 1.0094421602054044e+00
2.2683494268541715e-01 5.3873555058398681e+00 1.0080041659649042e+00
2.2738508597521617e-01 5.3799254610296696e+00 1.0066274004919586e+00
2.2793446994512187e-01 5.3725921901128979e+00 1.0051478886139553e+00
2.2848303937690551e-01 5.3652360092165097e+00 1.0034738835004160e+00
2.2903068905375074e-01 5.3576709221586576e+00 1.0038687110453086e+00
2.2957854894305285e-01 5.3498290501965435e+00 1.0082329925688343e+00
2.3012878619261184e-01 5.3418364461207277e+00 1.0061716139923731e+00
2.3067789495639021e-01 5.3335716747398143e+00 1.0100157637742408e+00
2.3122909910258477e-01 5.3251977061280309e+00 1.0113884496246626e+00
2.3178105082400219e-01 5.3170025268673520e+00 1.0109657082254877e+00
2.3233277126339610e-01 5.3090622700106893e+00 1.0098980074924313e+00
2.3288390940516238e-01 5.3013676372616070e+00 1.0085396160315527e+00
2.3343430757515962e-01 5.2938661412435053e+00 1.0070512973620844e+00
2.3398420635127801e-01 5.2864808178596823e+00 1.0057722748034719e+00
2.3453309991813887e-01 5.2791275977312182e+00 1.0038260483605970e+00
2.3508093567552457e-01 5.2716151746395967e+00 1.0039678984284865e+00
2.3562885427704741e-01 5.2638285086430905e+00 1.0051897869110320e+00
2.3617744625229914e-01 5.2558388562245275e+00 1.0068214440069836e+00
2.3672693631253169e-01 5.2476454943066804e+00 1.0089159797874010e+00
2.3727757819247869e-01 5.2392293803275241e+00 1.0113362492435214e+00
2.3782955083378124e-01 5.2309328892021743e+00 1.0112661180721334e+00
2.3838149622666879e-01 5.2228837223084614e+00 1.0103302740209275e+00
2.3893294307338472e-01 5.2150902663624006e+00 1.0090270217175936e+00
2.3948369204779202e-01 5.2075100550501157e+00 1.0074900309239685e+00
2.4003361679039992e-01 5.2000722614862678e+00 1.0062578761292880e+00
2.4058286867636591e-01 5.1926981289302079e+00 1.0043853426846701e+00
2.4113108623883725e-01 5.1852211983727425e+00 1.0036437707764216e+00
2.4167888770265905e-01 5.1774846660977811e+00 1.0041326661028198e+00
2.4222694557164737e-01 5.1694880379307886e+00 1.0082487915544220e+00
2.4277724048566920e-01 5.1613513125474242e+00 1.0076540466713610e+00
2.4332720220211687e-01 5.1529220251512484e+00 1.0111279759647269e+00
2.4387905234562757e-01 5.1445361718990368e+00 1.0114924039399833e+00
2.4443109482061209e-01 5.1363842065237213e+00 1.0107052890274209e+00
2.4498270227206856e-01 5.1284953352599709e+00 1.0094606277962441e+00
2.4553362613247107e-01 5.1208369769276647e+00 1.0079560671591432e+00
2.4608372570152140e-01 5.1133419545453265e+00 1.0066171313668293e+00
2.4663309250507268e-01 5.1059350014651690e+00 1.0049785370771200e+00
2.4718156412152900e-01 5.0984782274538096e+00 1.0035250144467089e+00
2.4772924265397320e-01 5.0907856453328222e+00 1.0035687121403121e+00
2.4827694630049740e-01 5.0828100501737996e+00 1.0086352311875437e+00
2.4882741738894773e-01 5.0746955335269535e+00 1.0066643476165558e+00
2.4937681631223510e-01 5.0662761961616445e+00 1.0107489317212353e+00
2.4992844902270844e-01 5.0578149004674255e+00 1.0116383540252318e+00
2.5048057286636755e-01 5.0495671360081849e+00 1.0110209165967232e+00
2.5103236656662237e-01 5.0415868589518489e+00 1.0098490963477724e+00
2.5158352866135264e-01 5.0338512386819714e+00 1.0084054490945680e+00
2.5213391188170214e-01 5.0262975910121259e+00 1.0069371689755227e+00
2.5268350385378896e-01 5.0188501429923482e+00 1.0054972570204570e+00
2.5323232111514316e-01 5.0113959155710743e+00 1.0036624625822608e+00
2.5378014916769387e-01 5.0037371690909653e+00 1.0040840827173780e+00
2.5432822066885624e-01 4.9957863389761776e+00 1.0079447129560162e+00
2.5487841391569804e-01 4.9876656881413224e+00 1.0063381632408910e+00
2.5542774276124952e-01 4.9792741548320940e+00 1.0102200972456301e+00
2.5597917884876287e-01 4.9707545889980009e+00 1.0117205463069894e+00
2.5653142318318450e-01 4.9624206641635871e+00 1.0113020697284107e+00
2.5708342928203620e-01 4.9543555702165358e+00 1.0102033566787765e+00
2.5763482684470285e-01 4.9465478607792708e+00 1.0088053934062047e+00
2.5818545350896871e-01 4.9389401938461681e+00 1.0072556071192871e+00
2.5873522737196686e-01 4.9314548705998078e+00 1.0059242595555009e+00
2.5928426862037512e-01 4.9239949772810734e+00 1.0039315433152769e+00
2.5983221722138528e-01 4.9163649558709155e+00 1.0041478886362238e+00
2.6038027985289536e-01 4.9084454365472237e+00 1.0059318434339839e+00
2.6092931305328332e-01 4.9003207556788100e+00 1.0067360697480590e+00
2.6147878301570188e-01 4.8919677778904269e+00 1.0095771685089088e+00
2.6202980236369289e-01 4.8834123331442223e+00 1.0117405967048798e+00
2.6258200211053928e-01 4.8750071712610774e+00 1.0115373100111835e+00
2.6313409137878691e-01 4.8668674726113288e+00 1.0105173467667479e+00
2.6368562528992134e-01 4.8589944010037227e+00 1.0091488726232698e+00
2.6423641448830698e-01 4.8513384238846049e+00 1.0075576658953511e+00
2.6478633829885784e-01 4.8438207139303540e+00 1.0062677975068564e+00
2.6533556213115994e-01 4.8363516339191914e+00 1.0042415079329414e+00
2.6588368488091207e-01 4.8287459957728691e+00 1.0039880749813661e+00
2.6643167502258192e-01 4.8208578942120353e+00 1.0048397608193138e+00
2.6698013667219989e-01 4.8127254216474222e+00 1.0075371712155365e+00
2.6753007825198855e-01 4.8044088874177877e+00 1.0088858974899408e+00
2.6808076463631070e-01 4.7958346317488374e+00 1.0117064237907480e+00
2.6863300021990943e-01 4.7873704331297375e+00 1.0117291079042028e+00
2.6918525887262107e-01 4.7791654864210544e+00 1.0107880335905435e+00
2.6973701553715473e-01 4.7712328874787548e+00 1.0094459998535679e+00
2.7028805234659387e-01 4.7635306382535374e+00 1.0078411356959900e+00
2.7083822682823117e-01 4.7559825075772935e+00 1.0065292959863066e+00
2.7138768037905020e-01 4.7485009183864877e+00 1.0045679122984086e+00
2.7193605194373449e-01 4.7409128480930622e+00 1.0038229775604846e+00
2.7248407842956951e-01 4.7330511089813045e+00 1.0043436082270372e+00
2.7303230729947275e-01 4.7249190662436096e+00 1.0083355606808695e+00
2.7358270628919740e-01 4.7166320517649414e+00 1.0082433975648826e+00
2.7413304690155094e-01 4.7080518326194722e+00 1.0116405721768502e+00
2.7468523464564593e-01 4.6995411724865122e+00 1.0118928633229789e+00
2.7523755380540327e-01 4.6912828952425141e+00 1.0110234819187318e+00
2.7578939310356776e-01 4.6833011585028093e+00 1.0097054062714674e+00
2.7634050861611570e-01 4.6755599125674419e+00 1.0081113141994011e+00
2.7689075067200447e-01 4.6679859660953245e+00 1.0067388094251508e+00
2.7744024119679850e-01 4.6604937015600960e+00 1.0048784480746602e+00
2.7798871489259891e-01 4.6529206771319354e+00 1.0037292712032584e+00
2.7853656091401163e-01 4.6450851474930293e+00 1.0033595617485309e+00
2.7908420567401271e-01 4.6369676378796543e+00 1.0089379104061011e+00
2.7963489666055491e-01 4.6286979575992735e+00 1.0077077284150939e+00
2.8018491868894069e-01 4.6201199276944305e+00 1.0115343833546069e+00
2.8073703286722024e-01 4.6115744651021373e+00 1.0120003226601093e+00
2.8128940591228185e-01 4.6032740898246889e+00 1.0112169175080958e+00
2.8184157529630338e-01 4.5952497913519066e+00 1.0099240051979392e+00
2.8239282731906606e-01 4.5874769225220611e+00 1.0083508901192202e+00
2.8294322842750785e-01 4.5798813482560785e+00 1.0069147585524183e+00
2.8349285445618699e-01 4.5723788124325226e+00 1.0051474592592324e+00
2.8404152569207636e-01 4.5648184752654632e+00 1.0037008272010546e+00
2.8458941821896061e-01 4.5570053670876671e+00 1.0035932080242289e+00
2.8513726402754441e-01 4.5488977270204121e+00 1.0091043624393947e+00
2.8568813148598871e-01 4.5406425758799083e+00 1.0072852253193143e+00
2.8623802024459766e-01 4.5320720348007528e+00 1.0114249000600273e+00
2.8679016044851824e-01 4.5234978346277321e+00 1.0121142214544707e+00
2.8734266558041655e-01 4.5151614071499031e+00 1.0113910690217831e+00
2.8789476550258497e-01 4.5071072629889217e+00 1.0101280606119194e+00
2.8844616649519317e-01 4.4993088366397220e+00 1.0085771640053891e+00
2.8899671241198904e-01 4.4916973879084381e+00 1.0070781024626680e+00
2.8954643256638507e-01 4.4841883152621920e+00 1.0054006571803558e+00
2.9009523061322745e-01 4.4766412021509767e+00 1.0037209756867203e+00
2.9064310636537777e-01 4.4688524840836310e+00 1.0038703417368753e+00
2.9119105924843469e-01 4.4607610493585241e+00 1.0089347706302192e+00
2.9174177311002486e-01 4.4525198060105362e+00 1.0069890480634407e+00
2.9229172038182399e-01 4.4439598090224202e+00 1.0112940789490432e+00
2.9284371829198708e-01 4.4353662772480194e+00 1.0122028588408569e+00
2.9339621188735709e-01 4.4270021337327687e+00 1.0115493133067037e+00
2.9394834939620035e-01 4.4189225392571938e+00 1.0103091683831926e+00
2.9449981160746358e-01 4.4111053555731745e+00 1.0087791207186592e+00
2.9505044123424917e-01 4.4034841091610462e+00 1.0072208426723335e+00
2.9560022380059425e-01 4.3959736139111580e+00 1.0056152186261698e+00
2.9614913438072704e-01 4.3884418477914675e+00 1.0037649244606350e+00
2.9669704032464855e-01 4.3806804569828781e+00 1.0041030382492622e+00
2.9724513707661770e-01 4.3726111877007128e+00 1.0093224704524326e+00
2.9779609008720170e-01 4.3643758495872627e+00 1.0067888408061250e+00
2.9834566819275649e-01 4.3558415183001520e+00 1.0111388296732082e+00
2.9889762986375806e-01 4.3472359361860713e+00 1.0122678301453987e+00
2.9945021783194126e-01 4.3388497795265746e+00 1.0116836007583072e+00
3.0000249784059763e-01 4.3307492354647854e+00 1.0104698868956554e+00
3.0055412720789171e-01 4.3229168595264120e+00 1.0089585078664709e+00
3.0110494433225743e-01 4.3152887778546152e+00 1.0073539187220169e+00
3.0165489891076386e-01 4.3077794053914378e+00 1.0058075509046400e+00
3.0220399804354903e-01 4.3002641340663050e+00 1.0038357530049744e+00
3.0275201039234217e-01 4.2925321750435339e+00 1.0042531907373395e+00
3.0330024112309528e-01 4.2844914830883871e+00 1.0087339985838115e+00
3.0385090923028379e-01 4.2762743173163713e+00 1.0066929691157691e+00
3.0440045520269376e-01 4.2677681229661362e+00 1.0109580288017685e+00
3.0495232230385044e-01 4.2591580443387880e+00 1.0123187214542795e+00
3.0550492582954480e-01 4.2507559453978443e+00 1.0118086890656315e+00
3.0605724540943513e-01 4.2426394690904061e+00 1.0106209253116707e+00
3.0660891197760942e-01 4.2347961879710239e+00 1.0091301942390145e+00
3.0715976107852144e-01 4.2271650326361341e+00 1.0073568243358402e+00
3.0770963936389739e-01 4.2196621317066123e+00 1.0059902301020522e+00
3.0825876974444971e-01 4.2121670994988749e+00 1.0039233450037908e+00
3.0880677080264723e-01 4.2044695662473481e+00 1.0043380871135148e+00
3.0935499803958838e-01 4.1964642223301043e+00 1.0079511285297071e+00
3.0990519816621098e-01 4.1882702722220326e+00 1.0066970711378267e+00
3.1045471533020069e-01 4.1798011605069618e+00 1.0107265144251141e+00
3.1100643448756837e-01 4.1711938209747554e+00 1.0123492672780268e+00
3.1155904283626523e-01 4.1627799557931464e+00 1.0119254073795134e+00
3.1211142412006038e-01 4.1546499762018367e+00 1.0107688034137809e+00
3.1266317927207354e-01 4.1467968768279944e+00 1.0092883395997738e+00
3.1321413242492929e-01 4.1391635345466566e+00 1.0076301593018382e+00
3.1376418749336360e-01 4.1316650606199277e+00 1.0061671923039479e+00
3.1431345197974536e-01 4.1241900795255138e+00 1.0040396507989602e+00
3.1486167357734496e-01 4.1165273049022941e+00 1.0043555950451215e+00
3.1540996809587718e-01 4.1085607631969037e+00 1.0070131608138477e+00
3.1595978355347853e-01 4.1003904594150544e+00 1.0068257179189315e+00
3.1650944959963762e-01 4.0919641161618125e+00 1.0104342401592743e+00
3.1706109878164862e-01 4.0833637728434029e+00 1.0123609885966136e+00
3.1761379486477703e-01 4.0749399270505959e+00 1.0120317248374455e+00
3.1816629994044077e-01 4.0667976776729446e+00 1.0109149820036634e+00
3.1871818495342208e-01 4.0589356886275940e+00 1.0094477739310328e+00
3.1926925947412055e-01 4.0513008470554981e+00 1.0077670862468504e+00
3.1981940788343022e-01 4.0438091944284897e+00 1.0063445665639161e+00
3.2036877205542874e-01 4.0363555770617605e+00 1.0041814102578486e+00
3.2091694862395576e-01 4.0287346855359880e+00 1.0042962599030933e+00
3.2146518208663954e-01 4.0208132516400656e+00 1.0059913811929242e+00
3.2201433603400481e-01 4.0126719493640106e+00 1.0071082482473108e+00
3.2256409574712835e-01 4.0042974498008137e+00 1.0100463272419096e+00
3.2311545634331262e-01 3.9957118355799843e+00 1.0123350606242818e+00
3.2366806430781053e-01 3.9872810013345394e+00 1.0121289134620035e+00
3.2422055871357003e-01 3.9791276622982616e+00 1.0110617755649871e+00
3.2477247054017960e-01 3.9712572025281525e+00 1.0096381255343179e+00
3.2532399360556774e-01 3.9636157495558826e+00 1.0079279766733058e+00
3.2587449553601283e-01 3.9561277271721220e+00 1.0065200374946537e+00
3.2642393374392203e-01 3.9486962540388988e+00 1.0043657766636049e+00
3.2697219976082853e-01 3.9411192484910287e+00 1.0041679631109033e+00
3.2752036252578792e-01 3.9332480857428131e+00 1.0053449562752714e+00
3.2806917350221465e-01 3.9251318485373985e+00 1.0075754387587832e+00
3.2861920877829098e-01 3.9168134085310853e+00 1.0095487139208932e+00
3.2917032897233134e-01 3.9082465742719696e+00 1.0122650982283474e+00
3.2972294080076081e-01 3.8998071055888124e+00 1.0122142640620080e+00
3.3027553464262033e-01 3.8916393582539350e+00 1.0112016042130190e+00
3.3082758640263127e-01 3.8837568033279650e+00 1.0097976335473469e+00
3.3137888340754329e-01 3.8761161772193384e+00 1.0081057707206003e+00
3.3192926941608897e-01 3.8686373082560972e+00 1.0067025270418131e+00
3.3247890291649601e-01 3.8612256315756657e+00 1.0046023408656217e+00
3.3302737795172010e-01 3.8536942304587964e+00 1.0039969386698968e+00
3.3357551211781905e-01 3.8458781382335152e+00 1.0046795866102913e+00
3.3412400951548216e-01 3.8377947115245536e+00 1.0082222414777031e+00
3.3467443239643763e-01 3.8295364487718335e+00 1.0089287187879377e+00
3.3522523323646536e-01 3.8209940863346015e+00 1.0121491624600019e+00
3.3577778535500330e-01 3.8125438925606425e+00 1.0122871123132193e+00
3.3633040682630400e-01 3.8043577200918439e+00 1.0113561774231381e+00
3.3688251504429517e-01 3.7964589455912341e+00 1.0099879158242460e+00
3.3743387220120785e-01 3.7888106566505764e+00 1.0083214303093122e+00
3.3798431642659110e-01 3.7813357279354962e+00 1.0068862361220225e+00
3.3853397489433307e-01 3.7739434546946486e+00 1.0048904777322676e+00
3.3908254248188752e-01 3.7664609681500525e+00 1.0038335451357239e+00
3.3963053255546505e-01 3.7587068235114551e+00 1.0034148826149925e+00
3.4017829437201785e-01 3.7506721633644382e+00 1.0089620432073994e+00
3.4072908547654063e-01 3.7424716058748402e+00 1.0082091335745234e+00
3.4127946750275900e-01 3.7339620147736028e+00 1.0119442039521123e+00
3.4183189128349378e-01 3.7255010613651978e+00 1.0123301432592173e+00
3.4238452941284636e-01 3.7172926983178201e+00 1.0115109313608350e+00
3.4293672487866461e-01 3.7093721312354120e+00 1.0101800766604301e+00
3.4348819921772372e-01 3.7017099289678037e+00 1.0085608771037937e+00
3.4403879584367031e-01 3.6942336403159697e+00 1.0070681756213467e+00
3.4458858465973219e-01 3.6868553150769929e+00 1.0052216066422357e+00
3.4513737334968198e-01 3.6794196669485970e+00 1.0037343610289597e+00
3.4568535895103270e-01 3.6717305673193996e+00 1.0036297896524795e+00
3.4623329720611817e-01 3.6637447910214873e+00 1.0092616742379645e+00
3.4678432093103662e-01 3.6556038960049224e+00 1.0074463609619904e+00
3.4733436521499528e-01 3.6471392070612119e+00 1.0116555641766865e+00
3.4788672024852402e-01 3.6386653915828466e+00 1.0123696885764932e+00
3.4843945898142364e-01 3.6304277557056266e+00 1.0116786200430194e+00
3.4899180968441029e-01 3.6224773219604107e+00 1.0104040367811327e+00
3.4954345460192549e-01 3.6147931905712523e+00 1.0088396850960919e+00
3.5009423640188658e-01 3.6073088537199807e+00 1.0072711629757767e+00
3.5064415368432450e-01 3.5999382772177184e+00 1.0055911501068158e+00
3.5119328979669617e-01 3.5925433259468411e+00 1.0037497954860557e+00
3.5174127079937062e-01 3.5849218104884226e+00 1.0040670037897153e+00
3.5228941936140490e-01 3.5769963519523897e+00 1.0094662929285469e+00
3.5284051077825296e-01 3.5689017941833878e+00 1.0068335888127571e+00
3.5339016104405574e-01 3.5605001276922756e+00 1.0112085775950255e+00
3.5394219668353644e-01 3.5520201386867631e+00 1.0123659534957681e+00
3.5449486200080960e-01 3.5437522986022301e+00 1.0118263806618657e+00
3.5504723148934952e-01 3.5357681452408078e+00 1.0106314783069190e+00
3.5559894828634858e-01 3.5280565398589854e+00 1.0091294995951969e+00
3.5614984564552898e-01 3.5205584955891243e+00 1.0074896244646689e+00
3.5669984917762826e-01 3.5131900342371836e+00 1.0059689541246422e+00
3.5724902484893079e-01 3.5058335945183359e+00 1.0038974559276435e+00
3.5779707284320961e-01 3.4982810946314453e+00 1.0043159438358447e+00
3.5834557739821160e-01 3.4904232206684704e+00 1.0077186026307552e+00
3.5889572057089147e-01 3.4823761894202252e+00 1.0066859742585104e+00
3.5944530598601404e-01 3.4740540786279213e+00 1.0105595377288314e+00
3.5999701307585458e-01 3.4655735310804374e+00 1.0123186306838559e+00
3.6054968850124675e-01 3.4572706216855646e+00 1.0119677739437716e+00
3.6110218134471461e-01 3.4492450441305609e+00 1.0108791543324309e+00
3.6165408978804048e-01 3.4414970294350957e+00 1.0094297806315331e+00
3.6220521781688320e-01 3.4339764143172706e+00 1.0077512172176246e+00
3.6275547142386760e-01 3.4266014521018406e+00 1.0063415252363623e+00
3.6330493793019963e-01 3.4192707915276883e+00 1.0041857215871075e+00
3.6385322055973640e-01 3.4117842688414641e+00 1.0041932790370027e+00
3.6440149666632482e-01 3.4040057948281204e+00 1.0054910886130028e+00
3.6495047155988403e-01 3.3959998133481388e+00 1.0072780206348453e+00
3.6550041312771486e-01 3.3877695787211501e+00 1.0096545263996313e+00
3.6605164410288937e-01 3.3793009650556458e+00 1.0121961014887182e+00
3.6660425546159692e-01 3.3709618463709456e+00 1.0121061382898704e+00
3.6715681139830875e-01 3.3628897493266128e+00 1.0111242624692229e+00
3.6770882591625442e-01 3.3550990376856062e+00 1.0097342981739659e+00
3.6826007717292458e-01 3.3475493205200992e+00 1.0080654039624672e+00
3.6881041384862551e-01 3.3401635942889407e+00 1.0066750002222085e+00
3.6935998892731570e-01 3.3328502164432026e+00 1.0046040258849644e+00
3.6990843179209359e-01 3.3254276703579264e+00 1.0038838124765386e+00
3.7045648077275994e-01 3.3177301580333189e+00 1.0045220409227720e+00
3.7100487837200158e-01 3.3097617796282259e+00 1.0084304778040027e+00
3.7155571955341105e-01 3.3016202769400809e+00 1.0085149469422889e+00
3.7210630005248241e-01 3.2931815747746316e+00 1.0119495668004186e+00
3.7265902320633210e-01 3.2848033365624860e+00 1.0122059583447447e+00
3.7321162539263375e-01 3.2766799529542467e+00 1.0113660329172101e+00
3.7376377369678065e-01 3.2688391387759128e+00 1.0100476905694293e+00
3.7431520781163058e-01 3.2612512965791489e+00 1.0084365758652183e+00
3.7486576877287037e-01 3.2538459687873189e+00 1.0069736500584798e+00
3.7541553834127150e-01 3.2465371443343334e+00 1.0051118074362035e+00
3.7596429955536176e-01 3.2391687890577789e+00 1.0036864097575737e+00
3.7651229150984589e-01 3.2315502772819480e+00 1.0035651276139461e+00
3.7706022705935377e-01 3.2236412986686909e+00 1.0091843901236301e+00
3.7761124139766811e-01 3.2155766397543788e+00 1.0073621421639043e+00
3.7816127242297715e-01 3.2071860089289328e+00 1.0115225115193494e+00
3.7871358757195711e-01 3.1987790318972218e+00 1.0122492713650697e+00
3.7926629137525714e-01 3.1906000293394596e+00 1.0115794159676614e+00
3.7981861920913912e-01 3.1827024734249632e+00 1.0103523043610365e+00
3.8037026766012821e-01 3.1750684400857399e+00 1.0088276439269301e+00
3.8092107513599327e-01 3.1676356609029126e+00 1.0072612611131464e+00
3.8147101972728031e-01 3.1603210870560892e+00 1.0056391398741398e+00
3.8202007186107767e-01 3.1529958517513750e+00 1.0037339475886111e+00
3.8256807782830349e-01 3.1454558378866118e+00 1.0041428567049309e+00
3.8311630187038870e-01 3.1376165935129490e+00 1.0088583382804726e+00
3.8366709598840704e-01 3.1296028134536233e+00 1.0066293312633614e+00
3.8421666956524003e-01 3.1212906122100730e+00 1.0108525142694553e+00
3.8476854604704819e-01 3.1128636035433801e+00 1.0122316807746135e+00
3.8532117356213802e-01 3.1046288594287255e+00 1.0117824459125222e+00
3.8587355473128254e-01 3.0966699697093265e+00 1.0106653175906470e+00
3.8642532574959965e-01 3.0889826269263603e+00 1.0092166651778078e+00
3.8697630643610664e-01 3.0815145124966739e+00 1.0075738508302678e+00
3.8752639162393054e-01 3.0741852866002239e+00 1.0061433117600180e+00
3.8807569806571846e-01 3.0668887458312328e+00 1.0040170402251078e+00
3.8862384678653272e-01 3.0594232263169885e+00 1.0042199840122019e+00
3.8917211028531618e-01 3.0516654448519347e+00 1.0061352218086053e+00
3.8972142427929068e-01 3.0436945269830233e+00 1.0069531789936668e+00
3.9027119058659437e-01 3.0354813886172183e+00 1.0098569613814159e+00
3.9082254891185381e-01 3.0270503247783838e+00 1.0121239044919381e+00
3.9137515249591776e-01 3.0187585530201448e+00 1.0119661562382523e+00
3.9192767841795706e-01 3.0107317141469103e+00 1.0109745507975960e+00
3.9247967227269315e-01 3.0029817536966013e+00 1.0095953948279148e+00
3.9303092331049688e-01 2.9954677600811532e+00 1.0079436694190020e+00
3.9358128356894850e-01 2.9881141466398335e+00 1.0065761656624694e+00
3.9413091697739738e-01 2.9808290530981547e+00 1.0044956130758584e+00
3.9467940290417031e-01 2.9734296402158056e+00 1.0038825839114938e+00
3.9522754353799516e-01 2.9657560473474058e+00 1.0045564363297017e+00
3.9577604235846597e-01 2.9578184244438588e+00 1.0082440994583797e+00
3.9632654571511228e-01 2.9497069733774417e+00 1.0085540685201764e+00
3.9687721015242383e-01 2.9412972310356071e+00 1.0118663824080154e+00
3.9742967575791655e-01 2.9329538733788540e+00 1.0120996947498311e+00
3.9798226225725963e-01 2.9248577946030379e+00 1.0112679350342155e+00
3.9853438902311800e-01 2.9170405432271211e+00 1.0099622637507006e+00
3.9908579821022744e-01 2.9094738260958759e+00 1.0083721554489125e+00
3.9963633542630977e-01 2.9020891880065909e+00 1.0037628118497888e+00
3.9999833766237408e-01 2.8972803279207437e+00 1
