0.0000000000000000e+00 9.0088841920837890e+00 2.9254420292999073e-01
5.1849730600779845e-04 8.9204164354981064e+00 7.3620668796449196e-01
1.8002444766304754e-03 8.8619092524986076e+00 7.3047833584817612e-01
3.0216547513024538e-03 8.7977188564634723e+00 8.7518417562642403e-01
4.4366299340536002e-03 8.7344111798866457e+00 9.7648601898048870e-01
5.9655317400645709e-03 8.6694417054362276e+00 1.0933023620744673e+00
7.4783335934593929e-03 8.6230462386609528e+00 1.0440315726273779e+00
8.7980588542253945e-03 8.5877295415150705e+00 1.0405733923566269e+00
1.0066341837850478e-02 8.5522485120248390e+00 1.0604905737461121e+00
1.1335624990836693e-02 8.5156542413049028e+00 1.0663967495382449e+00
1.2598352674787667e-02 8.4833488013380922e+00 1.0463524999780542e+00
1.3828486151693666e-02 8.4555965627963658e+00 1.0272672383228243e+00
1.5029627714850924e-02 8.4298861209598090e+00 1.0145656450437595e+00
1.6210954690015968e-02 8.4031907511930424e+00 1.0266606911984271e+00
1.7402583248889658e-02 8.3750666058117069e+00 1.0399316320292415e+00
1.8606926289831845e-02 8.3463342301244534e+00 1.0432704478025778e+00
1.9813521297463190e-02 8.3200213720362299e+00 1.0362926905522212e+00
2.1011343283156802e-02 8.2959548403299284e+00 1.0245317604132662e+00
2.2195435002069115e-02 8.2731340736115424e+00 1.0138482742696122e+00
2.3352431464027910e-02 8.2510319012775071e+00 1.0095692661188891e+00
2.4493617436073999e-02 8.2281843692916361e+00 1.0179776412764991e+00
2.5636029325234809e-02 8.2048246237222813e+00 1.0226493076999570e+00
2.6777399988815922e-02 8.1808717779887701e+00 1.0270860862420679e+00
2.7918951435542051e-02 8.1581029522546729e+00 1.0259220729416993e+00
2.9055584723780618e-02 8.1367817677638037e+00 1.0225570652110409e+00
3.0185784386600505e-02 8.1166117479106816e+00 1.0177420084816444e+00
3.1308728394792561e-02 8.0969685245432306e+00 1.0111530061134864e+00
3.2423179848665461e-02 8.0768670484199347e+00 1.0093065022397583e+00
3.3572618570985188e-02 8.0550203259337323e+00 1.0164304656833538e+00
3.4692225799898536e-02 8.0333974470580802e+00 1.0192185931624214e+00
3.5831959765464168e-02 8.0109425236869285e+00 1.0221325084993089e+00
3.6959146367469192e-02 7.9896767064970291e+00 1.0207978628073975e+00
3.8086104919820486e-02 7.9695025782140823e+00 1.0179527100537178e+00
3.9205193092418156e-02 7.9503418637819729e+00 1.0142917521312649e+00
4.0316322804119384e-02 7.9317755145667048e+00 1.0105124994135841e+00
4.1420333787373378e-02 7.9131938808930720e+00 1.0069923025788143e+00
4.2518250942679137e-02 7.8936554707914528e+00 1.0080021617319388e+00
4.3615603140963757e-02 7.8732399828845319e+00 1.0104828891226587e+00
4.4714495224842166e-02 7.8521392254747173e+00 1.0184878632521168e+00
4.5821376551707468e-02 7.8309331294962217e+00 1.0201472023864615e+00
4.6929749332615192e-02 7.8106424482793333e+00 1.0187169540148018e+00
4.8036615825626960e-02 7.7913675521915033e+00 1.0160365689954576e+00
4.9140941051466956e-02 7.7729273485317547e+00 1.0126497596576112e+00
5.0242242054084542e-02 7.7549983537244342e+00 1.0092347228610810e+00
5.1340722696375227e-02 7.7370805350327787e+00 1.0057890214428480e+00
5.2436513144318582e-02 7.7183161875471056e+00 1.0057898191040295e+00
5.3533475759372139e-02 7.6985176445890753e+00 1.0114904501096076e+00
5.4635085382537647e-02 7.6779490508796329e+00 1.0159372673810010e+00
5.5739787630494697e-02 7.6570071516853497e+00 1.0185405457289458e+00
5.6845965594192464e-02 7.6368222058084587e+00 1.0177467696432387e+00
5.7950308000020295e-02 7.6176351715067101e+00 1.0156753925337503e+00
5.9051772357140979e-02 7.5993443710731592e+00 1.0130094570664419e+00
6.0165929925642826e-02 7.5814218694244291e+00 1.0098055490104421e+00
6.1260626137715608e-02 7.5639989202586628e+00 1.0057737822023536e+00
6.2351109490578253e-02 7.5460966801311358e+00 1.0055397944026465e+00
6.3441668639398915e-02 7.5272231940656900e+00 1.0137246841601355e+00
6.4541594581521311e-02 7.5076652529715817e+00 1.0118524009476433e+00
6.5640100399080858e-02 7.4871936290130376e+00 1.0173864964069042e+00
6.6745332892002782e-02 7.4669696051991643e+00 1.0173847975874843e+00
6.7851394813835675e-02 7.4475423050212193e+00 1.0157062077025807e+00
6.8956656112808948e-02 7.4289537294900789e+00 1.0133272260726409e+00
7.0058401071632442e-02 7.4111157678494957e+00 1.0106644360103565e+00
7.1156437696393557e-02 7.3937893816130309e+00 1.0075393215533923e+00
7.2250521606920692e-02 7.3764967293958463e+00 1.0050359116769090e+00
7.3341547200491769e-02 7.3585526134440480e+00 1.0053863883058933e+00
7.4432800328402410e-02 7.3398322334710633e+00 1.0090639471342460e+00
7.5528052813788008e-02 7.3203705449440726e+00 1.0143309330015886e+00
7.6629166086120096e-02 7.3003061481677651e+00 1.0169981661937690e+00
7.7733431585300425e-02 7.2807355124334787e+00 1.0161778307343594e+00
7.8837152206700511e-02 7.2619397112199948e+00 1.0142021416737741e+00
7.9939137360096599e-02 7.2438835374906434e+00 1.0117677210872196e+00
8.1044164940853744e-02 7.2263220764430125e+00 1.0093371152190498e+00
8.2145337837770505e-02 7.2091360350970790e+00 1.0059981008706678e+00
8.3239911570599359e-02 7.1918535781450270e+00 1.0050109856085769e+00
8.4334006974123452e-02 7.1739138427293732e+00 1.0091455520989130e+00
8.5432876727847384e-02 7.1553784234072939e+00 1.0082699341083501e+00
8.6530456557036659e-02 7.1360510317671597e+00 1.0149795093471918e+00
8.7635141904987474e-02 7.1163852732370492e+00 1.0165170455596719e+00
8.8741418697812463e-02 7.0972684205639691e+00 1.0153837982870217e+00
8.9846476406500980e-02 7.0788881066297655e+00 1.0133040490962149e+00
9.0949364197994001e-02 7.0611818946656237e+00 1.0107805782087369e+00
9.2049644219755533e-02 7.0439770310168681e+00 1.0084883108869591e+00
9.3147584512865172e-02 7.0270302130771789e+00 1.0052910423311863e+00
9.4242209513113281e-02 7.0098403907701448e+00 1.0047785953110373e+00
9.5336460533490847e-02 6.9920180203239930e+00 1.0093905529430014e+00
9.6435929688773042e-02 6.9737218351505899e+00 1.0079700090735075e+00
9.7534033208600948e-02 6.9546560957305328e+00 1.0145331904091583e+00
9.8639447529594151e-02 6.9353639168103660e+00 1.0159260586322794e+00
9.9746534383020086e-02 6.9166047742349273e+00 1.0148586351252686e+00
1.0085261314792029e-01 6.8985280892646124e+00 1.0128546352827357e+00
1.0195665381836055e-01 6.8810742087333052e+00 1.0104133217515572e+00
1.0305815776436450e-01 6.8640837577584364e+00 1.0081973297181510e+00
1.0415733680289167e-01 6.8473251519499154e+00 1.0051334553606450e+00
1.0525323188682328e-01 6.8303178242165856e+00 1.0045889692458974e+00
1.0634855812489322e-01 6.8127053938636504e+00 1.0083914875401256e+00
1.0744802531144676e-01 6.7946413999603941e+00 1.0072833598887572e+00
1.0854625015944513e-01 6.7758727591616337e+00 1.0134212634818103e+00
1.0965223214115649e-01 6.7568287615862630e+00 1.0151361269648254e+00
1.1075888072737561e-01 6.7383222814693395e+00 1.0143835417229288e+00
1.1186460058328507e-01 6.7204839769237470e+00 1.0126414589691444e+00
1.1296830881751262e-01 6.7032453161785597e+00 1.0103807879536637e+00
1.1406945726536984e-01 6.6864525272069493e+00 1.0083028540203514e+00
1.1516825311760943e-01 6.6699054288332187e+00 1.0054013341354193e+00
1.1626380222657494e-01 6.6531753252855381e+00 1.0044535101170138e+00
1.1735823720224245e-01 6.6358899871477774e+00 1.0061636488284775e+00
1.1845446243733203e-01 6.6181331906975736e+00 1.0070235970196229e+00
1.1955156305039513e-01 6.5997950850725671e+00 1.0117630855279760e+00
1.2065377907344751e-01 6.5810067639630834e+00 1.0142419382713648e+00
1.2175866302395119e-01 6.5626259757390253e+00 1.0138925755763717e+00
1.2286315182489363e-01 6.5448965155357453e+00 1.0125034999663520e+00
1.2396613555730558e-01 6.5277885220284348e+00 1.0105640397967273e+00
1.2506704066504823e-01 6.5111495848428049e+00 1.0086169950563657e+00
1.2616587763402812e-01 6.4947905479726362e+00 1.0060918766167561e+00
1.2726195641717403e-01 6.4783602132088918e+00 1.0042778670581232e+00
1.2835588162228273e-01 6.4614489032624647e+00 1.0048537835350109e+00
1.2945026541449456e-01 6.4439874580396070e+00 1.0084426871182450e+00
1.3054839853519074e-01 6.4261546441587098e+00 1.0095059123536836e+00
1.3164754126982892e-01 6.4076484790282020e+00 1.0133610629552274e+00
1.3275074630322301e-01 6.3893348005633941e+00 1.0135564561835890e+00
1.3385599503302323e-01 6.3715713268600123e+00 1.0124244349654246e+00
1.3495795845666667e-01 6.3544671217881259e+00 1.0107723315221819e+00
1.3605804346678999e-01 6.3378927686432416e+00 1.0089105096058906e+00
1.3715604647681251e-01 6.3216765961936021e+00 1.0069825725170940e+00
1.3825191996385383e-01 6.3055526121784569e+00 1.0045026055034305e+00
1.3934508585742375e-01 6.2890702764825539e+00 1.0044725663741669e+00
1.4043823339275532e-01 6.2720179443093969e+00 1.0085144682476628e+00
1.4153743301565597e-01 6.2546057709870784e+00 1.0069706025148371e+00
1.4263340349660408e-01 6.2365228649952806e+00 1.0121016569564865e+00
1.4373504971574477e-01 6.2182800895471795e+00 1.0132739250644511e+00
1.4483808757979286e-01 6.2004951735447307e+00 1.0125610537612708e+00
1.4594048587277733e-01 6.1833029566450266e+00 1.0111399934961214e+00
1.4704147208138491e-01 6.1666634122198394e+00 1.0093263538762565e+00
1.4814033471719204e-01 6.1504522800364851e+00 1.0077223913629076e+00
1.4923732895540204e-01 6.1344967752339130e+00 1.0053776531995191e+00
1.5033167700244240e-01 6.1184185653560155e+00 1.0042730365329624e+00
1.5142475820081797e-01 6.1018510617478725e+00 1.0048898109321036e+00
1.5251992295504294e-01 6.0847676725251283e+00 1.0077708309829303e+00
1.5361676581741776e-01 6.0673157178686496e+00 1.0094677850526423e+00
1.5471546851880930e-01 6.0492738379934510e+00 1.0127280892578336e+00
1.5581775233543532e-01 6.0314412108433899e+00 1.0127562974114799e+00
1.5692011781303192e-01 6.0141399376710138e+00 1.0116686056002493e+00
1.5802136808232148e-01 5.9973988066894064e+00 1.0100892315980143e+00
1.5912098543389364e-01 5.9811308444119460e+00 1.0083445197807319e+00
1.6021880619730924e-01 5.9651960331072909e+00 1.0066406113817012e+00
1.6131488884066392e-01 5.9493793933741284e+00 1.0043566225341789e+00
1.6240861295497364e-01 5.9332657656715959e+00 1.0044251911256130e+00
1.6350296152347851e-01 5.9166274044031928e+00 1.0081332115509190e+00
1.6460129329609402e-01 5.8996597139010261e+00 1.0065012235188373e+00
1.6569777964530955e-01 5.8820924035030204e+00 1.0111289707689632e+00
1.6679931010342300e-01 5.8642642440861508e+00 1.0126842266371860e+00
1.6790252412343243e-01 5.8468215816717199e+00 1.0121775221252518e+00
1.6900519088192353e-01 5.8299229479748353e+00 1.0109118343017882e+00
1.7010649941241668e-01 5.8135407967563353e+00 1.0092326357673782e+00
1.7120601483709955e-01 5.7975608999580421e+00 1.0076656650224973e+00
1.7230387238317554e-01 5.7818387498392738e+00 1.0056740269890558e+00
1.7339961919792313e-01 5.7660874055445310e+00 1.0040027179223099e+00
1.7449361021017051e-01 5.7499324640131730e+00 1.0046714269152881e+00
1.7558839864052261e-01 5.7332732831554152e+00 1.0087944652325835e+00
1.7668775328942893e-01 5.7163742400201887e+00 1.0074609163499360e+00
1.7778572697995618e-01 5.6988274424418091e+00 1.0117424294399964e+00
1.7888843635109170e-01 5.6812893293937803e+00 1.0124179759059109e+00
1.7999273069006927e-01 5.6641968489690750e+00 1.0116383560355744e+00
1.8109545008060993e-01 5.6476476737063379e+00 1.0102962168878191e+00
1.8219675676535046e-01 5.6315684011940919e+00 1.0086117174186136e+00
1.8329627002567789e-01 5.6158318846028701e+00 1.0071539775093279e+00
1.8439423078757736e-01 5.6002847870949113e+00 1.0049757392915151e+00
1.8548984845822586e-01 5.5845828284479033e+00 1.0041032767167479e+00
1.8658454242424510e-01 5.5684178655718606e+00 1.0042249405980845e+00
1.8767939338551370e-01 5.5518228329243815e+00 1.0077364365025567e+00
1.8877809473069193e-01 5.5349178948676085e+00 1.0085684540885440e+00
1.8987772341519515e-01 5.5174679585447413e+00 1.0118499105807159e+00
1.9098094872529245e-01 5.5002013039905426e+00 1.0120361465814147e+00
1.9208439517024301e-01 5.4834315684244181e+00 1.0111339049965467e+00
1.9318687573396201e-01 5.4671808005261848e+00 1.0097701091236724e+00
1.9428788710046546e-01 5.4513636235355483e+00 1.0081465512043213e+00
1.9538714618320599e-01 5.4358450242189980e+00 1.0067245513243384e+00
1.9648487351541455e-01 5.4204566787592841e+00 1.0045364353670183e+00
1.9758023484884163e-01 5.4048261950308358e+00 1.0042666240393081e+00
1.9867532362950063e-01 5.3887022899643444e+00 1.0052001446252863e+00
1.9977145429576873e-01 5.3722021747039053e+00 1.0068568353250034e+00
2.0086941829131391e-01 5.3553111035168515e+00 1.0092592993927365e+00
2.0197003217037549e-01 5.3379827685644070e+00 1.0117609198954036e+00
2.0307340776548841e-01 5.3209302339886415e+00 1.0117078553936070e+00
2.0417676318856781e-01 5.3043936092295860e+00 1.0107361323549329e+00
2.0527910017510692e-01 5.2883705607039122e+00 1.0093645004266341e+00
2.0637995176270857e-01 5.2727622059678803e+00 1.0078141773443168e+00
2.0747907464467100e-01 5.2574296023711513e+00 1.0064044418118061e+00
2.0857662340941871e-01 5.2421893420197385e+00 1.0042926846204532e+00
2.0967183439008372e-01 5.2266604067662801e+00 1.0043217693540325e+00
2.1076704471339058e-01 5.2106241534259539e+00 1.0060380031711973e+00
2.1186409704908279e-01 5.1942403965444450e+00 1.0065115854389339e+00
2.1296163970547119e-01 5.1774191082331997e+00 1.0095248571880115e+00
2.1406244535836869e-01 5.1602220886152921e+00 1.0116559249876595e+00
2.1516555552373534e-01 5.1433322261361445e+00 1.0114435680013991e+00
2.1626841892558882e-01 5.1269619562474871e+00 1.0104545846030786e+00
2.1737019297130233e-01 5.1111023609426391e+00 1.0090935923093425e+00
2.1847047611589854e-01 5.0956492455164826e+00 1.0075895745861811e+00
2.1956911630768550e-01 5.0804633355058986e+00 1.0062128249863673e+00
2.2066625608913945e-01 5.0653597390343910e+00 1.0041738082973168e+00
2.2176117705328258e-01 5.0499585181020699e+00 1.0042974281897377e+00
2.2285624096795811e-01 5.0340482217340394e+00 1.0061617380724330e+00
2.2395334961929092e-01 5.0177941782464872e+00 1.0064701741454711e+00
2.2505081037637256e-01 5.0010959396303347e+00 1.0094725168320147e+00
2.2615156473654219e-01 4.9840255927682664e+00 1.0115340829856780e+00
2.2725459102815954e-01 4.9672544567963257e+00 1.0113109741530844e+00
2.2835740219201997e-01 4.9509922547679137e+00 1.0103110501843955e+00
2.2945915535413075e-01 4.9352314421871277e+00 1.0089879166096445e+00
2.3055950227996713e-01 4.9198742041546728e+00 1.0074813810635304e+00
2.3165824722309653e-01 4.9047852863139765e+00 1.0061647936125606e+00
2.3275560165531481e-01 4.8897874734201414e+00 1.0041557720598542e+00
2.3385081474819655e-01 4.8745111070332463e+00 1.0042240122737605e+00
2.3494613229830147e-01 4.8587343050426766e+00 1.0056064341566353e+00
2.3604292555522180e-01 4.8426021732472222e+00 1.0066519892060080e+00
2.3714083092011284e-01 4.8260599134352846e+00 1.0091561354514602e+00
2.3824144253051238e-01 4.8091063324507770e+00 1.0114107402015571e+00
2.3934487440811208e-01 4.7924130310476940e+00 1.0112437909494423e+00
2.4044772406771373e-01 4.7762215906746972e+00 1.0102750002040595e+00
2.4154950383821475e-01 4.7605256973204515e+00 1.0089717671085268e+00
2.4264985312980042e-01 4.7452331526877334e+00 1.0074704462932806e+00
2.4374856002096626e-01 4.7302110699098447e+00 1.0062345966122201e+00
2.4484675528949496e-01 4.7152911208861701e+00 1.0042495407246395e+00
2.4594195139280062e-01 4.7001458184198235e+00 1.0040720474772922e+00
2.4703696077872131e-01 4.6845147936166924e+00 1.0046373245355240e+00
2.4813259742280944e-01 4.6684950972674306e+00 1.0071532612958300e+00
2.4923099250098493e-01 4.6521306732829668e+00 1.0085626887396000e+00
2.5033094300153397e-01 4.6352868717607008e+00 1.0112343865274758e+00
2.5143382914852713e-01 4.6186492475013310e+00 1.0112374725288702e+00
2.5253674383295144e-01 4.6024914796645922e+00 1.0103360040186762e+00
2.5363870350482115e-01 4.5868283965556778e+00 1.0090618504347457e+00
2.5473930446638687e-01 4.5715755084198682e+00 1.0075654168212780e+00
2.5583830696181353e-01 4.5566009300797088e+00 1.0063475579096122e+00
2.5693601754036643e-01 4.5417620691754594e+00 1.0044786979113960e+00
2.5803172864441415e-01 4.5267404014655890e+00 1.0038317938329744e+00
2.5912677524583627e-01 4.5112583070618726e+00 1.0038777893900468e+00
2.6022191457908156e-01 4.4953370144119278e+00 1.0079896984467367e+00
2.6132158386150323e-01 4.4791487317944441e+00 1.0077109108012410e+00
2.6242099530744578e-01 4.4624090251178359e+00 1.0109820118472701e+00
2.6352402401879094e-01 4.4457806163926232e+00 1.0112748301344117e+00
2.6462735508872198e-01 4.4296108980698765e+00 1.0104437063342582e+00
2.6572976198242487e-01 4.4139422716150998e+00 1.0092231623473085e+00
2.6683082467482011e-01 4.3987010995825084e+00 1.0077453825185385e+00
2.6793026516989571e-01 4.3837583442914996e+00 1.0065224968536306e+00
2.6902868755191867e-01 4.3689731779680532e+00 1.0048115642531168e+00
2.7012491252751752e-01 4.3540783167023029e+00 1.0036544584696392e+00
2.7121986979644291e-01 4.3387511593224186e+00 1.0043410286713401e+00
2.7231557149300534e-01 4.3229325953533415e+00 1.0085204398419867e+00
2.7341582910358614e-01 4.3069081635084396e+00 1.0067480858429483e+00
2.7451415075321461e-01 4.2903012379187979e+00 1.0105828120629163e+00
2.7561665497257393e-01 4.2736693971539319e+00 1.0112751947094956e+00
2.7671991503272014e-01 4.2574604755073668e+00 1.0106084142166414e+00
2.7782244946249146e-01 4.2417555606396329e+00 1.0094459949953416e+00
2.7892371877313060e-01 4.2264994439546015e+00 1.0080462988975425e+00
2.8002346524664296e-01 4.2115697633736238e+00 1.0067071343579035e+00
2.8112175609159451e-01 4.1968306089937171e+00 1.0052469385010179e+00
2.8221846058777272e-01 4.1820574395575720e+00 1.0036106282938135e+00
2.8331338810395823e-01 4.1668999421958475e+00 1.0039581072761670e+00
2.8440870456055761e-01 4.1512383901800360e+00 1.0074810720483383e+00
2.8550787606655120e-01 4.1353331315489807e+00 1.0061323346015412e+00
2.8660704742270476e-01 4.1188774905643628e+00 1.0099083284528612e+00
2.8770889496711999e-01 4.1022386949013194e+00 1.0112566801809386e+00
2.8881223013317114e-01 4.0859605471514513e+00 1.0107968355054546e+00
2.8991508200563948e-01 4.0701835662074135e+00 1.0097212082004390e+00
2.9101678076693765e-01 4.0548775664781589e+00 1.0083837630620862e+00
2.9211704297522245e-01 4.0399324345582954e+00 1.0069576390160977e+00
2.9321577428022338e-01 4.0252099823155696e+00 1.0057072723700822e+00
2.9431316902270938e-01 4.0105335461453500e+00 1.0038254088242642e+00
2.9540854083436263e-01 3.9955499225716671e+00 1.0040378589585530e+00
2.9650417744621821e-01 3.9800636037765980e+00 1.0054355194411748e+00
2.9760134420854917e-01 3.9642323816758172e+00 1.0065908166363022e+00
2.9869974229178226e-01 3.9480194771876671e+00 1.0088329796058915e+00
2.9980055890896196e-01 3.9314015729789662e+00 1.0110957220694194e+00
3.0090381784779502e-01 3.9150369892185926e+00 1.0109728052174289e+00
3.0200691760303844e-01 3.8991580079192252e+00 1.0100304959444961e+00
3.0310896610491544e-01 3.8837685743848067e+00 1.0087599092126394e+00
3.0420960747300374e-01 3.8687776867665145e+00 1.0072816813449075e+00
3.0530861765072492e-01 3.8540489134346365e+00 1.0061116134656793e+00
3.0640633536462614e-01 3.8394356643429863e+00 1.0042980325259228e+00
3.0750206110803024e-01 3.8246225135801524e+00 1.0036680643963551e+00
3.0859708891363569e-01 3.8093347042219636e+00 1.0037161065944362e+00
3.0969216121908205e-01 3.7935958265823819e+00 1.0080512463411755e+00
3.1079195805858495e-01 3.7776079578946589e+00 1.0073711616424035e+00
3.1189101054275020e-01 3.7610711448900265e+00 1.0107583496506929e+00
3.1299375898613463e-01 3.7446190103101635e+00 1.0111360178525559e+00
3.1409772295175220e-01 3.7286048572493207e+00 1.0103573851857917e+00
3.1520004376313948e-01 3.7131032398279444e+00 1.0091584219541465e+00
3.1630106592702817e-01 3.6980360774945047e+00 1.0077162709759042e+00
3.1740052717482770e-01 3.6832751151964112e+00 1.0064555723947159e+00
3.1849862859568917e-01 3.6686825696623151e+00 1.0049214726493996e+00
3.1959507508521229e-01 3.6540107012532550e+00 1.0034815352093709e+00
3.2068997259046478e-01 3.6389204629445153e+00 1.0036672109512730e+00
3.2178509804051286e-01 3.6233210021343236e+00 1.0080315964682902e+00
3.2288501434650280e-01 3.6074848027213426e+00 1.0061811055441368e+00
3.2398294370693714e-01 3.5910976671391905e+00 1.0100603766385370e+00
3.2508514187595944e-01 3.5745728591153836e+00 1.0111706133742011e+00
3.2618859116325605e-01 3.5584304922217189e+00 1.0106582786096721e+00
3.2729149058482998e-01 3.5427904318440882e+00 1.0095638524211861e+00
3.2839316608818947e-01 3.5276166678995708e+00 1.0082138590233698e+00
3.2949334159152932e-01 3.5127961036837569e+00 1.0068014755406152e+00
3.3059195192959889e-01 3.4981895871761566e+00 1.0055425460187482e+00
3.3168916753887356e-01 3.4836148909605340e+00 1.0037073154180716e+00
3.3278436262081607e-01 3.4687175644046193e+00 1.0039823979805509e+00
3.3387984291146949e-01 3.4533093207750447e+00 1.0055619500311512e+00
3.3497703478396068e-01 3.4375561424390519e+00 1.0064967283264008e+00
3.3607523771515291e-01 3.4214063832381050e+00 1.0088297100927495e+00
3.3717598040718044e-01 3.4048653415422034e+00 1.0110445446509093e+00
3.3827913708279000e-01 3.3885852458553400e+00 1.0109217139771749e+00
3.3938216022364187e-01 3.3727914791257674e+00 1.0099824601996947e+00
3.4048416209342830e-01 3.3574873528263449e+00 1.0087014667028380e+00
3.4158477284037814e-01 3.3425825540306988e+00 1.0072349855624525e+00
3.4268379304830238e-01 3.3279391213522689e+00 1.0060604506763395e+00
3.4378154408963318e-01 3.3134111675701265e+00 1.0042755928857359e+00
3.4487736251489604e-01 3.2986885231489969e+00 1.0035685805653123e+00
3.4597242635541392e-01 3.2834884262886108e+00 1.0040057482241336e+00
3.4706798558193536e-01 3.2678103047771589e+00 1.0081610727333361e+00
3.4816809919070413e-01 3.2518957083273059e+00 1.0071569255358672e+00
3.4926713939105541e-01 3.2354188192038316e+00 1.0106415785739240e+00
3.5037000685041642e-01 3.2190057210971470e+00 1.0111059147625379e+00
3.5147340811336980e-01 3.2030370392758005e+00 1.0103907059949977e+00
3.5257605812791432e-01 3.1875722380262328e+00 1.0091989214707153e+00
3.5367743864472512e-01 3.1725496141290574e+00 1.0077716573250544e+00
3.5477729428563048e-01 3.1578414992199999e+00 1.0064709793033337e+00
3.5587576485277028e-01 3.1433079885683242e+00 1.0050058915852014e+00
3.5697265057659777e-01 3.1287161926027238e+00 1.0034504473991852e+00
3.5806781618628675e-01 3.1137178400124923e+00 1.0037981940503511e+00
3.5916334188422366e-01 3.0981979296390949e+00 1.0074402983736301e+00
3.6026282396124831e-01 3.0824206295175509e+00 1.0060574419522830e+00
3.6136077987911835e-01 3.0661098076443740e+00 1.0097976448653081e+00
3.6246280248013912e-01 3.0495975141054328e+00 1.0111430835841286e+00
3.6356628002163838e-01 3.0334483041140317e+00 1.0107357386667819e+00
3.6466930148728360e-01 3.0178035858396708e+00 1.0096712591010162e+00
3.6577115156383511e-01 3.0026369812343643e+00 1.0083441802781712e+00
3.6687154547068812e-01 2.9878399791025063e+00 1.0068876836446385e+00
3.6797034371093512e-01 2.9732702215543618e+00 1.0056729443185062e+00
3.6906781170528108e-01 2.9587580597907706e+00 1.0038311730747278e+00
3.7016326675195799e-01 2.9439540742876620e+00 1.0038245268660893e+00
3.7125871318094816e-01 2.9286382847815351e+00 1.0045488540724627e+00
3.7235495072076502e-01 2.9129256054052952e+00 1.0070011056494339e+00
3.7345386670870384e-01 2.8968650030979681e+00 1.0083067581900593e+00
3.7455421137284411e-01 2.8803348212576747e+00 1.0109430532763768e+00
3.7565743863870210e-01 2.8640106154761664e+00 1.0110194470258280e+00
3.7676075691035060e-01 2.8481655730345721e+00 1.0101332881404952e+00
3.7786311773539299e-01 2.8328228116833243e+00 1.0088856558170507e+00
3.7896412857604045e-01 2.8179016071983982e+00 1.0074072133663732e+00
3.8006353950313276e-01 2.8032639826295043e+00 1.0061978054888208e+00
3.8116164614936121e-01 2.7887652693386857e+00 1.0045025960161005e+00
3.8225792044434626e-01 2.7741194856467200e+00 1.0034421665506557e+00
3.8335305735893416e-01 2.7590095043139615e+00 1.0032335129515424e+00
3.8444798894649429e-01 2.7433935591109613e+00 1.0084495104722189e+00
3.8554863852213928e-01 2.7275297309702164e+00 1.0066039337194344e+00
3.8664730167223149e-01 2.7110832362178314e+00 1.0103918448254641e+00
3.8775012962671063e-01 2.6946052788185275e+00 1.0111487581344392e+00
3.8885380014339060e-01 2.6785497515683558e+00 1.0105352991709569e+00
3.8995677431301790e-01 2.6630060926817412e+00 1.0093986123237277e+00
3.9105848275284155e-01 2.6479277485980037e+00 1.0080094448337400e+00
3.9215865173038045e-01 2.6331931570333666e+00 1.0066274035533618e+00
3.9325729101751822e-01 2.6186576541277193e+00 1.0052766237891260e+00
3.9435443680347176e-01 2.6041134801372663e+00 1.0035164243766408e+00
3.9544964430725993e-01 2.5891987874964348e+00 1.0039562870482830e+00
3.9654531662665421e-01 2.5737517228069073e+00 1.0067642747193024e+00
3.9764404023062289e-01 2.5579818680315278e+00 1.0061586226369625e+00
3.9874209183390952e-01 2.5417406974675534e+00 1.0093167323752499e+00
3.9984358124060426e-01 2.5251766779744367e+00 1.0003420353424644e+00
3.9999860914722724e-01 2.5228565124624311e+00 1
