0.0000000000000000e+00 -7.7429641569835068e+00
6.9282034227255802e-03 -7.8698047900316164e+00
1.2691575847387979e-02 -7.9186301955374372e+00
1.7810517629683380e-02 -7.9450593927900997e+00
2.2547811509582391e-02 -7.9703564330759926e+00
2.7106614540922107e-02 -8.0211351287499699e+00
3.1577670478149522e-02 -8.0587821315002870e+00
3.5990386405625026e-02 -8.0947749707740879e+00
4.0316293407555243e-02 -8.1386775862746319e+00
4.4599349394717228e-02 -8.1860479484323427e+00
4.8864198786800178e-02 -8.2164149321659679e+00
5.3095929893154467e-02 -8.2568755552563236e+00
5.7302619493930458e-02 -8.2870342831443136e+00
6.1500272360332432e-02 -8.3239766921133462e+00
6.5683510980906412e-02 -8.3608529180301296e+00
6.9849904317599354e-02 -8.3924929794806413e+00
7.4012406287605428e-02 -8.4342964106503118e+00
7.8162851008343623e-02 -8.4669851069874476e+00
8.2303395764478371e-02 -8.5094890499008145e+00
8.6444183188530990e-02 -8.5458212259232162e+00
9.0572508101742236e-02 -8.5851140924265845e+00
9.4696361057878292e-02 -8.6246139216381295e+00
9.8817711363365396e-02 -8.6603843768854674e+00
1.0293156956112388e-01 -8.7048122744087166e+00
1.0704508269524297e-01 -8.7428850051748892e+00
1.1115267703848088e-01 -8.7906570133738722e+00
1.1525723568443098e-01 -8.8291305202655472e+00
1.1936127147048972e-01 -8.8723569706292764e+00
1.2345951456959037e-01 -8.9126605036740596e+00
1.2755733756588461e-01 -8.9525452396037526e+00
1.3165196374723492e-01 -8.9976505442365191e+00
1.3574370153421050e-01 -9.0354637874156047e+00
1.3983682483529941e-01 -9.0818836872351234e+00
1.4392446817724378e-01 -9.1205580465695402e+00
1.4801158882859683e-01 -9.1634351914075420e+00
1.5209731972019680e-01 -9.2053200760797989e+00
1.5617998212614922e-01 -9.2446320464163456e+00
1.6026408062663675e-01 -9.2882704109701262e+00
1.6434437535013530e-01 -9.3267477883103318e+00
1.6842371427521474e-01 -9.3682961384898231e+00
1.7250313501716344e-01 -9.4085054169962028e+00
1.7657961649285855e-01 -9.4469590801026886e+00
1.8065697390102431e-01 -9.4886647840442855e+00
1.8473207803583980e-01 -9.5253724110706184e+00
1.8880610667684566e-01 -9.5666494845325598e+00
1.9288089372502129e-01 -9.6052305965077309e+00
1.9695301708931073e-01 -9.6431721198757536e+00
2.0102558188415923e-01 -9.6841532483978376e+00
2.0509673113562155e-01 -9.7193835088252065e+00
2.0916688086554919e-01 -9.7606419479304058e+00
2.1323797262629671e-01 -9.7971942102030525e+00
2.1730675637041283e-01 -9.8354766964776168e+00
2.2137578125444260e-01 -9.8745263948908182e+00
2.2544398426292328e-01 -9.9100115523749146e+00
2.2951128635657708e-01 -9.9508564630176597e+00
2.3357964476444559e-01 -9.9860667223105857e+00
2.3764599078912263e-01 -1.0024935219445537e+01
2.4171240838038133e-01 -1.0062440578696656e+01
2.4577838145041586e-01 -1.0098584546701453e+01
2.4984350071146696e-01 -1.0138279032314545e+01
2.5390944975801566e-01 -1.0173586914204083e+01
2.5797383810042185e-01 -1.0212032635453406e+01
2.6203813268615794e-01 -1.0248297958009326e+01
2.6610247048273838e-01 -1.0284705338005372e+01
2.7016588139352382e-01 -1.0323237250242634e+01
2.7422970917297862e-01 -1.0359040042429530e+01
2.7829277666749735e-01 -1.0396806576895887e+01
2.8235551829400429e-01 -1.0433197818943981e+01
2.8641869402243575e-01 -1.0469231719051727e+01
2.9048083305260153e-01 -1.0506878266940607e+01
2.9454296125312646e-01 -1.0542942814542720e+01
2.9860506977198470e-01 -1.0579895842610163e+01
3.0266652718705117e-01 -1.0616355460766188e+01
3.0672820539607332e-01 -1.0651734136845365e+01
3.1078951481601813e-01 -1.0689519492045866e+01
3.1485034545898816e-01 -1.0725634805851792e+01
3.1891157216504828e-01 -1.0761696422615509e+01
3.2297205334894913e-01 -1.0798154301910543e+01
3.2703219808020056e-01 -1.0832732603005393e+01
3.3109268662019414e-01 -1.0870624333958324e+01
3.3515234151885315e-01 -1.0906383494108816e+01
3.3921179592631295e-01 -1.0942352424146948e+01
3.4327147365558974e-01 -1.0978693730745904e+01
3.4733037531928052e-01 -1.1012247785033843e+01
3.5138916283496879e-01 -1.1049904718853670e+01
3.5544803003663161e-01 -1.1084786279047592e+01
3.5950611795261023e-01 -1.1120995666329884e+01
3.6356405030545053e-01 -1.1156772246632547e+01
3.6762204035293056e-01 -1.1189865110498438e+01
3.7167944091127098e-01 -1.1226843824378186e+01
3.7573677323186699e-01 -1.1260763337847742e+01
3.7979394240701220e-01 -1.1296578804697225e+01
3.8385064171193423e-01 -1.1331654085056737e+01
3.8790764462303479e-01 -1.1364852909842083e+01
3.9196400951834209e-01 -1.1401075024002564e+01
3.9602004013389075e-01 -1.1434520725601159e+01
4.0000000000000002e-01 -1.1469068019070237e+01 
