0.0000000000000000e+00 -7.7429641569835166e+00
1.7320508556813951e-03 -7.7746743152455524e+00
3.1728939618469948e-03 -7.7868806666220047e+00
4.4526294074208449e-03 -7.7934879659351797e+00
5.6369528773955978e-03 -7.7998122260066456e+00
6.7766536352305267e-03 -7.8125068999251450e+00
7.8944176195373805e-03 -7.8219186506127185e+00
8.9975966014062565e-03 -7.8309168604311736e+00
1.0079073351888811e-02 -7.8418925143063118e+00
1.1149837348679307e-02 -7.8537351048457360e+00
1.2216049696700045e-02 -7.8613268507791476e+00
1.3273982473288617e-02 -7.8714420065517245e+00
1.4325654873482615e-02 -7.8789816885237274e+00
1.5375068090083108e-02 -7.8882172907659891e+00
1.6420877745226603e-02 -7.8974363472451721e+00
1.7462476079399838e-02 -7.9053463626078093e+00
1.8503101571901357e-02 -7.9157972204002229e+00
1.9540712752085906e-02 -7.9239693944845122e+00
2.0575848941119593e-02 -7.9345953802128637e+00
2.1611045797132748e-02 -7.9436784242184535e+00
2.2643127025435559e-02 -7.9535016408442942e+00
2.3674090264469573e-02 -7.9633765981471827e+00
2.4704427840841349e-02 -7.9723192119590118e+00
2.5732892390280971e-02 -7.9834261863398206e+00
2.6761270673810744e-02 -7.9929443690313642e+00
2.7788169259620219e-02 -8.0048873710811037e+00
2.8814308921107746e-02 -8.0145057478040371e+00
2.9840317867622430e-02 -8.0253123603949739e+00
3.0864878642397592e-02 -8.0353882436561577e+00
3.1889334391471152e-02 -8.0453594276385960e+00
3.2912990936808731e-02 -8.0566357537967832e+00
3.3935925383552626e-02 -8.0660890645915462e+00
3.4959206208824853e-02 -8.0776940395464223e+00
3.5981117044310944e-02 -8.0873626293800207e+00
3.7002897207149207e-02 -8.0980819155895354e+00
3.8024329930049200e-02 -8.1085531367576014e+00
3.9044995531537306e-02 -8.1183811293417261e+00
4.0066020156659186e-02 -8.1292907204801867e+00
4.1086093837533824e-02 -8.1389100648152120e+00
4.2105928568803686e-02 -8.1492971523600861e+00
4.3125783754290860e-02 -8.1593494719866850e+00
4.4144904123214639e-02 -8.1689628877632749e+00
4.5164243475256077e-02 -8.1793893137487075e+00
4.6183019508959949e-02 -8.1885662205053453e+00
4.7201526669211416e-02 -8.1988854888707543e+00
4.8220223431255323e-02 -8.2085307668645413e+00
4.9238254272327683e-02 -8.2180161477064857e+00
5.0256395471039807e-02 -8.2282614298370262e+00
5.1274182783905387e-02 -8.2370689949441012e+00
5.2291720216387297e-02 -8.2473836047206852e+00
5.3309493156574170e-02 -8.2565216702890183e+00
5.4326689092603193e-02 -8.2660922918578574e+00
5.5343945313610629e-02 -8.2758547164611080e+00
5.6360996065730813e-02 -8.2847260058316756e+00
5.7377821589144277e-02 -8.2949372334922593e+00
5.8394911191111364e-02 -8.3037397983156112e+00
5.9411497697280588e-02 -8.3134569225993467e+00
6.0428102095095221e-02 -8.3228332624120096e+00
6.1444595362603889e-02 -8.3318692544133022e+00
6.2460875177866679e-02 -8.3417928758168589e+00
6.3477362439503873e-02 -8.3506198462894421e+00
6.4493459525105462e-02 -8.3602312766018798e+00
6.5509533171539527e-02 -8.3692976072410143e+00
6.6525617620684582e-02 -8.3783994522399627e+00
6.7541470348380914e-02 -8.3880324302990967e+00
6.8557427293244599e-02 -8.3969831283456333e+00
6.9573194166874255e-02 -8.4064247619623274e+00
7.0588879573500948e-02 -8.4155225724747851e+00
7.1604673505608840e-02 -8.4245310475024464e+00
7.2620208263150285e-02 -8.4339426844755412e+00
7.3635740313281503e-02 -8.4429588213773030e+00
7.4651267442996092e-02 -8.4521970783959546e+00
7.5666631796762737e-02 -8.4613119829369925e+00
7.6682051349018288e-02 -8.4701566519595541e+00
7.7697378704004505e-02 -8.4796029907629293e+00
7.8712586364747011e-02 -8.4886318192181029e+00
7.9727893041262043e-02 -8.4976472234134874e+00
8.0743013337237268e-02 -8.5067616932422396e+00
8.1758049520050127e-02 -8.5154062685221525e+00
8.2773171655048494e-02 -8.5248792012680656e+00
8.3788085379713245e-02 -8.5338189913146678e+00
8.4802948981578197e-02 -8.5428112238342120e+00
8.5817868413897352e-02 -8.5518965504956270e+00
8.6832593829820018e-02 -8.5602850640800874e+00
8.7847290708742060e-02 -8.5696992975487074e+00
8.8862007509157639e-02 -8.5784196876128700e+00
8.9876529488152196e-02 -8.5874720344514657e+00
9.0891012576362187e-02 -8.5964161795470240e+00
9.1905510088232056e-02 -8.6046893955355301e+00
9.2919860227816994e-02 -8.6139340740296895e+00
9.3934193307965805e-02 -8.6224139524226011e+00
9.4948485601752231e-02 -8.6313678191595358e+00
9.5962660427982752e-02 -8.6401366392702919e+00
9.6976911155757864e-02 -8.6484363454861022e+00
9.7991002379584705e-02 -8.6574918740663449e+00
9.9005010033471882e-02 -8.6658532995530990e+00
1.0001917309051550e-01 -8.6746733716820223e+00
1.0103315829515429e-01 -8.6832579095617355e+00
1.0204713088907884e-01 -8.6913891711312701e+00
1.0306112555233726e-01 -8.7001922450509923e+00
1.0407500170559451e-01 -8.7082167569828339e+00
1.0508896161697857e-01 -8.7168805197098873e+00
1.0610281069355229e-01 -8.7251864760257192e+00
1.0711661302529936e-01 -8.7331912035618178e+00
1.0813051885494884e-01 -8.7417598265378764e+00
1.0914428300431665e-01 -8.7497144550272505e+00
1.1015809454514830e-01 -8.7581831822482261e+00
1.1117183709760035e-01 -8.7663417254382754e+00
1.1218552085512937e-01 -8.7742162467681322e+00
1.1319931637732701e-01 -8.7826455285569498e+00
1.1421296287862379e-01 -8.7905555152098938e+00
1.1522663855120081e-01 -8.7988715727274673e+00
1.1624033981780225e-01 -8.8069782319774994e+00
1.1725397478167736e-01 -8.8148137530265291e+00
1.1826770398544165e-01 -8.8230248276441525e+00
1.1928128735657155e-01 -8.8308314489386834e+00
1.2029488595119536e-01 -8.8389588159137187e+00
1.2130855263611301e-01 -8.8469927429289061e+00
1.2232213402479804e-01 -8.8547931932814858e+00
1.2333579287815413e-01 -8.8628420482817205e+00
1.2434937972950552e-01 -8.8706354579713693e+00
1.2536293834874751e-01 -8.8785553135190387e+00
1.2637660949677268e-01 -8.8865698190022133e+00
1.2739016973260156e-01 -8.8943278464362052e+00
1.2840375137784363e-01 -8.9022095138175317e+00
1.2941733985394072e-01 -8.9099799287334811e+00
1.3043087768891035e-01 -8.9177432626617978e+00
1.3144447899597894e-01 -8.9257306817046729e+00
1.3245798926480112e-01 -8.9334352523573539e+00
1.3347149171697809e-01 -8.9411514623504385e+00
1.3448506839733357e-01 -8.9489011300508885e+00
1.3549856267290469e-01 -8.9565229556236261e+00
1.3651207319279643e-01 -8.9644618256454702e+00
1.3752558345614660e-01 -8.9721194168964811e+00
1.3853904646155499e-01 -8.9796761706058703e+00
1.3955255523707796e-01 -8.9874149553004834e+00
1.4056602320864056e-01 -8.9949167890563810e+00
1.4157946920241360e-01 -9.0028363331475241e+00
1.4259297868979628e-01 -9.0104040015954521e+00
1.4360641666850896e-01 -9.0178180074621004e+00
1.4461985397768107e-01 -9.0255610310326695e+00
1.4563333973881309e-01 -9.0329771344483092e+00
1.4664676172199040e-01 -9.0408582914963702e+00
1.4766019169462946e-01 -9.0484143820084686e+00
1.4867366026947196e-01 -9.0557370055867086e+00
1.4968708187999830e-01 -9.0634739678913334e+00
1.5070051695715214e-01 -9.0708089121451199e+00
1.5171394967871288e-01 -9.0786343065624422e+00
1.5272734575849137e-01 -9.0861602137030939e+00
1.5374075370799720e-01 -9.0933762802139793e+00
1.5475418563533719e-01 -9.1010983935489715e+00
1.5576758552028150e-01 -9.1083799899970934e+00
1.5678099052308608e-01 -9.1161420879236257e+00
1.5779437870304261e-01 -9.1236742529632497e+00
1.5880773805959336e-01 -9.1308178781824232e+00
1.5982111058661011e-01 -9.1385347636535901e+00
1.6083447913010135e-01 -9.1457906552661132e+00
1.6184781293909370e-01 -9.1534809501732273e+00
1.6286115946998314e-01 -9.1609900750323376e+00
1.6387451262234273e-01 -9.1680541067030514e+00
1.6488782891938544e-01 -9.1757495799494428e+00
1.6590116288127232e-01 -9.1829727062540698e+00
1.6691447155512551e-01 -9.1905787609868383e+00
1.6792775551899491e-01 -9.1980890462479543e+00
1.6894106662911718e-01 -9.2050724296187827e+00
1.6995433959265027e-01 -9.2127125662235461e+00
1.7096759765110925e-01 -9.2199118908238429e+00
1.7198089491931018e-01 -9.2272556126027734e+00
1.7299412556785840e-01 -9.2347820416560271e+00
1.7400735170135673e-01 -9.2418275808837809e+00
1.7502061625541296e-01 -9.2495226807026238e+00
1.7603382970471998e-01 -9.2567859991912727e+00
1.7704705416596167e-01 -9.2641352493420310e+00
1.7806025679295204e-01 -9.2717433711774113e+00
1.7907342056607539e-01 -9.2787937580281881e+00
1.8008660747492314e-01 -9.2866257267973591e+00
1.8109979384774771e-01 -9.2939383249015464e+00
1.8211295139658548e-01 -9.3012648398727649e+00
1.8312614846176858e-01 -9.3089653878136520e+00
1.8413928157632070e-01 -9.3160546701847622e+00
1.8515240055808085e-01 -9.3238870994791938e+00
1.8616557718514684e-01 -9.3312752523507427e+00
1.8717869128538447e-01 -9.3385836077604409e+00
1.8819180724790746e-01 -9.3463284088708320e+00
1.8920494897456611e-01 -9.3534529064072451e+00
1.9021804232822540e-01 -9.3612726788516767e+00
1.9123115688041711e-01 -9.3687359795454892e+00
1.9224425584917773e-01 -9.3760057732443691e+00
1.9325732598579454e-01 -9.3837873083124990e+00
1.9427043481541248e-01 -9.3909327741637689e+00
1.9528351694562798e-01 -9.3987088346834042e+00
1.9629658652652077e-01 -9.4062308853938674e+00
1.9730969392787484e-01 -9.4134507529875258e+00
1.9832276042140667e-01 -9.4212406978503882e+00
1.9933583160773299e-01 -9.4284135858142992e+00
2.0034891444259764e-01 -9.4361070546656745e+00
2.0136195455040570e-01 -9.4436917580269686e+00
2.0237501229142477e-01 -9.4508408091136129e+00
2.0338809177100664e-01 -9.4585834399806537e+00
2.0440114591817374e-01 -9.4657537389489281e+00
2.0541421529456552e-01 -9.4733567010467379e+00
2.0642726241264420e-01 -9.4809704046318384e+00
2.0744029887962845e-01 -9.4880753792062116e+00
2.0845335370133661e-01 -9.4957754719912746e+00
2.0946640013434506e-01 -9.5029604612971124e+00
2.1047944564389975e-01 -9.5104683304207249e+00
2.1149250556678395e-01 -9.5180942241506994e+00
2.1250553441751022e-01 -9.5251767435193830e+00
2.1351856655010873e-01 -9.5327982643270328e+00
2.1453161667716819e-01 -9.5399896076234274e+00
2.1554464527521836e-01 -9.5472615545751083e+00
2.1655767967217598e-01 -9.5548864309675281e+00
2.1757070701505216e-01 -9.5620281200022585e+00
2.1858372552188729e-01 -9.5697092621181312e+00
2.1959674747455898e-01 -9.5769445304364034e+00
2.2060977910054796e-01 -9.5841839835517497e+00
2.2162280076900429e-01 -9.5918442250159952e+00
2.2263581001688021e-01 -9.5990222019675233e+00
2.2364883009663117e-01 -9.6066800489470889e+00
2.2466183650498309e-01 -9.6139965315731519e+00
2.2567484207108676e-01 -9.6212282794978865e+00
2.2668786311916328e-01 -9.6289104600953550e+00
2.2770082366760622e-01 -9.6361193103241742e+00
2.2871382292834841e-01 -9.6437392804222810e+00
2.2972683439417485e-01 -9.6511126382922523e+00
2.3073985101560046e-01 -9.6583213128527987e+00
2.3175285589796041e-01 -9.6659739547020020e+00
2.3276577951546515e-01 -9.6731954070700716e+00
2.3377878579982342e-01 -9.6807500882883151e+00
2.3479178100511042e-01 -9.6881781779716167e+00
2.3580469717458538e-01 -9.6953814928810260e+00
2.3681769672154121e-01 -9.7029787770002667e+00
2.3783058225789205e-01 -9.7101834111690390e+00
2.3884358930667396e-01 -9.7176605206981215e+00
2.3985657166523594e-01 -9.7250918082478357e+00
2.4086942969120553e-01 -9.7322756316409595e+00
2.4188243089787231e-01 -9.7397992827194155e+00
2.4289529104128393e-01 -9.7469966812864719e+00
2.4390826459624637e-01 -9.7543933339853037e+00
2.4492125201105905e-01 -9.7618066634964453e+00
2.4593406572256582e-01 -9.7690154058487764e+00
2.4694703853390157e-01 -9.7764450419044326e+00
2.4795989520909603e-01 -9.7836169974161393e+00
2.4897279340364931e-01 -9.7908109368005150e+00
2.4998576120935784e-01 -9.7981871336916306e+00
2.5099852247727711e-01 -9.8053526881550415e+00
2.5201146762257232e-01 -9.8128227738977216e+00
2.5302430980365553e-01 -9.8199891912520645e+00
2.5403714242179110e-01 -9.8271594805737585e+00
2.5505008312605665e-01 -9.8345181603262990e+00
2.5606281176890522e-01 -9.8416902729500428e+00
2.5707576092707551e-01 -9.8491295878580498e+00
2.5808859810185175e-01 -9.8563140824200453e+00
2.5910136540308137e-01 -9.8634876902646589e+00
2.6011429588071261e-01 -9.8708289807423100e+00
2.6112700113544174e-01 -9.8780109472146655e+00
2.6213991355042132e-01 -9.8854089003555394e+00
2.6315277341250370e-01 -9.8926045773797728e+00
2.6416545362331972e-01 -9.8997648622568217e+00
2.6517837867434529e-01 -9.9070731934381069e+00
2.6619107116770474e-01 -9.9142531352596084e+00
2.6720389514156562e-01 -9.9216007536361861e+00
2.6821678670021593e-01 -9.9287721486955558e+00
2.6922942531662769e-01 -9.9359638748557391e+00
2.7024234294039817e-01 -9.9432226549352727e+00
2.7125503183625244e-01 -9.9503788455383990e+00
2.7226778021097414e-01 -9.9576779444332804e+00
2.7328068955134099e-01 -9.9648027954798799e+00
2.7429329795669788e-01 -9.9719684870962322e+00
2.7530620868817762e-01 -9.9792480298991570e+00
2.7631891100259143e-01 -9.9863776126008723e+00
2.7733157807482667e-01 -9.9935256438647304e+00
2.7834448860576277e-01 -1.0000582330431261e+01
2.7935705050411697e-01 -1.0007682865326904e+01
2.8036987830569454e-01 -1.0014909425053906e+01
2.8138257635463509e-01 -1.0022011435567268e+01
2.8239517864126107e-01 -1.0029137973505421e+01
2.8340806990347889e-01 -1.0036167851041350e+01
2.8442061171295580e-01 -1.0043281406670550e+01
2.8543335086880711e-01 -1.0050497424476973e+01
2.8644606913337944e-01 -1.0057576174254448e+01
2.8745861476607171e-01 -1.0064697171398223e+01
2.8847150662240412e-01 -1.0071716489369697e+01
2.8948404749092266e-01 -1.0078845624822366e+01
2.9049670663059540e-01 -1.0086057836290570e+01
2.9150946798468574e-01 -1.0093098678270627e+01
2.9252197877635139e-01 -1.0100246305578223e+01
2.9353485582305944e-01 -1.0107244164296274e+01
2.9454741085827568e-01 -1.0114369832991114e+01
2.9555999147517814e-01 -1.0121577354634374e+01
2.9657279727444164e-01 -1.0128561039723305e+01
2.9758527697930287e-01 -1.0135692736228005e+01
2.9859804274639712e-01 -1.0142733604020126e+01
2.9961061683918494e-01 -1.0149814616252824e+01
3.0062314464072803e-01 -1.0156908580289890e+01
3.0163597223262628e-01 -1.0163810432896955e+01
3.0264842272163173e-01 -1.0170888001567835e+01
3.0366110542816194e-01 -1.0177895501208051e+01
3.0467369749655843e-01 -1.0184946049818709e+01
3.0568618159607347e-01 -1.0192033470407440e+01
3.0669905802698011e-01 -1.0198884407225739e+01
3.0771149518018409e-01 -1.0205966177758381e+01
3.0872409684470481e-01 -1.0212990280208858e+01
3.0973672050438056e-01 -1.0220005579398549e+01
3.1074916270404318e-01 -1.0227081352816466e+01
3.1176199624854978e-01 -1.0233904919980617e+01
3.1277443717952791e-01 -1.0240993743409698e+01
3.1378696509927317e-01 -1.0248053256848246e+01
3.1479963626523794e-01 -1.0255035828183800e+01
3.1581205176153754e-01 -1.0262170812945424e+01
3.1682479398218200e-01 -1.0268981421345567e+01
3.1783725007828473e-01 -1.0276063728376039e+01
3.1884971185075650e-01 -1.0283062658553032e+01
3.1986239859653565e-01 -1.0289981298389288e+01
3.2087477537296888e-01 -1.0297079322781345e+01
3.2188742369718804e-01 -1.0303904079115084e+01
3.2289989013431136e-01 -1.0310952330291380e+01
3.2391230387959918e-01 -1.0317959317438884e+01
3.2492503348884227e-01 -1.0324809757012634e+01
3.2593739413064649e-01 -1.0331903782076918e+01
3.2694996070726129e-01 -1.0338740289015888e+01
3.2796245162640164e-01 -1.0345754978683317e+01
3.2897482513464088e-01 -1.0352770688583309e+01
3.2998761413562272e-01 -1.0359572719119456e+01
3.3099997211751581e-01 -1.0366665581448402e+01
3.3201246401610862e-01 -1.0373535645145168e+01
3.3302499579625944e-01 -1.0380522484305605e+01
3.3403734259854678e-01 -1.0387564444269245e+01
3.3505004281826073e-01 -1.0394330313553921e+01
3.3606240813529165e-01 -1.0401425333967762e+01
3.3707482898427094e-01 -1.0408338343989280e+01
3.3808740848395352e-01 -1.0415291757786894e+01
3.3909972907447983e-01 -1.0422409530959412e+01
3.4011234053020484e-01 -1.0429143525270909e+01
3.4112472678165157e-01 -1.0436204585208483e+01
3.4213709805076153e-01 -1.0443065961792112e+01
3.4314970983804971e-01 -1.0449955478115381e+01
3.4416201262604529e-01 -1.0457053252435475e+01
3.4517454899669586e-01 -1.0463778743756704e+01
3.4618694625606394e-01 -1.0470797349200863e+01
3.4719927442089826e-01 -1.0477681957480680e+01
3.4821193617511570e-01 -1.0484511181552218e+01
3.4922423408401099e-01 -1.0491610201419727e+01
3.5023670078723856e-01 -1.0498331876928690e+01
3.5124912117268248e-01 -1.0505318615891376e+01
3.5226141092620689e-01 -1.0512248274062431e+01
3.5327408524475845e-01 -1.0519033441411917e+01
3.5428638389609546e-01 -1.0526133481028058e+01
3.5529878337316034e-01 -1.0532872694548763e+01
3.5631124238345346e-01 -1.0539832118447682e+01
3.5732350800643503e-01 -1.0546811774032328e+01
3.5833608440959730e-01 -1.0553566128945473e+01
3.5934839645526578e-01 -1.0560650654142711e+01
3.6036074035476501e-01 -1.0567399963659931e+01
3.6137324849158831e-01 -1.0574322895414012e+01
3.6238550102126788e-01 -1.0581373980633421e+01
3.6339800787037824e-01 -1.0588095698991685e+01
3.6441033905130232e-01 -1.0595151546602594e+01
3.6542263929531704e-01 -1.0601890337531190e+01
3.6643518385060481e-01 -1.0608760198640221e+01
3.6744742035747130e-01 -1.0615822387419822e+01
3.6845985528248520e-01 -1.0622518965351867e+01
3.6947220177273260e-01 -1.0629526917893983e+01
3.7048446253321393e-01 -1.0636309072508523e+01
3.7149705885142803e-01 -1.0643123623359434e+01
3.7250929321023346e-01 -1.0650195298726779e+01
3.7352166186074010e-01 -1.0656849853509966e+01
3.7453403692706433e-01 -1.0663813102108220e+01
3.7554626873558761e-01 -1.0670638383500409e+01
3.7655884091151415e-01 -1.0677425046744984e+01
3.7757108739043421e-01 -1.0684500301959700e+01
3.7858340614470787e-01 -1.0691148143575854e+01
3.7959581544119952e-01 -1.0698076049038530e+01
3.8060802590782533e-01 -1.0704957028465943e+01
3.8162051229927901e-01 -1.0711717340124512e+01
3.8263277599618817e-01 -1.0718787108498351e+01
3.8364504956624346e-01 -1.0725450059253202e+01
3.8465750095913948e-01 -1.0732349552875283e+01
3.8566969801006817e-01 -1.0739318041413723e+01
3.8668211903546390e-01 -1.0746071428629934e+01
3.8769440192057497e-01 -1.0753117350986544e+01
3.8870664175851799e-01 -1.0759774195596679e+01
3.8971912432029959e-01 -1.0766638754661901e+01
3.9073130525254357e-01 -1.0773617957819239e+01
3.9174365959819951e-01 -1.0780305635187030e+01
3.9275596428499832e-01 -1.0787300624973525e+01
3.9376817384729279e-01 -1.0793978297342221e+01
3.9478070807100479e-01 -1.0800806638513658e+01
3.9579289102752557e-01 -1.0807806703897294e+01
3.9680518530634223e-01 -1.0814474514011602e+01
3.9781751485955974e-01 -1.0821437011144074e+01
3.9882969698311860e-01 -1.0828154937630591e+01
3.9984219026604495e-01 -1.0834957714803521e+01
4.0000000000000002e-01 -1.0836070935847470e+01 
