0.0000000000000000e+00 -7.7429641569835690e+00
3.4641017113627901e-03 -7.8063844735076211e+00
6.3457879236939897e-03 -7.8307971762605240e+00
8.9052588148416899e-03 -7.8440117748868534e+00
1.1273905754791196e-02 -7.8566602950297968e+00
1.3553307270461053e-02 -7.8820496428667841e+00
1.5788835239074761e-02 -7.9008731442419435e+00
1.7995193202812513e-02 -7.9188695638788369e+00
2.0158146703777621e-02 -7.9408208716291124e+00
2.2299674697358614e-02 -7.9645060527079776e+00
2.4432099393400089e-02 -7.9796895445747760e+00
2.6547964946577234e-02 -7.9999198561199618e+00
2.8651309746965229e-02 -8.0149992200639488e+00
3.0750136180166216e-02 -8.0334704245484652e+00
3.2841755490453206e-02 -8.0519085375068578e+00
3.4924952158799677e-02 -8.0677285682321092e+00
3.7006203143802714e-02 -8.0886302838169559e+00
3.9081425504171811e-02 -8.1049746319855167e+00
4.1151697882239185e-02 -8.1262266034421948e+00
4.3222091594265495e-02 -8.1443926914533922e+00
4.5286254050871118e-02 -8.1640391247050861e+00
4.7348180528939146e-02 -8.1837890393108488e+00
4.9408855681682698e-02 -8.2016742669345284e+00
5.1465784780561942e-02 -8.2238882156961406e+00
5.3522541347621487e-02 -8.2429245810792366e+00
5.5576338519240438e-02 -8.2668105851787157e+00
5.7628617842215492e-02 -8.2860473386245683e+00
5.9680635735244861e-02 -8.3076605638064329e+00
6.1729757284795184e-02 -8.3278123303288112e+00
6.3778668782942305e-02 -8.3477546982936772e+00
6.5825981873617462e-02 -8.3703073506100480e+00
6.7871850767105252e-02 -8.3892139721995918e+00
6.9918412417649706e-02 -8.4124239221093404e+00
7.1962234088621888e-02 -8.4317611017765515e+00
7.4005794414298415e-02 -8.4531996741955489e+00
7.6048659860098400e-02 -8.4741421165316773e+00
7.8089991063074612e-02 -8.4937981016999284e+00
8.0132040313318373e-02 -8.5156172839768427e+00
8.2172187675067648e-02 -8.5348559726469126e+00
8.4211857137607371e-02 -8.5556301477366592e+00
8.6251567508581720e-02 -8.5757347869898481e+00
8.8289808246429277e-02 -8.5949616185430404e+00
9.0328486950512155e-02 -8.6158144705139019e+00
9.2366039017919899e-02 -8.6341682840271492e+00
9.4403053338422832e-02 -8.6548068207579760e+00
9.6440446862510645e-02 -8.6740973767455340e+00
9.8476508544655367e-02 -8.6930681384294299e+00
1.0051279094207961e-01 -8.7135587026905359e+00
1.0254836556781077e-01 -8.7311738329046484e+00
1.0458344043277459e-01 -8.7518030524578290e+00
1.0661898631314834e-01 -8.7700791835944862e+00
1.0865337818520639e-01 -8.7892204267321556e+00
1.1068789062722126e-01 -8.8087452759386657e+00
1.1272199213146163e-01 -8.8264878546798009e+00
1.1475564317828855e-01 -8.8469103100009612e+00
1.1678982238222273e-01 -8.8645154396476649e+00
1.1882299539456118e-01 -8.8839496882151661e+00
1.2085620419019044e-01 -8.9027023678404777e+00
1.2288919072520778e-01 -8.9207743518430647e+00
1.2492175035573336e-01 -8.9406215946502083e+00
1.2695472487900775e-01 -8.9582755355953534e+00
1.2898691905021092e-01 -8.9774983962202040e+00
1.3101906634307905e-01 -8.9956310574984908e+00
1.3305123524136916e-01 -9.0138347474963947e+00
1.3508294069676183e-01 -9.0331007036146289e+00
1.3711485458648920e-01 -9.0510020997077323e+00
1.3914638833374851e-01 -9.0698853669411061e+00
1.4117775914700190e-01 -9.0880809879659772e+00
1.4320934701121768e-01 -9.1060979380213212e+00
1.4524041652630057e-01 -9.1249212119675054e+00
1.4727148062656301e-01 -9.1429534857710433e+00
1.4930253488599218e-01 -9.1614299998083446e+00
1.5133326359352547e-01 -9.1796598088904187e+00
1.5336410269803658e-01 -9.1973491469355277e+00
1.5539475740800901e-01 -9.2162418245422923e+00
1.5742517272949402e-01 -9.2342994814526129e+00
1.5945578608252409e-01 -9.2523302898433677e+00
1.6148602667447454e-01 -9.2705592295008383e+00
1.6351609904010025e-01 -9.2878483800606997e+00
1.6554634331009699e-01 -9.3067942455525081e+00
1.6757617075942649e-01 -9.3246738256456592e+00
1.6960589796315639e-01 -9.3426582906847422e+00
1.7163573682779470e-01 -9.3608289440075563e+00
1.7366518765964004e-01 -9.3776059711765178e+00
1.7569458141748412e-01 -9.3964344381137082e+00
1.7772401501831528e-01 -9.4138752182420458e+00
1.7975305897630439e-01 -9.4319799119192513e+00
1.8178202515272437e-01 -9.4498682021102400e+00
1.8381102017646411e-01 -9.4664146340873749e+00
1.8583972045563399e-01 -9.4849039910757877e+00
1.8786838661593161e-01 -9.5018637478615364e+00
1.8989697120350446e-01 -9.5197714813353542e+00
1.9192532085596550e-01 -9.5373091215569463e+00
1.9395382231151573e-01 -9.5539085339884320e+00
1.9598200475916941e-01 -9.5720195911490418e+00
1.9801002006694376e-01 -9.5887424421227028e+00
2.0003834618103100e-01 -9.6063825863806027e+00
2.0206631659030858e-01 -9.6235516621394535e+00
2.0409426177815768e-01 -9.6398141852786594e+00
2.0612225110467453e-01 -9.6574203331176580e+00
2.0815000341118903e-01 -9.6734693569811849e+00
2.1017792323395715e-01 -9.6907968824354640e+00
2.1220562138710458e-01 -9.7074087950674173e+00
2.1423322605059872e-01 -9.7234182501394262e+00
2.1626103770989769e-01 -9.7405554960912397e+00
2.1828856600863328e-01 -9.7564647530691122e+00
2.2031618909029654e-01 -9.7734022075112428e+00
2.2234367419520071e-01 -9.7897192938911513e+00
2.2437104171025879e-01 -9.8054683365509501e+00
2.2639863275465399e-01 -9.8223269001287878e+00
2.2842592575724746e-01 -9.8381468734347042e+00
2.3045327710240146e-01 -9.8547789884700929e+00
2.3248067963560434e-01 -9.8709923069707965e+00
2.3450794956335450e-01 -9.8866633490695239e+00
2.3653540797088321e-01 -9.9030854983061758e+00
2.3856257471314313e-01 -9.9186987408946763e+00
2.4058977190239084e-01 -9.9349534748445478e+00
2.4261710527222610e-01 -9.9510213288744271e+00
2.4464426804959619e-01 -9.9666222295795261e+00
2.4667158575630843e-01 -9.9827199395801856e+00
2.4869875945901115e-01 -9.9983067589597425e+00
2.5072587669749508e-01 -1.0014146470054914e+01
2.5275321899354536e-01 -1.0030175481020732e+01
2.5478033946520312e-01 -1.0045691535888517e+01
2.5680750275568726e-01 -1.0061454870651241e+01
2.5883467970788154e-01 -1.0076995700483495e+01
2.6086175537782086e-01 -1.0092522368340031e+01
2.6288895799195811e-01 -1.0108497206425747e+01
2.6491597852960252e-01 -1.0123906347731484e+01
2.6694298343395645e-01 -1.0139338767717561e+01
2.6897013679466747e-01 -1.0154838103118523e+01
2.7099712534580978e-01 -1.0170081754263970e+01
2.7302414638559336e-01 -1.0185959494307461e+01
2.7505116691229359e-01 -1.0201274676808922e+01
2.7707809292311036e-01 -1.0216388184226807e+01
2.7910511047415637e-01 -1.0231865753615432e+01
2.8113204641728151e-01 -1.0246869421127197e+01
2.8315893840482759e-01 -1.0262708509308746e+01
2.8518595737959296e-01 -1.0277843846204680e+01
2.8721283333701819e-01 -1.0292671857937933e+01
2.8923970795536230e-01 -1.0308157905079121e+01
2.9126667947762641e-01 -1.0322990111910242e+01
2.9329352344398102e-01 -1.0338752426006693e+01
2.9532038338925909e-01 -1.0353864607031046e+01
2.9734732053894425e-01 -1.0368509854187625e+01
2.9937416375999704e-01 -1.0383983778796830e+01
3.0140103391430478e-01 -1.0398653667304913e+01
3.0342789935742620e-01 -1.0414304456140016e+01
3.0545469151698318e-01 -1.0429356270421435e+01
3.0748150741599484e-01 -1.0443788403443536e+01
3.0950837127067476e-01 -1.0459232630113176e+01
3.1153517104056333e-01 -1.0473795823009752e+01
3.1356198104617244e-01 -1.0489320018862045e+01
3.1558875740608550e-01 -1.0504384348940762e+01
3.1761547611918700e-01 -1.0518671599379223e+01
3.1964222117322050e-01 -1.0534105370321475e+01
3.2166895826020298e-01 -1.0548617153546601e+01
3.2369562587818773e-01 -1.0563997743361806e+01
3.2572231893996667e-01 -1.0579015993080336e+01
3.2774902524468580e-01 -1.0593144056422016e+01
3.2977565783877116e-01 -1.0608535002914847e+01
3.3180232576254487e-01 -1.0622981255524351e+01
3.3382894311025130e-01 -1.0638193364989815e+01
3.3585551103799011e-01 -1.0653213935512326e+01
3.3788213325823457e-01 -1.0667180702254207e+01
3.3990867918530077e-01 -1.0682460975463991e+01
3.4193519530221872e-01 -1.0696859624664285e+01
3.4396178983862052e-01 -1.0711547068222314e+01
3.4598825113571696e-01 -1.0726599926328516e+01
3.4801470340271362e-01 -1.0740691004784068e+01
3.5004123251082603e-01 -1.0756081204421188e+01
3.5206765940944001e-01 -1.0770607841397895e+01
3.5409410833192329e-01 -1.0785306341698398e+01
3.5612051358590413e-01 -1.0800522585368682e+01
3.5814684113215089e-01 -1.0814623359070138e+01
3.6017321494984639e-01 -1.0830287296608788e+01
3.6219958769549554e-01 -1.0844912492817796e+01
3.6422590279317107e-01 -1.0859565522761125e+01
3.6625229692353722e-01 -1.0874966618642578e+01
3.6827856315264151e-01 -1.0889145183384233e+01
3.7030480111616182e-01 -1.0904810041972180e+01
3.7233115437029379e-01 -1.0919586347714651e+01
3.7435738257076911e-01 -1.0934203058533660e+01
3.7638361449581514e-01 -1.0949692660754424e+01
3.7840989794913232e-01 -1.0963941655827098e+01
3.8043608465645079e-01 -1.0979581200715685e+01
3.8246231376083412e-01 -1.0994507802103310e+01
3.8448851169835535e-01 -1.1009047389501106e+01
3.8651465197158896e-01 -1.1024610459638975e+01
3.8854086963082485e-01 -1.1038901391341062e+01
3.9056703389125591e-01 -1.1054453512380455e+01
3.9259317305304153e-01 -1.1069497613800916e+01
3.9461938785574974e-01 -1.1083937348987442e+01
3.9664552084281335e-01 -1.1099517238712769e+01
3.9867166321546588e-01 -1.1113863014640224e+01
4.0000000000000002e-01 -1.1123609846423191e+01 
