0.0000000000000000e+00 -2.1093935138701053e+01
1.7329795772480772e-03 -2.1099099062124751e+01
3.1389804351235782e-03 -2.1101018879719987e+01
4.4408653891179961e-03 -2.1102147930523628e+01
5.6956678379829258e-03 -2.1103051247868915e+01
6.9266618557630236e-03 -2.1103826089525601e+01
8.1466885898136190e-03 -2.1104547672550826e+01
9.3636430133317260e-03 -2.1105249074698992e+01
1.0583089272383881e-02 -2.1105852182251009e+01
1.1806132211062741e-02 -2.1106362243876905e+01
1.3026538520074562e-02 -2.1106866191801437e+01
1.4246772541243756e-02 -2.1107375210429513e+01
1.5466147549622826e-02 -2.1107787625296201e+01
1.6683315120540148e-02 -2.1108123203184064e+01
1.7899458783506687e-02 -2.1108499504447295e+01
1.9115181080768949e-02 -2.1108869541308334e+01
2.0331148236212151e-02 -2.1109161507912809e+01
2.1547497499775223e-02 -2.1109447813859159e+01
2.2764558598132603e-02 -2.1109728827888468e+01
2.3982623066031838e-02 -2.1109981187356276e+01
2.5200806542229167e-02 -2.1110251643559003e+01
2.6418293936103822e-02 -2.1110504393479648e+01
2.7636175024269499e-02 -2.1110733204053105e+01
2.8854018694247231e-02 -2.1110992350917869e+01
3.0069783594927471e-02 -2.1111245285304566e+01
3.1285635118968994e-02 -2.1111503347293784e+01
3.2502999774891149e-02 -2.1111781216280555e+01
3.3719389785958009e-02 -2.1112047210291362e+01
3.4934902629404657e-02 -2.1112334073628585e+01
3.6151769860446221e-02 -2.1112630445101438e+01
3.7368444791168409e-02 -2.1112928639465018e+01
3.8583952483067591e-02 -2.1113235646441836e+01
3.9800424225363507e-02 -2.1113538888293082e+01
4.1017730437645034e-02 -2.1113852644398335e+01
4.2233891223743381e-02 -2.1114166243463533e+01
4.3450702380641082e-02 -2.1114474955191419e+01
4.4667698370977900e-02 -2.1114785936456762e+01
4.5883927595522470e-02 -2.1115088507783312e+01
4.7100812563132921e-02 -2.1115395036168316e+01
4.8318454474044710e-02 -2.1115695146966484e+01
4.9535512583032799e-02 -2.1115988869414586e+01
5.0753161936971922e-02 -2.1116284758158056e+01
5.1970259029262361e-02 -2.1116570416501162e+01
5.3187287554825879e-02 -2.1116856404685596e+01
5.4405053329556217e-02 -2.1117141082026553e+01
5.5623172393337868e-02 -2.1117414323906338e+01
5.6841340495358196e-02 -2.1117688515119593e+01
5.8059835358569664e-02 -2.1117956429993630e+01
5.9277978162408443e-02 -2.1118223087286914e+01
6.0496538636114990e-02 -2.1118490858374361e+01
6.1715293130517705e-02 -2.1118745671616832e+01
6.2934037738479304e-02 -2.1119002615765034e+01
6.4153175107834304e-02 -2.1119260522359511e+01
6.5371792076575147e-02 -2.1119508160526802e+01
6.6590706273278830e-02 -2.1119757902423498e+01
6.7809679209563808e-02 -2.1120001558237519e+01
6.9028546622389442e-02 -2.1120241440925092e+01
7.0247950727719499e-02 -2.1120485543265442e+01
7.1466721070103933e-02 -2.1120718373236365e+01
7.2685783529907677e-02 -2.1120952675944537e+01
7.3904947559473910e-02 -2.1121188012699900e+01
7.5124033572303281e-02 -2.1121411300118410e+01
7.6343487675581426e-02 -2.1121640083702648e+01
7.7562750393839128e-02 -2.1121864760173619e+01
7.8782231416280810e-02 -2.1122081968813422e+01
8.0001722382144036e-02 -2.1122302896779683e+01
8.1221209943425993e-02 -2.1122513914180779e+01
8.2440694348764651e-02 -2.1122725849233834e+01
8.3660176454508781e-02 -2.1122937907360214e+01
8.4879657661797267e-02 -2.1123136487384127e+01
8.6099139622303270e-02 -2.1123340193483713e+01
8.7318624101869358e-02 -2.1123539944262287e+01
8.8538112823529164e-02 -2.1123730465187574e+01
8.9757607296840083e-02 -2.1123925310943747e+01
9.0977108735068299e-02 -2.1124110945292284e+01
9.2196618076305706e-02 -2.1124294623616620e+01
9.3416136105866923e-02 -2.1124480061843926e+01
9.4635663711305176e-02 -2.1124654806916070e+01
9.5855201767018824e-02 -2.1124831632931517e+01
9.7074751094876260e-02 -2.1125006291550125e+01
9.8294298012627554e-02 -2.1125173494833540e+01
9.9513841349879339e-02 -2.1125344838057472e+01
1.0073338235908844e-01 -2.1125511396554042e+01
1.0195292245386818e-01 -2.1125673397062673e+01
1.0317246312486576e-01 -2.1125838767348579e+01
1.0439200583610286e-01 -2.1125999392182436e+01
1.0561155198262305e-01 -2.1126159346784515e+01
1.0683110284930850e-01 -2.1126319824223355e+01
1.0805065958775034e-01 -2.1126475698842878e+01
1.0927022320201481e-01 -2.1126634041428439e+01
1.1048979458818675e-01 -2.1126791929045908e+01
1.1170937462922598e-01 -2.1126945983159075e+01
1.1292896414729008e-01 -2.1127103091363690e+01
1.1414856394658805e-01 -2.1127259144766885e+01
1.1536816109280761e-01 -2.1127413190467607e+01
1.1658775509089066e-01 -2.1127570607267909e+01
1.1780734703991083e-01 -2.1127725701154077e+01
1.1902693819605414e-01 -2.1127880366795477e+01
1.2024652988615382e-01 -2.1128038051610098e+01
1.2146612343844632e-01 -2.1128192789904407e+01
1.2268572012579869e-01 -2.1128349528588501e+01
1.2390532112106958e-01 -2.1128506660043559e+01
1.2512492746501225e-01 -2.1128660871019466e+01
1.2634454005162687e-01 -2.1128819597232006e+01
1.2756415968189541e-01 -2.1128976833326032e+01
1.2878378712896607e-01 -2.1129132433110851e+01
1.3000342310160665e-01 -2.1129292525794408e+01
1.3122306806504394e-01 -2.1129449502334712e+01
1.3244270963055840e-01 -2.1129608407791729e+01
1.3366234838842420e-01 -2.1129770170346436e+01
1.3488198534314502e-01 -2.1129927166121593e+01
1.3610162162834016e-01 -2.1130089457344944e+01
1.3732125843176096e-01 -2.1130251353357245e+01
1.3854089693330199e-01 -2.1130410679588003e+01
1.3976053825518520e-01 -2.1130576450544059e+01
1.4098018342474064e-01 -2.1130738223846691e+01
1.4219983334971267e-01 -2.1130901679556633e+01
1.4341948880907870e-01 -2.1131070505439183e+01
1.4463915051001461e-01 -2.1131233198528065e+01
1.4585881914156526e-01 -2.1131401615175317e+01
1.4707849534351433e-01 -2.1131570708765238e+01
1.4829817855271704e-01 -2.1131735246455019e+01
1.4951785854222382e-01 -2.1131908423688593e+01
1.5073753606325616e-01 -2.1132076621957346e+01
1.5195721203757406e-01 -2.1132244599731518e+01
1.5317688748197322e-01 -2.1132420423415496e+01
1.5439656344598704e-01 -2.1132588975108078e+01
1.5561624096365470e-01 -2.1132762566082683e+01
1.5683592101599547e-01 -2.1132939189656131e+01
1.5805560450276748e-01 -2.1133108605700112e+01
1.5927529222471881e-01 -2.1133287255657130e+01
1.6049498487730746e-01 -2.1133462985906576e+01
1.6171467706105946e-01 -2.1133635203578887e+01
1.6293436930250449e-01 -2.1133816876355286e+01
1.6415405907292904e-01 -2.1133991594983918e+01
1.6537374445342190e-01 -2.1134168663405678e+01
1.6659342647979869e-01 -2.1134352057080338e+01
1.6781310535178359e-01 -2.1134527028395059e+01
1.6903278091116508e-01 -2.1134709000061331e+01
1.7025245302361666e-01 -2.1134892296666930e+01
1.7147212081370045e-01 -2.1135069029640913e+01
1.7269177618437617e-01 -2.1135255102371566e+01
1.7391142180049521e-01 -2.1135436743391388e+01
1.7513106145360874e-01 -2.1135616512499297e+01
1.7635069614778012e-01 -2.1135804943609966e+01
1.7757032639831291e-01 -2.1135986468354250e+01
1.7878994442783200e-01 -2.1136170773689059e+01
1.8000955389705145e-01 -2.1136360202657997e+01
1.8122915773954415e-01 -2.1136542276333348e+01
1.8244875668375987e-01 -2.1136731370392155e+01
1.8366834570683330e-01 -2.1136920674709010e+01
1.8488792366810122e-01 -2.1137104120185317e+01
1.8610749401427301e-01 -2.1137296391780097e+01
1.8732705952365419e-01 -2.1137484965778455e+01
1.8854661897612526e-01 -2.1137671720758846e+01
1.8976616634748733e-01 -2.1137865927072021e+01
1.9098570507894597e-01 -2.1138054330495958e+01
1.9220523828317482e-01 -2.1138245300700358e+01
1.9342476703084674e-01 -2.1138441022044290e+01
1.9464429205574194e-01 -2.1138629846087415e+01
1.9586380733041220e-01 -2.1138824696869538e+01
1.9708331592917663e-01 -2.1139020090546452e+01
1.9830281868930652e-01 -2.1139210109822553e+01
1.9952231642609680e-01 -2.1139407954048938e+01
2.0074180987342141e-01 -2.1139602507003826e+01
2.0196129983983799e-01 -2.1139794773567850e+01
2.0318078322651606e-01 -2.1139994319045140e+01
2.0440026026791908e-01 -2.1140188710837290e+01
2.0561973189180516e-01 -2.1140384304269016e+01
2.0683919903219014e-01 -2.1140584771584251e+01
2.0805866283821634e-01 -2.1140778527857073e+01
2.0927812419435812e-01 -2.1140977321574365e+01
2.1049758103005148e-01 -2.1141177274793193e+01
2.1171703301228997e-01 -2.1141370896428626e+01
2.1293648141891222e-01 -2.1141571814768469e+01
2.1415592770463004e-01 -2.1141770159292054e+01
2.1537537292363337e-01 -2.1141965167589152e+01
2.1659481777966810e-01 -2.1142166909313833e+01
2.1781426103993293e-01 -2.1142363416276559e+01
2.1903370142474948e-01 -2.1142560584018931e+01
2.2025314069999269e-01 -2.1142761869430586e+01
2.2147257956235045e-01 -2.1142956297512665e+01
2.2269201860436769e-01 -2.1143155255314486e+01
2.2391145732516465e-01 -2.1143354169227784e+01
2.2513089414974705e-01 -2.1143546959715046e+01
2.2635033044286812e-01 -2.1143746676919008e+01
2.2756976665153950e-01 -2.1143942910145878e+01
2.2878920288133409e-01 -2.1144135453265282e+01
2.3000863794776585e-01 -2.1144334110911124e+01
2.3122807178489710e-01 -2.1144527027608355e+01
2.3244750490257141e-01 -2.1144720177103071e+01
2.3366693764330129e-01 -2.1144916687366116e+01
2.3488637029465145e-01 -2.1145105435708793e+01
2.3610580178452190e-01 -2.1145298313928656e+01
2.3732523256934032e-01 -2.1145490832635431e+01
2.3854466295177751e-01 -2.1145676150729024e+01
2.3976409339373803e-01 -2.1145867563877559e+01
2.4098352419342553e-01 -2.1146055811460243e+01
2.4220295555607171e-01 -2.1146239486445126e+01
2.4342238745299982e-01 -2.1146428944092669e+01
2.4464181906338092e-01 -2.1146612048971065e+01
2.4586125045038257e-01 -2.1146794705552164e+01
2.4708068176268672e-01 -2.1146980774155683e+01
2.4830011307027167e-01 -2.1147158839354464e+01
2.4951954442643837e-01 -2.1147340542678975e+01
2.5073897588207894e-01 -2.1147521817372066e+01
2.5195840742349357e-01 -2.1147695884235041e+01
2.5317783901134067e-01 -2.1147875795672061e+01
2.5439727060322054e-01 -2.1148052488848379e+01
2.5561670220272170e-01 -2.1148224591018685e+01
2.5683613382242426e-01 -2.1148402118858343e+01
2.5805556547105796e-01 -2.1148573399152767e+01
2.5927499719604274e-01 -2.1148744612629056e+01
2.6049442898004843e-01 -2.1148918490482060e+01
2.6171386069649288e-01 -2.1149084527678678e+01
2.6293329234718255e-01 -2.1149254563571724e+01
2.6415272393767714e-01 -2.1149423790239311e+01
2.6537215548023824e-01 -2.1149586501158282e+01
2.6659158699783364e-01 -2.1149754701314500e+01
2.6781101851756883e-01 -2.1149918982210774e+01
2.6903045006166765e-01 -2.1150080233054915e+01
2.7024988165101144e-01 -2.1150246126593139e+01
2.7146931330872104e-01 -2.1150405301942964e+01
2.7268874504967311e-01 -2.1150565927684287e+01
2.7390817688353564e-01 -2.1150727826728708e+01
2.7512760867836300e-01 -2.1150882923543513e+01
2.7634704040160152e-01 -2.1151042756254032e+01
2.7756647206948731e-01 -2.1151200588234992e+01
2.7878590369627954e-01 -2.1151353903443393e+01
2.8000533529612248e-01 -2.1151512373564891e+01
2.8122476688341219e-01 -2.1151666167179513e+01
2.8244419846953234e-01 -2.1151819394424543e+01
2.8366363006556589e-01 -2.1151975688488758e+01
2.8488306168400862e-01 -2.1152125799091944e+01
2.8610249333959015e-01 -2.1152279314664394e+01
2.8732192504713538e-01 -2.1152432343812812e+01
2.8854135682245291e-01 -2.1152580511888495e+01
2.8976078866864013e-01 -2.1152733761231481e+01
2.9098022043489280e-01 -2.1152883977218043e+01
2.9219965213105970e-01 -2.1153032721743294e+01
2.9341908376724546e-01 -2.1153185628488650e+01
2.9463851535488594e-01 -2.1153333064329974e+01
2.9585794690736250e-01 -2.1153483394089690e+01
2.9707737843940457e-01 -2.1153634889757861e+01
2.9829680996693081e-01 -2.1153780923243726e+01
2.9951624150664846e-01 -2.1153932781095541e+01
3.0073567307564270e-01 -2.1154082326991890e+01
3.0195510469087272e-01 -2.1154229731408009e+01
3.0317453636895331e-01 -2.1154383354463452e+01
3.0439396812523023e-01 -2.1154532054285436e+01
3.0561339991271608e-01 -2.1154683035872683e+01
3.0683283163022568e-01 -2.1154837612570837e+01
3.0805226328861679e-01 -2.1154986243349665e+01
3.0927169489886430e-01 -2.1155141482208091e+01
3.1049112647205868e-01 -2.1155295239547165e+01
3.1171055801955094e-01 -2.1155445561351893e+01
3.1292998955309925e-01 -2.1155603998403617e+01
3.1414942108544702e-01 -2.1155757016579770e+01
3.1536885262999031e-01 -2.1155911489111372e+01
3.1658828420089929e-01 -2.1156071909452972e+01
3.1780771581307632e-01 -2.1156224887369209e+01
3.1902714748206090e-01 -2.1156384388091801e+01
3.2024657922388089e-01 -2.1156544832507954e+01
3.2146601094805127e-01 -2.1156699187939736e+01
3.2268544260450632e-01 -2.1156862803167179e+01
3.2390487420358116e-01 -2.1157021847889094e+01
3.2512430575578205e-01 -2.1157179566163496e+01
3.2634373727205757e-01 -2.1157345836616702e+01
3.2756316876407854e-01 -2.1157504513674898e+01
3.2878260024444217e-01 -2.1157667149533719e+01
3.3000203172664999e-01 -2.1157834477862284e+01
3.3122146322502005e-01 -2.1157993934520096e+01
3.3244089475484295e-01 -2.1158161524585317e+01
3.3366032633198833e-01 -2.1158328144575560e+01
3.3487975797251962e-01 -2.1158489789674295e+01
3.3609918969248570e-01 -2.1158661059937135e+01
3.3731862136841506e-01 -2.1158826967862179e+01
3.3853805298281947e-01 -2.1158992562167747e+01
3.3975748454675259e-01 -2.1159165911932046e+01
3.4097691607144864e-01 -2.1159332208353106e+01
3.4219634756838208e-01 -2.1159502895022076e+01
3.4341577904931175e-01 -2.1159677401167507e+01
3.4463521052633550e-01 -2.1159844835994626e+01
3.4585464201195115e-01 -2.1160020160283459e+01
3.4707407351909370e-01 -2.1160194582165953e+01
3.4829350506118112e-01 -2.1160364475583783e+01
3.4951293665216759e-01 -2.1160542999341480e+01
3.5073236830696003e-01 -2.1160717424328897e+01
3.5195180003388193e-01 -2.1160891362539598e+01
3.5317123169021308e-01 -2.1161072361453531e+01
3.5439066328739149e-01 -2.1161247540931551e+01
3.5561009483693262e-01 -2.1161426217819216e+01
3.5682952635045823e-01 -2.1161608920740310e+01
3.5804895783973834e-01 -2.1161785282238377e+01
3.5926838931673660e-01 -2.1161968392979521e+01
3.6048782079365282e-01 -2.1162151346561956e+01
3.6170725228298578e-01 -2.1162329805165133e+01
3.6292668379755999e-01 -2.1162516142263424e+01
3.6414611535057395e-01 -2.1162699377645655e+01
3.6536554695559137e-01 -2.1162881222897649e+01
3.6658497862656170e-01 -2.1163069980261426e+01
3.6780441033920658e-01 -2.1163253921041779e+01
3.6902384198093330e-01 -2.1163439929459869e+01
3.7024327356281717e-01 -2.1163630656713007e+01
3.7146270509610951e-01 -2.1163815173919630e+01
3.7268213659227367e-01 -2.1164005084304055e+01
3.7390156806302310e-01 -2.1164196164913093e+01
3.7512099952038624e-01 -2.1164381732303319e+01
3.7600000000000000e-01 -2.1164518698554144e+01
