0.0000000000000000e+00 -2.1093930461266851e+01
6.9319183089923088e-03 -2.1114484526932351e+01
1.2516035654497736e-02 -2.1122795224604843e+01
1.7703350232545226e-02 -2.1127907486932852e+01
2.2708234366809951e-02 -2.1131859528547256e+01
2.7617398306643014e-02 -2.1135273648840663e+01
3.2485079817492123e-02 -2.1138511013323630e+01
3.7349275011981001e-02 -2.1141814219435545e+01
4.2228530941174722e-02 -2.1144695041299261e+01
4.7094582312252130e-02 -2.1147230822516804e+01
5.1954652796146084e-02 -2.1149832367572142e+01
5.6821007122472081e-02 -2.1152436626406171e+01
6.1683443647395995e-02 -2.1154694624300884e+01
6.6538577011527780e-02 -2.1156541132299793e+01
7.1395373724983766e-02 -2.1158364521707455e+01
7.6259233796553194e-02 -2.1160344754867424e+01
8.1128139867056651e-02 -2.1162022864259416e+01
8.6000043821687550e-02 -2.1163390240118829e+01
9.0873379899975196e-02 -2.1164753248985672e+01
9.5748147605859341e-02 -2.1166027670197131e+01
1.0062552078866054e-01 -2.1167219662841745e+01
1.0550029808270096e-01 -2.1168466709098848e+01
1.1037261661069836e-01 -2.1169574895766019e+01
1.1524023723539495e-01 -2.1170639541047194e+01
1.2010803290012670e-01 -2.1171776483387518e+01
1.2496756243117607e-01 -2.1172963006633726e+01
1.2982817363787919e-01 -2.1174327584517314e+01
1.3469500390892172e-01 -2.1175589107745164e+01
1.3956156142030965e-01 -2.1176857821233220e+01
1.4442427367631822e-01 -2.1178211663442472e+01
1.4929121588319533e-01 -2.1179571204726440e+01
1.5416183555369117e-01 -2.1181056632161372e+01
1.5902874710382825e-01 -2.1182488401914281e+01
1.6389747193202062e-01 -2.1183888223462844e+01
1.6877071827755019e-01 -2.1185442511688425e+01
1.7364071242231238e-01 -2.1187095036831280e+01
1.7851168969487666e-01 -2.1188686020152701e+01
1.8338236743336636e-01 -2.1190422506566232e+01
1.8825149859040655e-01 -2.1192090975024140e+01
1.9312211312214336e-01 -2.1193773109638677e+01
1.9799561760674442e-01 -2.1195639682187061e+01
2.0286849228972248e-01 -2.1197293139372924e+01
2.0774216905226350e-01 -2.1198913133964190e+01
2.1261391688109582e-01 -2.1200657343239524e+01
2.1748642403331256e-01 -2.1202214051996108e+01
2.2236001643898359e-01 -2.1203747813879865e+01
2.2723283929399343e-01 -2.1205270951992148e+01
2.3210703760564991e-01 -2.1206625788440064e+01
2.3698032446844328e-01 -2.1207970819228567e+01
2.4185340930389521e-01 -2.1209344323154966e+01
2.4672798711318658e-01 -2.1210579446007042e+01
2.5160298991769342e-01 -2.1211734812324693e+01
2.5647825587826351e-01 -2.1212916582283373e+01
2.6135409656379788e-01 -2.1214053846966230e+01
2.6622978823658994e-01 -2.1215180846271505e+01
2.7110594905224761e-01 -2.1216283318667191e+01
2.7598167577090305e-01 -2.1217317291141757e+01
2.8085693282104229e-01 -2.1218421238991350e+01
2.8573245469731678e-01 -2.1219473288229015e+01
2.9060825768421589e-01 -2.1220479208396046e+01
2.9548397513435171e-01 -2.1221530271348097e+01
3.0035981200206152e-01 -2.1222515226429419e+01
3.0523588235180343e-01 -2.1223491816520159e+01
3.1011161360672301e-01 -2.1224480241859048e+01
3.1498727499903983e-01 -2.1225448693507129e+01
3.1986310940372831e-01 -2.1226439465987237e+01
3.2473923246916397e-01 -2.1227485570236233e+01
3.2961516339155356e-01 -2.1228573253067584e+01
3.3449109200029242e-01 -2.1229647508638674e+01
3.3936721772037232e-01 -2.1230856440091969e+01
3.4424342310225403e-01 -2.1232051918446817e+01
3.4911964691427966e-01 -2.1233205614347302e+01
3.5399591719924695e-01 -2.1234502603477690e+01
3.5887222041092642e-01 -2.1235720145411701e+01
3.6374850679263709e-01 -2.1236908306812008e+01
3.6862481222845972e-01 -2.1238177661468882e+01
3.7350115748251561e-01 -2.1239287531844010e+01
3.7600000000000000e-01 -2.1239821215370505e+01
