0.0000000000000000e+00 -2.1093934223513845e+01
3.4659591544961544e-03 -2.1104240412416726e+01
6.2715483936746459e-03 -2.1108180966898232e+01
8.8717606141794220e-03 -2.1110537030213028e+01
1.1378426002772453e-02 -2.1112394396195445e+01
1.3837592856049300e-02 -2.1113964719712769e+01
1.6275256109857365e-02 -2.1115462745500317e+01
1.8709654578384853e-02 -2.1116954726872933e+01
2.1149461126173979e-02 -2.1118234157893543e+01
2.3591073206284188e-02 -2.1119335485161869e+01
2.6027476888889026e-02 -2.1120448486393599e+01
2.8465449391526100e-02 -2.1121573886975707e+01
3.0901529068215930e-02 -2.1122490406532325e+01
3.3333289558804290e-02 -2.1123246863001846e+01
3.5763815513676224e-02 -2.1124098630605772e+01
3.8194999519459309e-02 -2.1124945182499886e+01
4.0627504137497973e-02 -2.1125600146609766e+01
4.3061400848502192e-02 -2.1126224399756627e+01
4.5496840568925855e-02 -2.1126873133788681e+01
4.7934064764887076e-02 -2.1127447239833977e+01
5.0371573180248326e-02 -2.1128026916661426e+01
5.2807455282962532e-02 -2.1128592432427919e+01
5.5243266713189784e-02 -2.1129085540274101e+01
5.7679103986291523e-02 -2.1129638342904514e+01
6.0110862539463482e-02 -2.1130198425309395e+01
6.2542220106360916e-02 -2.1130727610152004e+01
6.4976362606413887e-02 -2.1131321527149634e+01
6.7409361001945819e-02 -2.1131892168993232e+01
6.9839485771259827e-02 -2.1132482035956226e+01
7.2271906652484286e-02 -2.1133118062782209e+01
7.4706212072589068e-02 -2.1133738910939577e+01
7.7136653280344580e-02 -2.1134385351407445e+01
7.9567873102854861e-02 -2.1135004495664909e+01
8.2003382274981149e-02 -2.1135634535167544e+01
8.4435878256464189e-02 -2.1136279041472996e+01
8.6868332216048449e-02 -2.1136873231576708e+01
8.9303811363813115e-02 -2.1137480249760419e+01
9.1736464489941619e-02 -2.1138060149433940e+01
9.4169374645696594e-02 -2.1138629697153764e+01
9.6604791540761056e-02 -2.1139201124577266e+01
9.9039244707037746e-02 -2.1139726702549162e+01
1.0147359843149273e-01 -2.1140253883355605e+01
1.0390921243182798e-01 -2.1140771840940310e+01
1.0634326403264693e-01 -2.1141266418855281e+01
1.0877773073748996e-01 -2.1141769622700501e+01
1.1121400998137608e-01 -2.1142242456103244e+01
1.1365012919324695e-01 -2.1142703784102732e+01
1.1608685783855455e-01 -2.1143177703625170e+01
1.1852352330292948e-01 -2.1143629678557218e+01
1.2096022544623791e-01 -2.1144082057299507e+01
1.2339797388081128e-01 -2.1144524917938647e+01
1.2583539172737512e-01 -2.1144954254374706e+01
1.2827333526017928e-01 -2.1145400117178855e+01
1.3071011399575325e-01 -2.1145834426211550e+01
1.3314732687052208e-01 -2.1146261418094092e+01
1.3558498427146287e-01 -2.1146690877414922e+01
1.3802232593821506e-01 -2.1147124718351293e+01
1.4046013887283745e-01 -2.1147564553496899e+01
1.4289712598116117e-01 -2.1147997920439792e+01
1.4533463333845489e-01 -2.1148444292108564e+01
1.4777320093145421e-01 -2.1148887724338973e+01
1.5021166486962398e-01 -2.1149335395414109e+01
1.5265010817051611e-01 -2.1149799009551788e+01
1.5508858381369087e-01 -2.1150242043250884e+01
1.5752712119221549e-01 -2.1150710081202455e+01
1.5996559256964960e-01 -2.1151173718584818e+01
1.6240387432555578e-01 -2.1151623421005684e+01
1.6484209408983810e-01 -2.1152107704190357e+01
1.6728036994933151e-01 -2.1152561272968093e+01
1.6971876288971846e-01 -2.1153023055783926e+01
1.7215705300406714e-01 -2.1153509165609179e+01
1.7459524712882860e-01 -2.1153957557408031e+01
1.7703352360585256e-01 -2.1154432112910317e+01
1.7947188211640552e-01 -2.1154908291150175e+01
1.8191004282054110e-01 -2.1155354742859469e+01
1.8434818002066714e-01 -2.1155833764104159e+01
1.8678647331454229e-01 -2.1156295092975835e+01
1.8922481155726079e-01 -2.1156739088299862e+01
1.9166302239425412e-01 -2.1157210693051702e+01
1.9410127191353405e-01 -2.1157654536676379e+01
1.9653960285315758e-01 -2.1158092201458043e+01
1.9897789499016491e-01 -2.1158545665433728e+01
2.0141619505204780e-01 -2.1158968603432253e+01
2.0385453516692348e-01 -2.1159394933667468e+01
2.0629287299134874e-01 -2.1159817328598805e+01
2.0873118692313214e-01 -2.1160218469916050e+01
2.1116952386515905e-01 -2.1160621621186984e+01
2.1360790044167693e-01 -2.1161016492471415e+01
2.1604625577285769e-01 -2.1161401930885887e+01
2.1848462083970779e-01 -2.1161782737141674e+01
2.2092297915069986e-01 -2.1162161035151168e+01
2.2336132214173196e-01 -2.1162538354268733e+01
2.2579969402672456e-01 -2.1162908809326829e+01
2.2823799290631139e-01 -2.1163282329833418e+01
2.3067626242023348e-01 -2.1163656461691748e+01
2.3311455204329673e-01 -2.1164027259253803e+01
2.3555288972123881e-01 -2.1164405484039008e+01
2.3799121868271667e-01 -2.1164781172374404e+01
2.4042953231828307e-01 -2.1165160674641555e+01
2.4286787939883903e-01 -2.1165545363972242e+01
2.4530624421201319e-01 -2.1165925430887480e+01
2.4774460834462864e-01 -2.1166316657640674e+01
2.5018297612401247e-01 -2.1166703402822506e+01
2.5262135099645971e-01 -2.1167088628228544e+01
2.5505973237543572e-01 -2.1167486626573289e+01
2.5749811641673048e-01 -2.1167871636862916e+01
2.5993650244213934e-01 -2.1168261819779495e+01
2.6237489290906818e-01 -2.1168658929524103e+01
2.6481328216925543e-01 -2.1169040016670820e+01
2.6725167072590461e-01 -2.1169434049655212e+01
2.6969005833632925e-01 -2.1169822482591023e+01
2.7212844469257325e-01 -2.1170200451368764e+01
2.7456682996311027e-01 -2.1170592236724051e+01
2.7700521493807323e-01 -2.1170968277324150e+01
2.7944360063384643e-01 -2.1171346518139817e+01
2.8188198773372075e-01 -2.1171730070745788e+01
2.8432037679925376e-01 -2.1172096156250845e+01
2.8675876851052823e-01 -2.1172472869544205e+01
2.8919716047579891e-01 -2.1172844961735763e+01
2.9163555351285841e-01 -2.1173209166125154e+01
2.9407394568361589e-01 -2.1173578122351923e+01
2.9651233703110813e-01 -2.1173938586889673e+01
2.9895072786911592e-01 -2.1174305498003019e+01
3.0138911858511064e-01 -2.1174667591050074e+01
3.0382750958807359e-01 -2.1175026326033809e+01
3.0626590116356184e-01 -2.1175396647026378e+01
3.0870429320036724e-01 -2.1175759846442553e+01
3.1114268565259551e-01 -2.1176133194004375e+01
3.1358107850685440e-01 -2.1176514699455474e+01
3.1601947171049516e-01 -2.1176888435737951e+01
3.1845786518167807e-01 -2.1177286167143176e+01
3.2089625883051304e-01 -2.1177679338528982e+01
3.2333465268167105e-01 -2.1178077027633744e+01
3.2577304679863794e-01 -2.1178497680941579e+01
3.2821144081975651e-01 -2.1178900522031899e+01
3.3064983464036035e-01 -2.1179327834851467e+01
3.3308822831342916e-01 -2.1179764461743499e+01
3.3552662189004889e-01 -2.1180181931497398e+01
3.3796501541229335e-01 -2.1180634446039843e+01
3.4040340892141413e-01 -2.1181076049600737e+01
3.4284180246441348e-01 -2.1181511843519079e+01
3.4528019608907212e-01 -2.1181979545804065e+01
3.4771858984367870e-01 -2.1182419108188228e+01
3.5015698377907556e-01 -2.1182868646723477e+01
3.5259537795000401e-01 -2.1183338197660341e+01
3.5503377241642331e-01 -2.1183774944231583e+01
3.5747216681739152e-01 -2.1184229801233446e+01
3.5991056104190161e-01 -2.1184688338485316e+01
3.6234895512674747e-01 -2.1185118211379343e+01
3.6478734911525640e-01 -2.1185569502744940e+01
3.6722574305536604e-01 -2.1186006265782922e+01
3.6966413699821699e-01 -2.1186424915993989e+01
3.7210253099160612e-01 -2.1186855398177745e+01
3.7454092508085490e-01 -2.1187271096296985e+01
3.7600000000000000e-01 -2.1187510197227713e+01
