0.0000000000000000e+00 -1.1741631927442739e+02
5.8310728908371847e-04 -1.1741631927444479e+02
1.1662145782705901e-03 -1.1741631927446454e+02
1.7493218677659998e-03 -1.1741631927449102e+02
2.3324291577761017e-03 -1.1741631927451294e+02
2.9155364485067437e-03 -1.1741631927453325e+02
3.4986437401637606e-03 -1.1741631927456058e+02
4.0817510329530142e-03 -1.1741631927457622e+02
4.6648583270803706e-03 -1.1741631927460080e+02
5.2479656227517003e-03 -1.1741631927462606e+02
5.8310729201728698e-03 -1.1741631927464718e+02
6.4141802195497441e-03 -1.1741631927467219e+02
6.9972875210881878e-03 -1.1741631927469274e+02
7.5803948249940703e-03 -1.1741631927470797e+02
8.1635021314732607e-03 -1.1741631927473281e+02
8.7466094407316168e-03 -1.1741631927475788e+02
9.3297167529750001e-03 -1.1741631927478412e+02
9.9128240684092806e-03 -1.1741631927480489e+02
1.0495931387240302e-02 -1.1741631927482976e+02
1.1079038709673956e-02 -1.1741631927485140e+02
1.1662146035916109e-02 -1.1741631927487262e+02
1.2245253366172618e-02 -1.1741631927489688e+02
1.2828360700649322e-02 -1.1741631927491693e+02
1.3411468039552111e-02 -1.1741631927493901e+02
1.3994575383086835e-02 -1.1741631927496564e+02
1.4577682731459370e-02 -1.1741631927498388e+02
1.5160790084875562e-02 -1.1741631927501010e+02
1.5743897443541290e-02 -1.1741631927502839e+02
1.6327004807662415e-02 -1.1741631927505249e+02
1.6910112177444807e-02 -1.1741631927507470e+02
1.7493219553094318e-02 -1.1741631927509903e+02
1.8076326934816828e-02 -1.1741631927512306e+02
1.8659434322818181e-02 -1.1741631927514591e+02
1.9242541717304256e-02 -1.1741631927517030e+02
1.9825649118480896e-02 -1.1741631927518655e+02
2.0408756526553981e-02 -1.1741631927521259e+02
2.0991863941729368e-02 -1.1741631927523294e+02
2.1574971364212905e-02 -1.1741631927525773e+02
2.2158078794210508e-02 -1.1741631927527877e+02
2.2741186231928008e-02 -1.1741631927530085e+02
2.3324293677571249e-02 -1.1741631927532468e+02
2.3907401131346113e-02 -1.1741631927534807e+02
2.4490508593458461e-02 -1.1741631927536827e+02
2.5073616064114148e-02 -1.1741631927539142e+02
2.5656723543519024e-02 -1.1741631927541404e+02
2.6239831031878970e-02 -1.1741631927543737e+02
2.6822938529399851e-02 -1.1741631927545990e+02
2.7406046036287518e-02 -1.1741631927547901e+02
2.7989153552747840e-02 -1.1741631927550449e+02
2.8572261078986669e-02 -1.1741631927552585e+02
2.9155368615209849e-02 -1.1741631927555045e+02
2.9738476161623263e-02 -1.1741631927557192e+02
3.0321583718432788e-02 -1.1741631927559544e+02
3.0904691285844284e-02 -1.1741631927561630e+02
3.1487798864063686e-02 -1.1741631927563851e+02
3.2070906453296716e-02 -1.1741631927566281e+02
3.2654014053749250e-02 -1.1741631927568606e+02
3.3237121665627166e-02 -1.1741631927570629e+02
3.3820229289136333e-02 -1.1741631927572878e+02
3.4403336924482629e-02 -1.1741631927575195e+02
3.4986444571871889e-02 -1.1741631927577403e+02
3.5569552231509968e-02 -1.1741631927579620e+02
3.6152659903602738e-02 -1.1741631927582014e+02
3.6735767588356040e-02 -1.1741631927584238e+02
3.7318875285975744e-02 -1.1741631927586657e+02
3.7901982996667700e-02 -1.1741631927588736e+02
3.8485090720637771e-02 -1.1741631927591072e+02
3.9068198458091813e-02 -1.1741631927593129e+02
3.9651306209235689e-02 -1.1741631927595679e+02
4.0234413974275240e-02 -1.1741631927597756e+02
4.0817521753416353e-02 -1.1741631927600208e+02
4.1400629546864985e-02 -1.1741631927602317e+02
4.1983737354826842e-02 -1.1741631927604283e+02
4.2566845177507799e-02 -1.1741631927606562e+02
4.3149953015113721e-02 -1.1741631927609104e+02
4.3733060867850580e-02 -1.1741631927611073e+02
4.4316168735924089e-02 -1.1741631927613484e+02
4.4899276619540102e-02 -1.1741631927615751e+02
4.5482384518904510e-02 -1.1741631927618033e+02
4.6065492434223192e-02 -1.1741631927620243e+02
4.6648600365702085e-02 -1.1741631927622240e+02
4.7231708313546929e-02 -1.1741631927624928e+02
4.7814816277963579e-02 -1.1741631927626435e+02
4.8397924259157905e-02 -1.1741631927629462e+02
4.8981032257335744e-02 -1.1741631927631335e+02
4.9564140272702950e-02 -1.1741631927633935e+02
5.0147248277126535e-02 -1.1741631927636037e+02
5.0730356264491502e-02 -1.1741631927638204e+02
5.1313464235003735e-02 -1.1741631927640536e+02
5.1896572188869061e-02 -1.1741631927642872e+02
5.2479680126293324e-02 -1.1741631927645182e+02
5.3062788047482358e-02 -1.1741631927647424e+02
5.3645895952642068e-02 -1.1741631927649490e+02
5.4229003841978318e-02 -1.1741631927651731e+02
5.4812111715696950e-02 -1.1741631927654078e+02
5.5395219574003805e-02 -1.1741631927656437e+02
5.5978327417104755e-02 -1.1741631927658707e+02
5.6561435245205655e-02 -1.1741631927660846e+02
5.7144543058512347e-02 -1.1741631927662932e+02
5.7727650857230681e-02 -1.1741631927665458e+02
5.8310758641566492e-02 -1.1741631927667909e+02
5.8893866411725670e-02 -1.1741631927669830e+02
5.9476974167914066e-02 -1.1741631927672009e+02
6.0060081910337550e-02 -1.1741631927674416e+02
6.0643189639201990e-02 -1.1741631927676244e+02
6.1226297354713195e-02 -1.1741631927678930e+02
6.1809405057077056e-02 -1.1741631927681263e+02
6.2392512746499408e-02 -1.1741631927683470e+02
6.2975620423186079e-02 -1.1741631927685789e+02
6.3558728087342975e-02 -1.1741631927688107e+02
6.4141835739175909e-02 -1.1741631927690362e+02
6.4724943378890745e-02 -1.1741631927692303e+02
6.5308051006693374e-02 -1.1741631927694580e+02
6.5891158622789547e-02 -1.1741631927696933e+02
6.6474266227385240e-02 -1.1741631927698987e+02
6.7057373820686286e-02 -1.1741631927701435e+02
6.7640481402898522e-02 -1.1741631927703742e+02
6.8223588974227839e-02 -1.1741631927705984e+02
6.8806696534880113e-02 -1.1741631927708366e+02
6.9389804085061166e-02 -1.1741631927710478e+02
6.9972911624976888e-02 -1.1741631927712611e+02
7.0556019154833130e-02 -1.1741631927715154e+02
7.1139126674835768e-02 -1.1741631927717236e+02
7.1722234185190664e-02 -1.1741631927719449e+02
7.2305341686103572e-02 -1.1741631927721755e+02
7.2888449177780451e-02 -1.1741631927723965e+02
7.3471556660427276e-02 -1.1741631927726030e+02
7.4054664134249784e-02 -1.1741631927728665e+02
7.4637771599453784e-02 -1.1741631927730681e+02
7.5220879056245166e-02 -1.1741631927733053e+02
7.5803986504829807e-02 -1.1741631927735011e+02
7.6387093945413556e-02 -1.1741631927737396e+02
7.6970201378202319e-02 -1.1741631927739745e+02
7.7553308803401930e-02 -1.1741631927741955e+02
7.8136416221218266e-02 -1.1741631927744054e+02
7.8719523631857191e-02 -1.1741631927746555e+02
7.9302631035524540e-02 -1.1741631927748580e+02
7.9885738432426190e-02 -1.1741631927751172e+02
8.0468845822768087e-02 -1.1741631927753228e+02
8.1051953206755942e-02 -1.1741631927755343e+02
8.1635060584595770e-02 -1.1741631927757783e+02
8.2218167956493338e-02 -1.1741631927760100e+02
8.2801275322654522e-02 -1.1741631927762262e+02
8.3384382683285185e-02 -1.1741631927764547e+02
8.3967490038591205e-02 -1.1741631927766660e+02
8.4550597388778431e-02 -1.1741631927768951e+02
8.5133704734052740e-02 -1.1741631927771094e+02
8.5716812074619966e-02 -1.1741631927773309e+02
8.6299919410685988e-02 -1.1741631927775708e+02
8.6883026742456682e-02 -1.1741631927777978e+02
8.7466134070137994e-02 -1.1741631927780439e+02
8.8049241393935634e-02 -1.1741631927782470e+02
8.8632348714055564e-02 -1.1741631927785065e+02
8.9215456030703633e-02 -1.1741631927787118e+02
8.9798563344085688e-02 -1.1741631927789273e+02
9.0381670654407609e-02 -1.1741631927791477e+02
9.0964777961875187e-02 -1.1741631927793789e+02
9.1547885266694315e-02 -1.1741631927796193e+02
9.2130992569070924e-02 -1.1741631927798366e+02
9.2714099869210878e-02 -1.1741631927800461e+02
9.3297207167320040e-02 -1.1741631927802899e+02
9.3880314463604245e-02 -1.1741631927804850e+02
9.4463421758269384e-02 -1.1741631927807327e+02
9.5046529051521306e-02 -1.1741631927809755e+02
9.5629636343565860e-02 -1.1741631927811926e+02
9.6212743634608924e-02 -1.1741631927814319e+02
9.6795850924856375e-02 -1.1741631927816343e+02
9.7378958214514061e-02 -1.1741631927818426e+02
9.7962065503787846e-02 -1.1741631927821041e+02
9.8545172792883565e-02 -1.1741631927823040e+02
9.9128280082007136e-02 -1.1741631927825412e+02
9.9711387371364354e-02 -1.1741631927827703e+02
1.0000000000000001e-01 -1.1741631927828642e+02
