0.0000000000000000e+00 -1.1741631927441267e+02
1.8366728696592795e-04 -1.1741631927443832e+02
3.6733457393507251e-04 -1.1741631927441863e+02
5.5100186091386707e-04 -1.1741631927441968e+02
7.3466914790874512e-04 -1.1741631927441537e+02
9.1833643492613966e-04 -1.1741631927441851e+02
1.1020037219724840e-03 -1.1741631927441983e+02
1.2856710090542113e-03 -1.1741631927442246e+02
1.4693382961777550e-03 -1.1741631927442305e+02
1.6530055833495483e-03 -1.1741631927442938e+02
1.8366728705760244e-03 -1.1741631927442958e+02
2.0203401578636165e-03 -1.1741631927444661e+02
2.2040074452187581e-03 -1.1741631927442256e+02
2.3876747326478823e-03 -1.1741631927443873e+02
2.5713420201574225e-03 -1.1741631927441880e+02
2.7550093077538121e-03 -1.1741631927442683e+02
2.9386765954434839e-03 -1.1741631927442411e+02
3.1223438832328715e-03 -1.1741631927442664e+02
3.3060111711284081e-03 -1.1741631927441728e+02
3.4896784591365274e-03 -1.1741631927442346e+02
3.6733457472636621e-03 -1.1741631927443028e+02
3.8570130355162456e-03 -1.1741631927442123e+02
4.0406803239007114e-03 -1.1741631927442651e+02
4.2243476124234928e-03 -1.1741631927443471e+02
4.4080149010910230e-03 -1.1741631927442091e+02
4.5916821899097352e-03 -1.1741631927443908e+02
4.7753494788860627e-03 -1.1741631927441999e+02
4.9590167680264386e-03 -1.1741631927443929e+02
5.1426840573372962e-03 -1.1741631927443140e+02
5.3263513468250687e-03 -1.1741631927442860e+02
5.5100186364961893e-03 -1.1741631927443147e+02
5.6936859263570913e-03 -1.1741631927442857e+02
5.8773532164142087e-03 -1.1741631927443375e+02
6.0610205066739739e-03 -1.1741631927441721e+02
6.2446877971428210e-03 -1.1741631927443885e+02
6.4283550878271823e-03 -1.1741631927443200e+02
6.6120223787334920e-03 -1.1741631927441479e+02
6.7956896698681823e-03 -1.1741631927442300e+02
6.9793569612376875e-03 -1.1741631927442982e+02
7.1630242528484406e-03 -1.1741631927442826e+02
7.3466915447068749e-03 -1.1741631927441514e+02
7.5303588368194228e-03 -1.1741631927443790e+02
7.7140261291925184e-03 -1.1741631927444354e+02
7.8976934218325957e-03 -1.1741631927443673e+02
8.0813607147460862e-03 -1.1741631927443902e+02
8.2650280079394241e-03 -1.1741631927444203e+02
8.4486953014190434e-03 -1.1741631927442818e+02
8.6323625951913764e-03 -1.1741631927444824e+02
8.8160298892628556e-03 -1.1741631927443068e+02
8.9996971836399150e-03 -1.1741631927441516e+02
9.1833644783289887e-03 -1.1741631927443611e+02
9.3670317733365090e-03 -1.1741631927443765e+02
9.5506990686689101e-03 -1.1741631927442987e+02
9.7343663643326243e-03 -1.1741631927443346e+02
9.9180336603340857e-03 -1.1741631927443794e+02
1.0101700956679727e-02 -1.1741631927444224e+02
1.0285368253375981e-02 -1.1741631927443875e+02
1.0469035550429282e-02 -1.1741631927443804e+02
1.0652702847846062e-02 -1.1741631927442637e+02
1.0836370145632756e-02 -1.1741631927443386e+02
1.1020037443795795e-02 -1.1741631927442623e+02
1.1203704742341614e-02 -1.1741631927444318e+02
1.1387372041276645e-02 -1.1741631927444209e+02
1.1571039340607324e-02 -1.1741631927444517e+02
1.1754706640340081e-02 -1.1741631927443373e+02
1.1938373940481351e-02 -1.1741631927442944e+02
1.2122041241037567e-02 -1.1741631927443923e+02
1.2305708542015160e-02 -1.1741631927444162e+02
1.2489375843420567e-02 -1.1741631927443827e+02
1.2673043145260219e-02 -1.1741631927445337e+02
1.2856710447540550e-02 -1.1741631927442677e+02
1.3040377750267992e-02 -1.1741631927444239e+02
1.3224045053448982e-02 -1.1741631927443194e+02
1.3407712357089948e-02 -1.1741631927444413e+02
1.3591379661197327e-02 -1.1741631927443824e+02
1.3775046965777551e-02 -1.1741631927443387e+02
1.3958714270837053e-02 -1.1741631927444135e+02
1.4142381576382266e-02 -1.1741631927444010e+02
1.4326048882419624e-02 -1.1741631927443618e+02
1.4509716188955560e-02 -1.1741631927442734e+02
1.4693383495996507e-02 -1.1741631927443191e+02
1.4877050803548899e-02 -1.1741631927443940e+02
1.5060718111619168e-02 -1.1741631927444118e+02
1.5244385420213748e-02 -1.1741631927444493e+02
1.5428052729339073e-02 -1.1741631927446250e+02
1.5611720039001575e-02 -1.1741631927443544e+02
1.5795387349207688e-02 -1.1741631927443080e+02
1.5979054659963843e-02 -1.1741631927444223e+02
1.6162721971276477e-02 -1.1741631927444566e+02
1.6346389283152022e-02 -1.1741631927445165e+02
1.6530056595596910e-02 -1.1741631927444433e+02
1.6713723908617573e-02 -1.1741631927443221e+02
1.6897391222220448e-02 -1.1741631927444034e+02
1.7081058536411967e-02 -1.1741631927443849e+02
1.7264725851198561e-02 -1.1741631927443979e+02
1.7448393166586664e-02 -1.1741631927443717e+02
1.7632060482582711e-02 -1.1741631927445049e+02
1.7815727799193132e-02 -1.1741631927443893e+02
1.7999395116424365e-02 -1.1741631927442955e+02
1.8183062434282839e-02 -1.1741631927444058e+02
1.8366729752774990e-02 -1.1741631927444577e+02
1.8550397071907247e-02 -1.1741631927445640e+02
1.8734064391686046e-02 -1.1741631927445462e+02
1.8917731712117823e-02 -1.1741631927444476e+02
1.9101399033209007e-02 -1.1741631927444278e+02
1.9285066354966032e-02 -1.1741631927445516e+02
1.9468733677395333e-02 -1.1741631927443784e+02
1.9652401000503344e-02 -1.1741631927444266e+02
1.9836068324296494e-02 -1.1741631927444297e+02
2.0019735648781220e-02 -1.1741631927445711e+02
2.0203402973963953e-02 -1.1741631927444607e+02
2.0387070299851130e-02 -1.1741631927444200e+02
2.0570737626449179e-02 -1.1741631927445071e+02
2.0754404953764537e-02 -1.1741631927444807e+02
2.0938072281803635e-02 -1.1741631927444382e+02
2.1121739610572905e-02 -1.1741631927443918e+02
2.1305406940078785e-02 -1.1741631927445334e+02
2.1489074270327705e-02 -1.1741631927444666e+02
2.1672741601326099e-02 -1.1741631927444205e+02
2.1856408933080398e-02 -1.1741631927444351e+02
2.2040076265597036e-02 -1.1741631927444841e+02
2.2223743598882448e-02 -1.1741631927444281e+02
2.2407410932943066e-02 -1.1741631927443918e+02
2.2591078267785322e-02 -1.1741631927445211e+02
2.2774745603415653e-02 -1.1741631927443291e+02
2.2958412939840488e-02 -1.1741631927444645e+02
2.3142080277066261e-02 -1.1741631927445850e+02
2.3325747615099410e-02 -1.1741631927445182e+02
2.3509414953946362e-02 -1.1741631927445989e+02
2.3693082293613554e-02 -1.1741631927444611e+02
2.3876749634107415e-02 -1.1741631927445592e+02
2.4060416975434384e-02 -1.1741631927444762e+02
2.4244084317600889e-02 -1.1741631927445455e+02
2.4427751660613367e-02 -1.1741631927444548e+02
2.4611419004478247e-02 -1.1741631927444719e+02
2.4795086348567960e-02 -1.1741631927445879e+02
2.4978753691803579e-02 -1.1741631927444531e+02
2.5162421034191539e-02 -1.1741631927444607e+02
2.5346088375738273e-02 -1.1741631927443272e+02
2.5529755716450213e-02 -1.1741631927444605e+02
2.5713423056333791e-02 -1.1741631927443875e+02
2.5897090395395443e-02 -1.1741631927445080e+02
2.6080757733641598e-02 -1.1741631927446235e+02
2.6264425071078696e-02 -1.1741631927444382e+02
2.6448092407713165e-02 -1.1741631927445559e+02
2.6631759743551437e-02 -1.1741631927444710e+02
2.6815427078599949e-02 -1.1741631927445830e+02
2.6999094412865132e-02 -1.1741631927445643e+02
2.7182761746353423e-02 -1.1741631927444824e+02
2.7366429079071251e-02 -1.1741631927445943e+02
2.7550096411025050e-02 -1.1741631927444858e+02
2.7733763742221255e-02 -1.1741631927445420e+02
2.7917431072666296e-02 -1.1741631927445378e+02
2.8101098402366607e-02 -1.1741631927445901e+02
2.8284765731328623e-02 -1.1741631927445866e+02
2.8468433059558776e-02 -1.1741631927445670e+02
2.8652100387063499e-02 -1.1741631927445371e+02
2.8835767713849228e-02 -1.1741631927445390e+02
2.9019435039922391e-02 -1.1741631927445088e+02
2.9203102365289425e-02 -1.1741631927447015e+02
2.9386769689956765e-02 -1.1741631927445358e+02
2.9570437013930841e-02 -1.1741631927447033e+02
2.9754104337218087e-02 -1.1741631927444941e+02
2.9937771659824936e-02 -1.1741631927444723e+02
3.0121438981757821e-02 -1.1741631927446923e+02
3.0305106303023174e-02 -1.1741631927445316e+02
3.0488773623627431e-02 -1.1741631927447004e+02
3.0672440943577024e-02 -1.1741631927446190e+02
3.0856108262878386e-02 -1.1741631927446726e+02
3.1039775581537948e-02 -1.1741631927446339e+02
3.1223442899562148e-02 -1.1741631927445948e+02
3.1407110216957412e-02 -1.1741631927447172e+02
3.1590777533730185e-02 -1.1741631927444075e+02
3.1774444849886889e-02 -1.1741631927445648e+02
3.1958112165433962e-02 -1.1741631927447216e+02
3.2141779480377837e-02 -1.1741631927447877e+02
3.2325446794724946e-02 -1.1741631927446758e+02
3.2509114108481722e-02 -1.1741631927445643e+02
3.2692781421654604e-02 -1.1741631927446652e+02
3.2876448734250018e-02 -1.1741631927446117e+02
3.3060116046274401e-02 -1.1741631927446559e+02
3.3243783357734182e-02 -1.1741631927444591e+02
3.3427450668635797e-02 -1.1741631927445800e+02
3.3611117978985680e-02 -1.1741631927445735e+02
3.3794785288790263e-02 -1.1741631927446932e+02
3.3978452598055979e-02 -1.1741631927445405e+02
3.4162119906789266e-02 -1.1741631927445610e+02
3.4345787214996551e-02 -1.1741631927447513e+02
3.4529454522684272e-02 -1.1741631927446009e+02
3.4713121829858855e-02 -1.1741631927445447e+02
3.4896789136526739e-02 -1.1741631927445462e+02
3.5080456442694356e-02 -1.1741631927445258e+02
3.5264123748368140e-02 -1.1741631927445358e+02
3.5447791053554528e-02 -1.1741631927445954e+02
3.5631458358259947e-02 -1.1741631927446953e+02
3.5815125662490829e-02 -1.1741631927446839e+02
3.5998792966253614e-02 -1.1741631927446657e+02
3.6182460269554732e-02 -1.1741631927447006e+02
3.6366127572400618e-02 -1.1741631927446014e+02
3.6549794874797703e-02 -1.1741631927446385e+02
3.6733462176752420e-02 -1.1741631927447898e+02
3.6917129478271200e-02 -1.1741631927446355e+02
3.7100796779360477e-02 -1.1741631927447457e+02
3.7284464080026690e-02 -1.1741631927446386e+02
3.7468131380276264e-02 -1.1741631927445857e+02
3.7651798680115638e-02 -1.1741631927445971e+02
3.7835465979551244e-02 -1.1741631927446035e+02
3.8019133278589516e-02 -1.1741631927446427e+02
3.8202800577236885e-02 -1.1741631927446687e+02
3.8386467875499791e-02 -1.1741631927446593e+02
3.8570135173384659e-02 -1.1741631927445776e+02
3.8753802470897929e-02 -1.1741631927447196e+02
3.8937469768046025e-02 -1.1741631927447409e+02
3.9121137064835387e-02 -1.1741631927446018e+02
3.9304804361272448e-02 -1.1741631927446400e+02
3.9488471657363640e-02 -1.1741631927445691e+02
3.9672138953115395e-02 -1.1741631927448263e+02
3.9855806248534152e-02 -1.1741631927447159e+02
4.0039473543626337e-02 -1.1741631927444939e+02
4.0223140838398390e-02 -1.1741631927446375e+02
4.0406808132856735e-02 -1.1741631927445927e+02
4.0590475427007812e-02 -1.1741631927447939e+02
4.0774142720858053e-02 -1.1741631927446633e+02
4.0957810014413891e-02 -1.1741631927446382e+02
4.1141477307681765e-02 -1.1741631927448435e+02
4.1325144600668100e-02 -1.1741631927446625e+02
4.1508811893379328e-02 -1.1741631927446241e+02
4.1692479185821890e-02 -1.1741631927447592e+02
4.1876146478002217e-02 -1.1741631927447496e+02
4.2059813769926742e-02 -1.1741631927446348e+02
4.2243481061601897e-02 -1.1741631927447642e+02
4.2427148353034114e-02 -1.1741631927445306e+02
4.2610815644229826e-02 -1.1741631927448837e+02
4.2794482935195471e-02 -1.1741631927448405e+02
4.2978150225937477e-02 -1.1741631927448391e+02
4.3161817516462281e-02 -1.1741631927446994e+02
4.3345484806776316e-02 -1.1741631927447050e+02
4.3529152096886015e-02 -1.1741631927448741e+02
4.3712819386797809e-02 -1.1741631927446346e+02
4.3896486676518132e-02 -1.1741631927447742e+02
4.4080153966053415e-02 -1.1741631927447702e+02
4.4263821255410098e-02 -1.1741631927447871e+02
4.4447488544594613e-02 -1.1741631927446490e+02
4.4631155833613385e-02 -1.1741631927448013e+02
4.4814823122472855e-02 -1.1741631927447277e+02
4.4998490411179454e-02 -1.1741631927448059e+02
4.5182157699739614e-02 -1.1741631927447077e+02
4.5365824988159775e-02 -1.1741631927447528e+02
4.5549492276446363e-02 -1.1741631927448000e+02
4.5733159564605809e-02 -1.1741631927449356e+02
4.5916826852644553e-02 -1.1741631927448920e+02
4.6100494140569027e-02 -1.1741631927447447e+02
4.6284161428385664e-02 -1.1741631927448253e+02
4.6467828716100897e-02 -1.1741631927448650e+02
4.6651496003721156e-02 -1.1741631927447892e+02
4.6835163291252875e-02 -1.1741631927448279e+02
4.7018830578702493e-02 -1.1741631927448350e+02
4.7202497866076443e-02 -1.1741631927447736e+02
4.7386165153381149e-02 -1.1741631927447668e+02
4.7569832440623051e-02 -1.1741631927447338e+02
4.7753499727808582e-02 -1.1741631927447466e+02
4.7937167014944174e-02 -1.1741631927448024e+02
4.8120834302036265e-02 -1.1741631927448969e+02
4.8304501589091282e-02 -1.1741631927448272e+02
4.8488168876115657e-02 -1.1741631927448496e+02
4.8671836163115829e-02 -1.1741631927446136e+02
4.8855503450098231e-02 -1.1741631927449949e+02
4.9039170737069294e-02 -1.1741631927447861e+02
4.9222838024035452e-02 -1.1741631927446730e+02
4.9406505311003136e-02 -1.1741631927448866e+02
4.9590172597978779e-02 -1.1741631927448915e+02
4.9773839884968821e-02 -1.1741631927446703e+02
4.9957507171979686e-02 -1.1741631927446866e+02
5.0141174459017814e-02 -1.1741631927447479e+02
5.0324841746089637e-02 -1.1741631927448692e+02
5.0508509033201587e-02 -1.1741631927448488e+02
5.0692176320360098e-02 -1.1741631927447933e+02
5.0875843607571601e-02 -1.1741631927446129e+02
5.1059510894842536e-02 -1.1741631927446858e+02
5.1243178182179328e-02 -1.1741631927447658e+02
5.1426845469588416e-02 -1.1741631927448377e+02
5.1610512757076232e-02 -1.1741631927447732e+02
5.1794180044649210e-02 -1.1741631927449065e+02
5.1977847332313781e-02 -1.1741631927449026e+02
5.2161514620076378e-02 -1.1741631927448641e+02
5.2345181907943433e-02 -1.1741631927448647e+02
5.2528849195921386e-02 -1.1741631927450332e+02
5.2712516484016661e-02 -1.1741631927448022e+02
5.2896183772235698e-02 -1.1741631927447972e+02
5.3079851060584930e-02 -1.1741631927449353e+02
5.3263518349070789e-02 -1.1741631927449239e+02
5.3447185637699707e-02 -1.1741631927447816e+02
5.3630852926478116e-02 -1.1741631927448942e+02
5.3814520215412449e-02 -1.1741631927448982e+02
5.3998187504509146e-02 -1.1741631927449386e+02
5.4181854793774638e-02 -1.1741631927449041e+02
5.4365522083215351e-02 -1.1741631927448087e+02
5.4549189372837724e-02 -1.1741631927449144e+02
5.4732856662648190e-02 -1.1741631927448125e+02
5.4916523952653180e-02 -1.1741631927447342e+02
5.5100191242859135e-02 -1.1741631927447679e+02
5.5283858533272480e-02 -1.1741631927449033e+02
5.5467525823899654e-02 -1.1741631927448192e+02
5.5651193114747081e-02 -1.1741631927448455e+02
5.5834860405821203e-02 -1.1741631927448599e+02
5.6018527697128451e-02 -1.1741631927447493e+02
5.6202194988675257e-02 -1.1741631927450179e+02
5.6385862280468053e-02 -1.1741631927448257e+02
5.6569529572513280e-02 -1.1741631927448744e+02
5.6753196864817362e-02 -1.1741631927448202e+02
5.6936864157386739e-02 -1.1741631927448275e+02
5.7120531450227843e-02 -1.1741631927450715e+02
5.7304198743347100e-02 -1.1741631927450210e+02
5.7487866036750948e-02 -1.1741631927449031e+02
5.7671533330445827e-02 -1.1741631927449137e+02
5.7855200624438163e-02 -1.1741631927449384e+02
5.8038867918734388e-02 -1.1741631927449336e+02
5.8222535213340941e-02 -1.1741631927447946e+02
5.8406202508264247e-02 -1.1741631927449586e+02
5.8589869803510747e-02 -1.1741631927449555e+02
5.8773537099086871e-02 -1.1741631927448633e+02
5.8957204394999053e-02 -1.1741631927448553e+02
5.9140871691253726e-02 -1.1741631927447645e+02
5.9324538987857327e-02 -1.1741631927450020e+02
5.9508206284816283e-02 -1.1741631927450345e+02
5.9691873582137032e-02 -1.1741631927449568e+02
5.9875540879826002e-02 -1.1741631927448545e+02
6.0059208177889629e-02 -1.1741631927449257e+02
6.0242875476334348e-02 -1.1741631927449043e+02
6.0426542775166590e-02 -1.1741631927450834e+02
6.0610210074392788e-02 -1.1741631927450388e+02
6.0793877374019381e-02 -1.1741631927449234e+02
6.0977544674052794e-02 -1.1741631927449183e+02
6.1161211974499467e-02 -1.1741631927447312e+02
6.1344879275365825e-02 -1.1741631927450766e+02
6.1528546576658308e-02 -1.1741631927450160e+02
6.1712213878383347e-02 -1.1741631927449959e+02
6.1895881180547375e-02 -1.1741631927449565e+02
6.2079548483156832e-02 -1.1741631927449077e+02
6.2263215786218143e-02 -1.1741631927449636e+02
6.2446883089737747e-02 -1.1741631927449782e+02
6.2630550393722076e-02 -1.1741631927449066e+02
6.2814217698177549e-02 -1.1741631927449880e+02
6.2997885003110612e-02 -1.1741631927449180e+02
6.3181552308527705e-02 -1.1741631927450335e+02
6.3365219614435253e-02 -1.1741631927449725e+02
6.3548886920839695e-02 -1.1741631927448891e+02
6.3732554227747457e-02 -1.1741631927449818e+02
6.3916221535164977e-02 -1.1741631927450059e+02
6.4099888843098682e-02 -1.1741631927449924e+02
6.4283556151555010e-02 -1.1741631927449893e+02
6.4467223460540388e-02 -1.1741631927449225e+02
6.4650890770061253e-02 -1.1741631927450915e+02
6.4834558080124047e-02 -1.1741631927450534e+02
6.5018225390735193e-02 -1.1741631927449249e+02
6.5201892701901132e-02 -1.1741631927449367e+02
6.5385560013628288e-02 -1.1741631927450091e+02
6.5569227325923102e-02 -1.1741631927449524e+02
6.5752894638792012e-02 -1.1741631927450256e+02
6.5936561952241443e-02 -1.1741631927450075e+02
6.6120229266277822e-02 -1.1741631927450518e+02
6.6303896580907587e-02 -1.1741631927450814e+02
6.6487563896137178e-02 -1.1741631927450116e+02
6.6671231211973020e-02 -1.1741631927450636e+02
6.6854898528421552e-02 -1.1741631927450081e+02
6.7038565845489201e-02 -1.1741631927449248e+02
6.7222233163182404e-02 -1.1741631927451586e+02
6.7405900481507602e-02 -1.1741631927448977e+02
6.7589567800471220e-02 -1.1741631927449590e+02
6.7773235120079683e-02 -1.1741631927450281e+02
6.7956902440339431e-02 -1.1741631927449519e+02
6.8140569761256903e-02 -1.1741631927450342e+02
6.8324237082838524e-02 -1.1741631927451169e+02
6.8507904405090733e-02 -1.1741631927451208e+02
6.8691571728019971e-02 -1.1741631927450275e+02
6.8875239051632661e-02 -1.1741631927450614e+02
6.9058906375935231e-02 -1.1741631927449330e+02
6.9242573700934118e-02 -1.1741631927450791e+02
6.9426241026635763e-02 -1.1741631927450808e+02
6.9609908353046590e-02 -1.1741631927450504e+02
6.9793575680173039e-02 -1.1741631927450400e+02
6.9977243008021536e-02 -1.1741631927449833e+02
7.0160910336598520e-02 -1.1741631927451483e+02
7.0344577665910429e-02 -1.1741631927451212e+02
7.0528244995963690e-02 -1.1741631927449922e+02
7.0711912326764728e-02 -1.1741631927451452e+02
7.0895579658319982e-02 -1.1741631927450852e+02
7.1079246990635891e-02 -1.1741631927449664e+02
7.1262914323718882e-02 -1.1741631927450008e+02
7.1446581657575392e-02 -1.1741631927450391e+02
7.1630248992211848e-02 -1.1741631927450929e+02
7.1813916327634689e-02 -1.1741631927451098e+02
7.1997583663850354e-02 -1.1741631927451088e+02
7.2181251000865268e-02 -1.1741631927451724e+02
7.2364918338685871e-02 -1.1741631927452003e+02
7.2548585677318589e-02 -1.1741631927450248e+02
7.2732253016769860e-02 -1.1741631927451277e+02
7.2915920357046110e-02 -1.1741631927451316e+02
7.3099587698153778e-02 -1.1741631927449848e+02
7.3283255040099290e-02 -1.1741631927450706e+02
7.3466922382889085e-02 -1.1741631927451954e+02
7.3650589726529603e-02 -1.1741631927451606e+02
7.3834257070844594e-02 -1.1741631927451253e+02
7.4017924414303798e-02 -1.1741631927450535e+02
7.4201591756913654e-02 -1.1741631927449224e+02
7.4385259098680601e-02 -1.1741631927450400e+02
7.4568926439611063e-02 -1.1741631927451807e+02
7.4752593779711468e-02 -1.1741631927451225e+02
7.4936261118988268e-02 -1.1741631927451955e+02
7.5119928457447874e-02 -1.1741631927450464e+02
7.5303595795096739e-02 -1.1741631927451029e+02
7.5487263131941290e-02 -1.1741631927450877e+02
7.5670930467987951e-02 -1.1741631927451813e+02
7.5854597803243162e-02 -1.1741631927450146e+02
7.6038265137713362e-02 -1.1741631927450756e+02
7.6221932471404977e-02 -1.1741631927450031e+02
7.6405599804324431e-02 -1.1741631927451304e+02
7.6589267136478179e-02 -1.1741631927450229e+02
7.6772934467872631e-02 -1.1741631927450328e+02
7.6956601798514240e-02 -1.1741631927451439e+02
7.7140269128409433e-02 -1.1741631927450460e+02
7.7323936457564635e-02 -1.1741631927450125e+02
7.7507603785986284e-02 -1.1741631927451508e+02
7.7691271113680821e-02 -1.1741631927450321e+02
7.7874938440654670e-02 -1.1741631927452454e+02
7.8058605766914271e-02 -1.1741631927451631e+02
7.8242273092466050e-02 -1.1741631927450351e+02
7.8425940417316445e-02 -1.1741631927451552e+02
7.8609607741471882e-02 -1.1741631927452497e+02
7.8793275064938800e-02 -1.1741631927450800e+02
7.8976942387723639e-02 -1.1741631927451070e+02
7.9160609709832824e-02 -1.1741631927451738e+02
7.9344277031272795e-02 -1.1741631927450547e+02
7.9527944352049976e-02 -1.1741631927451628e+02
7.9711611672170807e-02 -1.1741631927451402e+02
7.9895278991641713e-02 -1.1741631927450685e+02
8.0078946310469135e-02 -1.1741631927452252e+02
8.0262613628659496e-02 -1.1741631927451050e+02
8.0446280946219237e-02 -1.1741631927451552e+02
8.0629948263154796e-02 -1.1741631927452019e+02
8.0813615579472600e-02 -1.1741631927450351e+02
8.0997282895179087e-02 -1.1741631927451961e+02
8.1180950210280683e-02 -1.1741631927452248e+02
8.1364617524783828e-02 -1.1741631927452197e+02
8.1548284838694945e-02 -1.1741631927451763e+02
8.1731952152020476e-02 -1.1741631927451336e+02
8.1915619464766859e-02 -1.1741631927451850e+02
8.2099286776940519e-02 -1.1741631927450742e+02
8.2282954088547897e-02 -1.1741631927451884e+02
8.2466621399595416e-02 -1.1741631927450446e+02
8.2650288710089517e-02 -1.1741631927452244e+02
8.2833956020036625e-02 -1.1741631927452802e+02
8.3017623329443180e-02 -1.1741631927451763e+02
8.3201290638315606e-02 -1.1741631927451883e+02
8.3384957946660343e-02 -1.1741631927451780e+02
8.3568625254483830e-02 -1.1741631927452075e+02
8.3752292561792493e-02 -1.1741631927451701e+02
8.3935959868592772e-02 -1.1741631927451857e+02
8.4119627174891090e-02 -1.1741631927451279e+02
8.4303294480693888e-02 -1.1741631927452551e+02
8.4486961786007592e-02 -1.1741631927451641e+02
8.4670629090838639e-02 -1.1741631927452620e+02
8.4854296395193471e-02 -1.1741631927452559e+02
8.5037963699078511e-02 -1.1741631927452239e+02
8.5221631002500201e-02 -1.1741631927451917e+02
8.5405298305464963e-02 -1.1741631927453471e+02
8.5588965607979239e-02 -1.1741631927451991e+02
8.5772632910049454e-02 -1.1741631927453679e+02
8.5956300211682046e-02 -1.1741631927451148e+02
8.6139967512883456e-02 -1.1741631927450973e+02
8.6323634813660108e-02 -1.1741631927450840e+02
8.6507302114018428e-02 -1.1741631927452364e+02
8.6690969413964855e-02 -1.1741631927452418e+02
8.6874636713505829e-02 -1.1741631927452704e+02
8.7058304012647789e-02 -1.1741631927451708e+02
8.7241971311397146e-02 -1.1741631927451813e+02
8.7425638609760353e-02 -1.1741631927453187e+02
8.7609305907743837e-02 -1.1741631927451785e+02
8.7792973205354022e-02 -1.1741631927453115e+02
8.7976640502597361e-02 -1.1741631927453429e+02
8.8160307799480267e-02 -1.1741631927453230e+02
8.8343975096009192e-02 -1.1741631927452261e+02
8.8527642392190548e-02 -1.1741631927451900e+02
8.8711309688030787e-02 -1.1741631927452065e+02
8.8894976983536336e-02 -1.1741631927451709e+02
8.9078644278713620e-02 -1.1741631927454536e+02
8.9262311573569078e-02 -1.1741631927451697e+02
8.9445978868109149e-02 -1.1741631927452286e+02
8.9629646162340260e-02 -1.1741631927453604e+02
8.9813313456268848e-02 -1.1741631927451789e+02
8.9996980749901340e-02 -1.1741631927452039e+02
9.0180648043244174e-02 -1.1741631927453329e+02
9.0364315336303791e-02 -1.1741631927452659e+02
9.0547982629086615e-02 -1.1741631927454456e+02
9.0731649921599086e-02 -1.1741631927454763e+02
9.0915317213847630e-02 -1.1741631927452245e+02
9.1098984505838684e-02 -1.1741631927452502e+02
9.1282651797578676e-02 -1.1741631927453204e+02
9.1466319089074044e-02 -1.1741631927452656e+02
9.1649986380331214e-02 -1.1741631927454199e+02
9.1833653671356624e-02 -1.1741631927453713e+02
9.2017320962156715e-02 -1.1741631927454067e+02
9.2200988252737912e-02 -1.1741631927452616e+02
9.2384655543106653e-02 -1.1741631927453490e+02
9.2568322833269365e-02 -1.1741631927452720e+02
9.2751990123232486e-02 -1.1741631927454478e+02
9.2935657413002443e-02 -1.1741631927452327e+02
9.3119324702585674e-02 -1.1741631927454377e+02
9.3302991991988618e-02 -1.1741631927451657e+02
9.3486659281217702e-02 -1.1741631927454503e+02
9.3670326570279350e-02 -1.1741631927453011e+02
9.3853993859180015e-02 -1.1741631927453722e+02
9.4037661147926124e-02 -1.1741631927452295e+02
9.4221328436524102e-02 -1.1741631927453403e+02
9.4404995724980387e-02 -1.1741631927452997e+02
9.4588663013301405e-02 -1.1741631927452416e+02
9.4772330301493596e-02 -1.1741631927452244e+02
9.4955997589563398e-02 -1.1741631927453713e+02
9.5139664877517238e-02 -1.1741631927452886e+02
9.5323332165361555e-02 -1.1741631927453894e+02
9.5506999453102773e-02 -1.1741631927454461e+02
9.5690666740747332e-02 -1.1741631927454090e+02
9.5874334028301672e-02 -1.1741631927453288e+02
9.6058001315772218e-02 -1.1741631927455052e+02
9.6241668603165395e-02 -1.1741631927454129e+02
9.6425335890487657e-02 -1.1741631927454279e+02
9.6609003177745414e-02 -1.1741631927453031e+02
9.6792670464945121e-02 -1.1741631927453081e+02
9.6976337752093203e-02 -1.1741631927452767e+02
9.7160005039196085e-02 -1.1741631927453511e+02
9.7343672326260205e-02 -1.1741631927452370e+02
9.7527339613292005e-02 -1.1741631927454098e+02
9.7711006900297909e-02 -1.1741631927453552e+02
9.7894674187284342e-02 -1.1741631927453965e+02
9.8078341474257758e-02 -1.1741631927453528e+02
9.8262008761224581e-02 -1.1741631927452339e+02
9.8445676048191239e-02 -1.1741631927453561e+02
9.8629343335164169e-02 -1.1741631927451989e+02
9.8813010622149797e-02 -1.1741631927453842e+02
9.8996677909154576e-02 -1.1741631927452860e+02
9.9180345196184919e-02 -1.1741631927454331e+02
9.9364012483247263e-02 -1.1741631927453038e+02
9.9547679770348049e-02 -1.1741631927455064e+02
9.9731347057493716e-02 -1.1741631927452782e+02
9.9915014344690689e-02 -1.1741631927453975e+02
1.0000000000000001e-01 -1.1741631927455609e+02
