0.0000000000000000e+00 -1.1741631927442253e+02
1.8512502482036393e-03 -1.1741631927668735e+02
3.7025004996908790e-03 -1.1741631927895791e+02
5.5537507610623612e-03 -1.1741631928122959e+02
7.4050010389165068e-03 -1.1741631928349905e+02
9.2562513398050487e-03 -1.1741631928577029e+02
1.1107501670346139e-02 -1.1741631928804158e+02
1.2958752037117608e-02 -1.1741631929031128e+02
1.4810002446706895e-02 -1.1741631929258268e+02
1.6661252905697692e-02 -1.1741631929485392e+02
1.8512503420680768e-02 -1.1741631929712480e+02
2.0363753998240870e-02 -1.1741631929939527e+02
2.2215004644973165e-02 -1.1741631930166558e+02
2.4066255367459551e-02 -1.1741631930393673e+02
2.5917506172276554e-02 -1.1741631930620687e+02
2.7768757066020604e-02 -1.1741631930846896e+02
2.9620008055264012e-02 -1.1741631931074959e+02
3.1471259146608067e-02 -1.1741631931301924e+02
3.3322510346647960e-02 -1.1741631931529101e+02
3.5173761661965695e-02 -1.1741631931756135e+02
3.7025013099136465e-02 -1.1741631931983264e+02
3.8876264664764855e-02 -1.1741631932210267e+02
4.0727516365439254e-02 -1.1741631932437431e+02
4.2578768207755677e-02 -1.1741631932664455e+02
4.4430020198290184e-02 -1.1741631932891589e+02
4.6281272343627895e-02 -1.1741631933118593e+02
4.8132524650357306e-02 -1.1741631933345801e+02
4.9983777125068130e-02 -1.1741631933572816e+02
5.1835029774348285e-02 -1.1741631933799927e+02
5.3686282604779298e-02 -1.1741631934026995e+02
5.5537535622956789e-02 -1.1741631934254001e+02
5.7388788835466581e-02 -1.1741631934481123e+02
5.9240042248897978e-02 -1.1741631934708224e+02
6.1091295869836866e-02 -1.1741631934935268e+02
6.2942549704870773e-02 -1.1741631935162356e+02
6.4793803760588686e-02 -1.1741631935389357e+02
6.6645058043568933e-02 -1.1741631935616441e+02
6.8496312560406461e-02 -1.1741631935843550e+02
7.0347567317681117e-02 -1.1741631936070642e+02
7.2198822321982048e-02 -1.1741631936297715e+02
7.4050077579897108e-02 -1.1741631936524703e+02
7.5901333098014903e-02 -1.1741631936751517e+02
7.7752588882926812e-02 -1.1741631936978901e+02
7.9603844941215571e-02 -1.1741631937205990e+02
8.1455101279466147e-02 -1.1741631937432889e+02
8.3306357904271475e-02 -1.1741631937660031e+02
8.5157614822215316e-02 -1.1741631937887159e+02
8.7008872039884846e-02 -1.1741631938114159e+02
8.8860129563868989e-02 -1.1741631938341291e+02
9.0711387400751645e-02 -1.1741631938568337e+02
9.2562645557120293e-02 -1.1741631938795391e+02
9.4413904039562749e-02 -1.1741631939022452e+02
9.6265162854666297e-02 -1.1741631939249511e+02
9.8116422009018711e-02 -1.1741631939476605e+02
9.9967681509207762e-02 -1.1741631939703623e+02
1.0000000000000001e-01 -1.1741631939707575e+02
