0.0000000000000000e+00 -1.1741631927442253e+02
5.2596658704598506e-04 -1.1741631927442300e+02
1.0519331741826194e-03 -1.1741631927442351e+02
1.5778997615912001e-03 -1.1741631927442259e+02
2.1038663494530249e-03 -1.1741631927442340e+02
2.6298329379493921e-03 -1.1741631927442214e+02
3.1557995272615989e-03 -1.1741631927442148e+02
3.6817661175709429e-03 -1.1741631927442249e+02
4.2077327090587219e-03 -1.1741631927442315e+02
4.7336993019062345e-03 -1.1741631927442275e+02
5.2596658962947773e-03 -1.1741631927442441e+02
5.7856324924056481e-03 -1.1741631927442116e+02
6.3115990904201447e-03 -1.1741631927442241e+02
6.8375656905195637e-03 -1.1741631927442170e+02
7.3635322928852038e-03 -1.1741631927442180e+02
7.8894988976983618e-03 -1.1741631927442239e+02
8.4154655051403363e-03 -1.1741631927442171e+02
8.9414321153924239e-03 -1.1741631927442324e+02
9.4673987286359226e-03 -1.1741631927442384e+02
9.9933653450521298e-03 -1.1741631927442259e+02
1.0519331964822342e-02 -1.1741631927442211e+02
1.1045298588127856e-02 -1.1741631927442150e+02
1.1571265215149970e-02 -1.1741631927442198e+02
1.2097231846069981e-02 -1.1741631927442248e+02
1.2623198481069187e-02 -1.1741631927442106e+02
1.3149165120328883e-02 -1.1741631927442127e+02
1.3675131764030367e-02 -1.1741631927442187e+02
1.4201098412354935e-02 -1.1741631927442329e+02
1.4727065065483887e-02 -1.1741631927442185e+02
1.5253031723598515e-02 -1.1741631927442175e+02
1.5778998386880117e-02 -1.1741631927442371e+02
1.6304965055509994e-02 -1.1741631927442138e+02
1.6830931729669436e-02 -1.1741631927442309e+02
1.7356898409539745e-02 -1.1741631927442100e+02
1.7882865095302215e-02 -1.1741631927442393e+02
1.8408831787138140e-02 -1.1741631927442226e+02
1.8934798485228818e-02 -1.1741631927442239e+02
1.9460765189755546e-02 -1.1741631927442324e+02
1.9986731900899619e-02 -1.1741631927442283e+02
2.0512698618842334e-02 -1.1741631927442211e+02
2.1038665343764987e-02 -1.1741631927442224e+02
2.1564632075848873e-02 -1.1741631927442197e+02
2.2090598815275288e-02 -1.1741631927442333e+02
2.2616565562225525e-02 -1.1741631927442162e+02
2.3142532316880883e-02 -1.1741631927442185e+02
2.3668499079422655e-02 -1.1741631927442162e+02
2.4194465850032137e-02 -1.1741631927442300e+02
2.4720432628890621e-02 -1.1741631927442259e+02
2.5246399416179406e-02 -1.1741631927442235e+02
2.5772366212079786e-02 -1.1741631927442079e+02
2.6298333016773052e-02 -1.1741631927442275e+02
2.6824299830440500e-02 -1.1741631927442414e+02
2.7350266653263428e-02 -1.1741631927442228e+02
2.7876233485423126e-02 -1.1741631927442135e+02
2.8402200327100890e-02 -1.1741631927442081e+02
2.8928167178478015e-02 -1.1741631927442309e+02
2.9454134039735791e-02 -1.1741631927442180e+02
2.9980100911055515e-02 -1.1741631927442214e+02
3.0506067792618479e-02 -1.1741631927442415e+02
3.1032034684605980e-02 -1.1741631927442218e+02
3.1558001587199305e-02 -1.1741631927442280e+02
3.2083968500579749e-02 -1.1741631927442239e+02
3.2609935424928606e-02 -1.1741631927442297e+02
3.3135902360427169e-02 -1.1741631927442162e+02
3.3661869307256731e-02 -1.1741631927442316e+02
3.4187836265598584e-02 -1.1741631927442353e+02
3.4713803235634021e-02 -1.1741631927442106e+02
3.5239770217544326e-02 -1.1741631927442003e+02
3.5765737211510801e-02 -1.1741631927442295e+02
3.6291704217714736e-02 -1.1741631927442069e+02
3.6817671236337418e-02 -1.1741631927442248e+02
3.7343638267560139e-02 -1.1741631927442268e+02
3.7869605311564192e-02 -1.1741631927442177e+02
3.8395572368530868e-02 -1.1741631927442384e+02
3.8921539438641461e-02 -1.1741631927442107e+02
3.9447506522077257e-02 -1.1741631927442205e+02
3.9973473619019546e-02 -1.1741631927442270e+02
4.0499440729649616e-02 -1.1741631927442300e+02
4.1025407854148765e-02 -1.1741631927442158e+02
4.1551374992698280e-02 -1.1741631927442120e+02
4.2077342145479445e-02 -1.1741631927442009e+02
4.2603309312673553e-02 -1.1741631927442359e+02
4.3129276494461889e-02 -1.1741631927442302e+02
4.3655243691025747e-02 -1.1741631927442295e+02
4.4181210902546411e-02 -1.1741631927442138e+02
4.4707178129205175e-02 -1.1741631927442249e+02
4.5233145371183323e-02 -1.1741631927442268e+02
4.5759112628662148e-02 -1.1741631927442154e+02
4.6285079901822929e-02 -1.1741631927442171e+02
4.6811047190846958e-02 -1.1741631927442157e+02
4.7337014495915528e-02 -1.1741631927442197e+02
4.7862981817209917e-02 -1.1741631927442414e+02
4.8388949154911418e-02 -1.1741631927442134e+02
4.8914916509201316e-02 -1.1741631927442270e+02
4.9440883880260897e-02 -1.1741631927442407e+02
4.9966851268271439e-02 -1.1741631927442290e+02
5.0492818673414236e-02 -1.1741631927442018e+02
5.1018786095870572e-02 -1.1741631927442359e+02
5.1544753535821733e-02 -1.1741631927442053e+02
5.2070720993449005e-02 -1.1741631927442198e+02
5.2596688468933672e-02 -1.1741631927442232e+02
5.3122655962457015e-02 -1.1741631927442135e+02
5.3648623474200324e-02 -1.1741631927442072e+02
5.4174591004344880e-02 -1.1741631927442309e+02
5.4700558553071967e-02 -1.1741631927442245e+02
5.5226526120562863e-02 -1.1741631927442315e+02
5.5752493706998855e-02 -1.1741631927442154e+02
5.6278461312561229e-02 -1.1741631927442212e+02
5.6804428937431262e-02 -1.1741631927442275e+02
5.7330396581790240e-02 -1.1741631927442141e+02
5.7856364245819442e-02 -1.1741631927442165e+02
5.8382331929700153e-02 -1.1741631927442249e+02
5.8908299633613652e-02 -1.1741631927442300e+02
5.9434267357741224e-02 -1.1741631927442093e+02
5.9960235102264142e-02 -1.1741631927442226e+02
6.0486202867363691e-02 -1.1741631927442263e+02
6.1012170653221148e-02 -1.1741631927442253e+02
6.1538138460017801e-02 -1.1741631927442073e+02
6.2064106287934920e-02 -1.1741631927442241e+02
6.2590074137153784e-02 -1.1741631927442367e+02
6.3116042007855686e-02 -1.1741631927442241e+02
6.3642009900221883e-02 -1.1741631927442324e+02
6.4167977814433674e-02 -1.1741631927442165e+02
6.4693945750672319e-02 -1.1741631927442187e+02
6.5219913709119115e-02 -1.1741631927442175e+02
6.5745881689955321e-02 -1.1741631927442165e+02
6.6271849693362223e-02 -1.1741631927442091e+02
6.6797817719521091e-02 -1.1741631927442232e+02
6.7323785768613212e-02 -1.1741631927442047e+02
6.7849753840819857e-02 -1.1741631927442110e+02
6.8375721936322298e-02 -1.1741631927442081e+02
6.8901690055301806e-02 -1.1741631927443014e+02
6.9427658197939668e-02 -1.1741631927442162e+02
6.9953626364417154e-02 -1.1741631927442134e+02
7.0479594554915523e-02 -1.1741631927442120e+02
7.1005562769616073e-02 -1.1741631927442194e+02
7.1531531008700064e-02 -1.1741631927442135e+02
7.2057499272348766e-02 -1.1741631927442138e+02
7.2583467560743464e-02 -1.1741631927442157e+02
7.3109435874065418e-02 -1.1741631927442151e+02
7.3635404212495897e-02 -1.1741631927442245e+02
7.4161372576216189e-02 -1.1741631927442231e+02
7.4687340965407550e-02 -1.1741631927442178e+02
7.5213309380251267e-02 -1.1741631927442263e+02
7.5739277820928597e-02 -1.1741631927442350e+02
7.6265246287620811e-02 -1.1741631927442201e+02
7.6791214780509182e-02 -1.1741631927442290e+02
7.7317183299774980e-02 -1.1741631927442238e+02
7.7843151845599465e-02 -1.1741631927442141e+02
7.8369120418163907e-02 -1.1741631927442380e+02
7.8895089017649578e-02 -1.1741631927442054e+02
7.9421057644237750e-02 -1.1741631927442079e+02
7.9947026298109694e-02 -1.1741631927442124e+02
8.0472994979446669e-02 -1.1741631927442359e+02
8.0998963688429931e-02 -1.1741631927442194e+02
8.1524932425240768e-02 -1.1741631927442060e+02
8.2050901190060421e-02 -1.1741631927442309e+02
8.2576869983070178e-02 -1.1741631927442477e+02
8.3102838804451296e-02 -1.1741631927442253e+02
8.3628807654385032e-02 -1.1741631927442197e+02
8.4154776533052658e-02 -1.1741631927442293e+02
8.4680745440635433e-02 -1.1741631927442367e+02
8.5206714377314613e-02 -1.1741631927442100e+02
8.5732683343271471e-02 -1.1741631927442080e+02
8.6258652338687264e-02 -1.1741631927445363e+02
8.6784621363743264e-02 -1.1741631927442052e+02
8.7310590418620715e-02 -1.1741631927442212e+02
8.7836559503500888e-02 -1.1741631927442100e+02
8.8362528618565042e-02 -1.1741631927442185e+02
8.8888497763994448e-02 -1.1741631927442259e+02
8.9414466939970350e-02 -1.1741631927442197e+02
8.9940436146674005e-02 -1.1741631927442093e+02
9.0466405384286686e-02 -1.1741631927442046e+02
9.0992374652989635e-02 -1.1741631927441948e+02
9.1518343952964126e-02 -1.1741631927442423e+02
9.2044313284391402e-02 -1.1741631927442221e+02
9.2570282647452720e-02 -1.1741631927442248e+02
9.3096252042329339e-02 -1.1741631927442158e+02
9.3622221469202516e-02 -1.1741631927442036e+02
9.4148190928253508e-02 -1.1741631927442275e+02
9.4674160419663575e-02 -1.1741631927442180e+02
9.5200129943613959e-02 -1.1741631927442205e+02
9.5726099500285919e-02 -1.1741631927442178e+02
9.6252069089860712e-02 -1.1741631927442072e+02
9.6778038712519582e-02 -1.1741631927442280e+02
9.7304008368443787e-02 -1.1741631927442107e+02
9.7829978057814584e-02 -1.1741631927442187e+02
9.8355947780813219e-02 -1.1741631927442344e+02
9.8881917514309789e-02 -1.1741631927442178e+02
9.9407887214122137e-02 -1.1741631927442064e+02
9.9933856880431507e-02 -1.1741631927442204e+02
1.0000000000000001e-01 -1.1741631927442106e+02
