0.0000000000000000 1.0000000000000000 -11.72674002097941410621208378494952 0.99922262781873943684503561609878
0.0013551434168255 1.0000000000000000 -11.72674002562949170134439655727762 0.99921863735506103881268713005870
0.0027102845394098 1.0000000000000000 -11.72674003030159213423202255307185 0.99921952591508026665996301931601
0.0040654284393642 1.0000000000000000 -11.72674003496787518364692380389033 0.99920916814434610581269951303855
0.0054205543913094 1.0000000000000000 -11.72674003969470860592288600034541 0.99918970762991989508024766540481
0.0067756523867826 1.0000000000000000 -11.72674004453490964963966135764594 0.99917819276707171081816289603846
0.0081307355378437 1.0000000000000000 -11.72674004944173790634724665388697 0.99918025887139801004140981629875
0.0094858245990630 1.0000000000000000 -11.72674005433560641594805074341170 0.99918160119488760131880527018040
0.0108409170906226 1.0000000000000000 -11.72674005922202098935014800204909 0.99917119908712262917227736410330
0.0121959915648587 1.0000000000000000 -11.72674006417016009062971095292736 0.99915394354963266229193739699340
0.0135510410636310 1.0000000000000000 -11.72674006921944216527849671775335 0.99914135615371733330957234874051
0.0149060742538007 1.0000000000000000 -11.72674007434125279362807569897275 0.99914132930891477404090416493398
0.0162611105057399 1.0000000000000000 -11.72674007946190995775916864031627 0.99914091675465755394253545573791
0.0176161478473767 1.0000000000000000 -11.72674008458484431875991235514551 0.99911939805600643070852234269226
0.0189711520857854 1.0000000000000000 -11.72674008983396722374342718582241 0.99908821229982178232817370255051
0.0203261124468352 1.0000000000000000 -11.72674009526481881710049850300635 0.99907428944538059519549890997441
0.0216810546779914 1.0000000000000000 -11.72674010077561489117529606998557 0.99908376691221513701657935952302
0.0230360128500096 1.0000000000000000 -11.72674010623026648724394694765122 0.99909896407460350866639152662159
0.0243909933235466 1.0000000000000000 -11.72674011159726678570631901277406 0.99909817296599564425728698770851
0.0257459687943300 1.0000000000000000 -11.72674011697094613567034126826094 0.99907473562481501907251867141696
0.0271009108855954 1.0000000000000000 -11.72674012248163200267483910572186 0.99904776819701408458490374339999
0.0284558171452891 1.0000000000000000 -11.72674012814782700465568305002002 0.99904246924887044462023133994080
0.0298107192951791 1.0000000000000000 -11.72674013384283008921947554503648 0.99904486473385041674805022762917
0.0311656264282343 1.0000000000000000 -11.72674013952371469278686472797929 0.99903714059731073317682790536355
0.0325205191454799 1.0000000000000000 -11.72674014525109388465179792857937 0.99902460290888229161663258971119
0.0338753932545088 1.0000000000000000 -11.72674015105324130259776554691926 0.99902808745781838940420118244066
0.0352302728196950 1.0000000000000000 -11.72674015683540654833021893453656 0.99903240935615105311801666035816
0.0365851613114947 1.0000000000000000 -11.72674016259075029785890529487997 0.99902853081942604560841531250217
0.0379400463229036 1.0000000000000000 -11.72674016836795554645190316838880 0.99901492178510450622544507675986
0.0392949089261654 1.0000000000000000 -11.72674017422499182835098780850896 0.99898947268742166466211245870940
0.0406497353995311 1.0000000000000000 -11.72674018023154927933858684682271 0.99897967085191614479194660427050
0.0420045492986661 1.0000000000000000 -11.72674018629516158045058033791301 0.99899743884066954908806268510324
0.0433593903482133 1.0000000000000000 -11.72674019225464029311313636730423 0.99902193934948965782874717968501
0.0447142664517400 1.0000000000000000 -11.72674019807149813557464520247631 0.99900507163222676685378771661827
0.0460691157160049 1.0000000000000000 -11.72674020398689665378624245602328 0.99897390330621097484263821712149
0.0474239210823232 1.0000000000000000 -11.72674021008465441446757921488193 0.99895399546303756991401384978644
0.0487787001569558 1.0000000000000000 -11.72674021629873366726559305000332 0.99896036335180847849114599556105
0.0501334909092489 1.0000000000000000 -11.72674022247450408595882941547859 0.99898533881178220469359478388676
0.0514883174071632 1.0000000000000000 -11.72674022850491731897031641483650 0.99900199026361322932940514493462
0.0528431625127887 1.0000000000000000 -11.72674023443932954988295219161438 0.99897709144070661213532532857525
0.0541979722111833 1.0000000000000000 -11.72674024052030312570861852023548 0.99893972625626138268976706520171
0.0555527319303266 1.0000000000000000 -11.72674024681862530185589180346909 0.99893124883676795498937002156509
0.0569074831818235 1.0000000000000000 -11.72674025316486699018215815492110 0.99895249769503172125147531195240
0.0582622651732104 1.0000000000000000 -11.72674025938691576667686576555112 0.99897376904672539233877494189024
0.0596170720259165 1.0000000000000000 -11.72674026548610561302241354478937 0.99897111398647417498322089238083
0.0609718736262542 1.0000000000000000 -11.72674027160266870068820676084510 0.99894904477262221342269948743304
0.0623266459794896 1.0000000000000000 -11.72674027784935712968423322296929 0.99892415618162740242352842201670
0.0636813875960325 1.0000000000000000 -11.72674028423926832146902168807347 0.99892727293445402028569797206706
0.0650361354106658 1.0000000000000000 -11.72674029060922503272051011679483 0.99894350164929930662235190081376
0.0663909012356947 1.0000000000000000 -11.72674029688467658883659231098323 0.99895018791405204462491248222484
0.0677456744648442 1.0000000000000000 -11.72674030312372954663721660598736 0.99893968003807152120484601671368
0.0691004341139811 1.0000000000000000 -11.72674030942593872366652141123838 0.99892496340500345834660490921224
0.0704551768091514 1.0000000000000000 -11.72674031581353046166152800976027 0.99892320687351166246144254280246
0.0718099191430930 1.0000000000000000 -11.72674032220957704359794586509271 0.99892987906213179473954874800633
0.0731646665144061 1.0000000000000000 -11.72674032856579515326191384118180 0.99892889728784606823521080989806
0.0745194108780758 1.0000000000000000 -11.72674033492910732161378954444036 0.99891983877874975275784494147952
0.0758741436148807 1.0000000000000000 -11.72674034134768602285313469187667 0.99891345211482131266375597545325
0.0772288706821645 1.0000000000000000 -11.72674034780434401399706817735753 0.99891757825021405426453851689457
0.0785836054167449 1.0000000000000000 -11.72674035423579016822544825381573 0.99892474544268643523153641134060
0.0799383458473906 1.0000000000000000 -11.72674036062428760034512343832016 0.99892397592950072172435511261160
0.0812930835456707 1.0000000000000000 -11.72674036701774187908211408012257 0.99890924329133463566193750050264
0.0826478019092390 1.0000000000000000 -11.72674037349900412285197862200634 0.99889485621658570047742349377387
0.0840025037404063 1.0000000000000000 -11.72674038006541641179986700062521 0.99889913307562109725217421369532
0.0853572134940924 1.0000000000000000 -11.72674038660604161799301653192709 0.99891878530433943308175464412930
0.0867119458633989 1.0000000000000000 -11.72674039303198005014822769294510 0.99892318016582444962784422654013
0.0880666824915234 1.0000000000000000 -11.72674039943191467741384008741633 0.99890654622093884762532338594071
0.0894213971936466 1.0000000000000000 -11.72674040593019376169425328339629 0.99888625742081382038035793909362
0.0907760873466440 1.0000000000000000 -11.72674041254839485083819586068094 0.99888263716855383586414633733310
0.0921307747633317 1.0000000000000000 -11.72674041918745468958601942453102 0.99889804540635034938680868581689
0.0934854790272210 1.0000000000000000 -11.72674042573617629403370781178120 0.99891809611827931693305526252953
0.0948402087696070 1.0000000000000000 -11.72674043216743524131976704739233 0.99891166900178311330538653965065
0.0961949304156290 1.0000000000000000 -11.72674043863786075741987066993478 0.99888538570777833544558579672978
0.0975496193699395 1.0000000000000000 -11.72674044526306398349886465758331 0.99887030033368903893521333349395
0.0989042900901421 1.0000000000000000 -11.72674045197643407228934283534014 0.99888138100750645769674608108830
0.1002589717755990 1.0000000000000000 -11.72674045862369119151140999508787 0.99890094458800711971902482386111
0.1016136782659940 1.0000000000000000 -11.72674046515636908505294008761905 0.99891228472213032278705921606924
0.1029684007429032 1.0000000000000000 -11.72674047162504695577821246309466 0.99889145975381312537125493033578
0.1043230979175884 1.0000000000000000 -11.72674047821690658780628285695334 0.99886714438511354699414766980634
0.1056777643943989 1.0000000000000000 -11.72674048495121022812589299455493 0.99886629053946458813346674841343
0.1070324256381113 1.0000000000000000 -11.72674049168939629305804783065179 0.99888714772856296565879255621173
0.1083871134284623 1.0000000000000000 -11.72674049830510468682082365996067 0.99889867942892337785739931694354
0.1097418174523248 1.0000000000000000 -11.72674050485453282259338882771264 0.99889753876451290502626883990810
0.1110965228568404 1.0000000000000000 -11.72674051141308607792069844779238 0.99887084084639440757965199956568
0.1124511943799041 1.0000000000000000 -11.72674051812860853427509028949601 0.99885722487891331275541897569451
0.1138058433488451 1.0000000000000000 -11.72674052492265005486859509085572 0.99887215624807517134438124063954
0.1151605108149840 1.0000000000000000 -11.72674053162898347400756813125853 0.99888922241803578830167931309707
0.1165152020075913 1.0000000000000000 -11.72674053823536217347025917771744 0.99888829184006625146308752021668
0.1178698948528242 1.0000000000000000 -11.72674054484924682973252674804925 0.99887768435993287158507072560325
0.1192245756933601 1.0000000000000000 -11.72674055152751482195380167118013 0.99885655678696985468045505723015
0.1205792237786605 1.0000000000000000 -11.72674055832872359412292153380085 0.99885754334452907836578936260056
0.1219338714355589 1.0000000000000000 -11.72674056512306779184997215543784 0.99887628561499495036262348044716
0.1232885450784180 1.0000000000000000 -11.72674057180705895236349858854840 0.99888425472608873661066534388078
0.1246432324299610 1.0000000000000000 -11.72674057844654868073773570452646 0.99887292158340226065708422447683
0.1259979068506073 1.0000000000000000 -11.72674058515439579026575984095621 0.99886022971474387080672356540130
0.1273525599433664 1.0000000000000000 -11.72674059193769838730977757943853 0.99885046448882452813305575009181
0.1287071980128798 1.0000000000000000 -11.72674059877635461739514592674765 0.99886156084518614104992372612416
0.1300618516855279 1.0000000000000000 -11.72674060554867062580383743232560 0.99887717589847454059784633870792
0.1314165294225249 1.0000000000000000 -11.72674061223148912793364638305097 0.99887164155937220148681768334932
0.1327712021422492 1.0000000000000000 -11.72674061894898098014802777115398 0.99885730511427404115264830134944
0.1341258512911391 1.0000000000000000 -11.72674062575198272595269127460145 0.99884963070054431089149737179580
0.1354804882398622 1.0000000000000000 -11.72674063259943944458335803376174 0.99885195904340614299651597944946
0.1368351288880651 1.0000000000000000 -11.72674063943209729324314208690343 0.99886497809977311538081915404419
0.1381897900672663 1.0000000000000000 -11.72674064618856405588095232729896 0.99887118053334393546272789701273
0.1395444621938011 1.0000000000000000 -11.72674065291090662647477033880493 0.99885548882039080543784973282210
0.1408991088981709 1.0000000000000000 -11.72674065972708504285190366673463 0.99884393177625243860484117026346
0.1422537381236619 1.0000000000000000 -11.72674066661116083888699587156731 0.99884860416721192376073462035730
0.1436083742146870 1.0000000000000000 -11.72674067346756433022649318057955 0.99885562848496922821661442491748
0.1449630226937862 1.0000000000000000 -11.72674068028093261626042252266561 0.99886371196662341411867220034337
0.1463176847270715 1.0000000000000000 -11.72674068704924908649724069691603 0.99885621842575449865380958704179
0.1476723324421997 1.0000000000000000 -11.72674069386371380015322662372584 0.99883915147106927342764390023090
0.1490269551917377 1.0000000000000000 -11.72674070077909556369041490018160 0.99883995158786978296698583968696
0.1503815795412291 1.0000000000000000 -11.72674070768907769681368032399373 0.99885128367056704023908370446751
0.1517362221070454 1.0000000000000000 -11.72674071453167268324059399996451 0.99885782129266837255289941073950
0.1530908761911905 1.0000000000000000 -11.72674072133738138830250087677808 0.99885462980919774251577402134536
0.1544455217772609 1.0000000000000000 -11.72674072816361938726904272657937 0.99883882527040132932685302732419
0.1558001440952834 1.0000000000000000 -11.72674073508415170782919193375977 0.99882983314994191625952518934560
0.1571547547184165 1.0000000000000000 -11.72674074205709969155691696722887 0.99884248322341510081799891168985
0.1585093853305597 1.0000000000000000 -11.72674074895564093606840229421292 0.99885396141623199148577806409796
0.1598640342168533 1.0000000000000000 -11.72674075578666116366901273304168 0.99885238315416817565801238990732
0.1612186767796297 1.0000000000000000 -11.72674076262884130348935278313632 0.99884112259115165485066125823455
0.1625733022232799 1.0000000000000000 -11.72674076953893715231697478565492 0.99882460774784423527166320105895
0.1639279057557261 1.0000000000000000 -11.72674077654627691020311007352691 0.99883005203515983118530535004330
0.1652825194902508 1.0000000000000000 -11.72674078352165143705070223495975 0.99884712131266683041364664485117
0.1666371591293086 1.0000000000000000 -11.72674079039618459497407422963211 0.99885127112448911308392751980757
0.1679918002010667 1.0000000000000000 -11.72674079724822401227061037411700 0.99884070404935651124116347631199
0.1693464250820550 1.0000000000000000 -11.72674080416404253044646492722859 0.99882559798346857412975036350697
0.1707010299502284 1.0000000000000000 -11.72674081116948560138893333236748 0.99881911180361685564931182986677
0.1720556288279756 1.0000000000000000 -11.72674081821239428175712816688121 0.99883515168780309323658557905976
0.1734102522633487 1.0000000000000000 -11.72674082516051565273882157031175 0.99884884374217566022397957927674
0.1747648900605508 1.0000000000000000 -11.72674083202987307028347696986467 0.99884162750191224328970900511044
0.1761195161995372 1.0000000000000000 -11.72674083894339155447687437956202 0.99882757442696463876618361990548
0.1774741237421437 1.0000000000000000 -11.72674084594112222509679437559919 0.99881449276249096851377105039349
0.1788287163379358 1.0000000000000000 -11.72674085301546496561123861672893 0.99882139444531541921425483328568
0.1801833211502511 1.0000000000000000 -11.72674086004911598560968485418559 0.99884029323693804756617269058275
0.1815379473717502 1.0000000000000000 -11.72674086697211141842709929781267 0.99884291338519849475051434361126
0.1828925752613546 1.0000000000000000 -11.72674087388188193526119275095182 0.99882882293802817070323922531360
0.1842471844903994 1.0000000000000000 -11.72674088087592668601499910238767 0.99881597876286149516970825379324
0.1856017790814676 1.0000000000000000 -11.72674088794603510660933871896978 0.99881151203197867898784375583958
0.1869563705272769 1.0000000000000000 -11.72674089504219170904332599330037 0.99882565954188430639808071220384
0.1883109769233058 1.0000000000000000 -11.72674090205428619826223502829132 0.99883966910695357521260045481116
0.1896656004188585 1.0000000000000000 -11.72674090898626446529631941023496 0.99883257774948812106125458134993
0.1910202147314192 1.0000000000000000 -11.72674091596221904807654550588344 0.99881630066238775600246826627847
0.1923748097360792 1.0000000000000000 -11.72674092303501412436514241716925 0.99880793240049127187020965092100
0.1937293963693229 1.0000000000000000 -11.72674093015652536855520205038732 0.99881281526761617082948333478906
0.1950839853728750 1.0000000000000000 -11.72674093724819134167080764857278 0.99882939545819841573680842398426
0.1964385949470400 1.0000000000000000 -11.72674094424420876678964552613182 0.99883392436416531378976489999139
0.1977932110823987 1.0000000000000000 -11.72674095121626333888568146790530 0.99882003948953447737866833130113
0.1991478111391373 1.0000000000000000 -11.72674095827151249180599095715296 0.99880612182391981683448874428552
0.2005023953620914 1.0000000000000000 -11.72674096540855616595142436341252 0.99880550446751700210566330789757
0.2018569744812308 1.0000000000000000 -11.72674097254919106195122364481095 0.99881561875066320346746437746398
0.2032115653868503 1.0000000000000000 -11.72674097962972403618583247371131 0.99882874317245871247980474814060
0.2045661744954987 1.0000000000000000 -11.72674098663547652654299787778463 0.99882294455336838377676269724032
0.2059207784765327 1.0000000000000000 -11.72674099367787559374793410084605 0.99880731940739034944175481183808
0.2072753643680010 1.0000000000000000 -11.72674100081302319452062415066434 0.99880235621570120403987404950501
0.2086299392487282 1.0000000000000000 -11.72674100797713787018381690097334 0.99880485243408656812280316605238
0.2099845155707382 1.0000000000000000 -11.72674101512512243587474823699471 0.99881722276716158449688911089663
0.2113391090589036 1.0000000000000000 -11.72674102220253261695731373014717 0.99882314997535140693462182171811
0.2126937133072067 1.0000000000000000 -11.72674102924812520923731837996919 0.99881056318416216274298392001851
0.2140483036402226 1.0000000000000000 -11.72674103636918883461167524976447 0.99879880357785382261116521021662
0.2154028737329614 1.0000000000000000 -11.72674104355916807191277877106308 0.99879914087741412704502334076743
0.2167574423265639 1.0000000000000000 -11.72674105074630014303781607810054 0.99880612709008915538717514282248
0.2181120207712895 1.0000000000000000 -11.72674105789311384366297061862808 0.99881526304458801313686435158765
0.2194666143139765 1.0000000000000000 -11.72674106498852755983213141569832 0.99881385506858116447735361695768
0.2208212091483160 1.0000000000000000 -11.72674107209522990609524241621036 0.99879886557445635457988812133700
0.2221757793498832 1.0000000000000000 -11.72674107929051219376688780257371 0.99879524284938080768421523302650
0.2235303426697782 1.0000000000000000 -11.72674108650716384631955823047225 0.99879801145441322889512593664536
0.2248849101088159 1.0000000000000000 -11.72674109370629223338243134863334 0.99880527044811124462492043481096
0.2262394900878322 1.0000000000000000 -11.72674110086483567728726328378554 0.99881009515319371541102535462830
0.2275940798570222 1.0000000000000000 -11.72674110799808753563417729438248 0.99880046350662155575373630460583
0.2289486522471800 1.0000000000000000 -11.72674111518930039347934002249535 0.99879113077180760786384211681339
0.2303032099996009 1.0000000000000000 -11.72674112243540723974524978133726 0.99879419595122855410257295250943
0.2316577722614720 1.0000000000000000 -11.72674112966230199224231564806868 0.99879695773480526917553709301558
0.2330123409522593 1.0000000000000000 -11.72674113687441100358178929007780 0.99880123018748770939240269173479
0.2343669187321938 1.0000000000000000 -11.72674114406369603286272283081843 0.99880195768054100998553688075654
0.2357214931683726 1.0000000000000000 -11.72674115125161488995447377458078 0.99878918488523323828062557981243
0.2370760482881644 1.0000000000000000 -11.72674115851488058433657548818759 0.99878811302925615526488707117517
0.2384306022939740 1.0000000000000000 -11.72674116578427841184010681646232 0.99879224118817577126983656689637
0.2397851645693133 1.0000000000000000 -11.72674117302940229930791798701765 0.99879340601156447589592366902999
0.2411397317732728 1.0000000000000000 -11.72674118026959780404479885542190 0.99879514358258762750471802463298
0.2424942969882695 1.0000000000000000 -11.72674118750251258566413422092746 0.99878954282802534608038968943392
0.2438488525991213 1.0000000000000000 -11.72674119476974924866235829949080 0.99878339185455551194703428455038
0.2452034001938891 1.0000000000000000 -11.72674120207353311541903663483959 0.99878694299115838388898113157220
0.2465579552622541 1.0000000000000000 -11.72674120935530764053857234504771 0.99878863098207210860720199882797
0.2479125160293992 1.0000000000000000 -11.72674121662887161542567407436874 0.99878740306444344136760902139826
0.2492670707697352 1.0000000000000000 -11.72674122391178196870442276934012 0.99878528009782979565039565612362
0.2506216206069221 1.0000000000000000 -11.72674123120968303347187610497664 0.99878018638481026195078734315740
0.2519761638467258 1.0000000000000000 -11.72674123853805113383360172456511 0.99878041126874804512640144190038
0.2533307100344610 1.0000000000000000 -11.72674124586459724549698739415520 0.99878572933399937652857069687882
0.2546852669097606 1.0000000000000000 -11.72674125316096438016621811209321 0.99878240728169729050160221838776
0.2560398149016318 1.0000000000000000 -11.72674126047879261949995156656613 0.99877792052089882859719904081542
0.2573943547682968 1.0000000000000000 -11.72674126782564642761881281136414 0.99877616181194618351747738392423
0.2587488925445633 1.0000000000000000 -11.72674127518418863501989069709376 0.99877525829537757913453431731750
0.2601034317227964 1.0000000000000000 -11.72674128254867786407837806676410 0.99877931812274416002340682889538
0.2614579799500865 1.0000000000000000 -11.72674128988866082969293358619813 0.99878016150479430949744431097363
0.2628125249267968 1.0000000000000000 -11.72674129722544619665010116513614 0.99877343607390057324594018752955
0.2641670587257760 1.0000000000000000 -11.72674130460395591422926731716327 0.99876682708964849563950140310606
0.2655215838400336 1.0000000000000000 -11.72674131202342913722311376633826 0.99876970328030090337275873853152
0.2668761154660485 1.0000000000000000 -11.72674131942707510663349050279428 0.99877270786595039966286281287394
0.2682306547775057 1.0000000000000000 -11.72674132681241974378397900118874 0.99877740237633263484639398744039
0.2695851960458044 1.0000000000000000 -11.72674133417154639506917475158542 0.99877103284383496058184058330504
0.2709397266030384 1.0000000000000000 -11.72674134157028278709496998357947 0.99876030813385057153306560436011
0.2722942428775302 1.0000000000000000 -11.72674134903447157251430895806808 0.99875963145435696817344710371560
0.2736487608289287 1.0000000000000000 -11.72674135650380769525746945255257 0.99876588266614165487799243971395
0.2750032909336513 1.0000000000000000 -11.72674136393668608330762272082574 0.99877103525907589773029097533124
0.2763578236020828 1.0000000000000000 -11.72674137133976451441720920750856 0.99877004024517013124007714557145
0.2777123528332610 1.0000000000000000 -11.72674137875054940453836202298197 0.99875788167701927203427725950333
0.2790668658212851 1.0000000000000000 -11.72674138623505288990299327937719 0.99874852138982292233364986730493
0.2804213686931899 1.0000000000000000 -11.72674139377646669523402980725314 0.99875664776773082372172515280909
0.2817758863216368 1.0000000000000000 -11.72674140127155587943405205176497 0.99876343228397563884821804838470
0.2831304087137102 1.0000000000000000 -11.72674140872610213638155362003342 0.99876702521130581417333490063920
0.2844849338766265 1.0000000000000000 -11.72674141616114897539005003316858 0.99875803847022672477139577711953
0.2858394470832230 1.0000000000000000 -11.72674142365145497086630884387282 0.99874277855680895925300905810695
0.2871939421570789 1.0000000000000000 -11.72674143123378803531375650475697 0.99874219397185395716319291446783
0.2885484402288449 1.0000000000000000 -11.72674143882046267700887057021509 0.99875456609620420969106681539239
0.2899029506299015 1.0000000000000000 -11.72674144633441178666718991663830 0.99876138029341157426328529438283
0.2912574681575624 1.0000000000000000 -11.72674145380971704876665451140968 0.99875880184168099518461743014672
0.2926119824060137 1.0000000000000000 -11.72674146130221250891697346867470 0.99874109703714840421546579298823
0.2939664751913754 1.0000000000000000 -11.72674146890107342897328829357119 0.99873088138494291195314462566843
0.2953209579635480 1.0000000000000000 -11.72674147656183546407513404766148 0.99874034002818537557309882340324
0.2966754491017483 1.0000000000000000 -11.72674148416814585554460108784631 0.99875270163322873430364634250867
0.2980299548777254 1.0000000000000000 -11.72674149170172897169371558472541 0.99875516003899827196941538022478
0.2993844641927113 1.0000000000000000 -11.72674149922264730200803397960910 0.99874298031662330330198227211477
0.3007389595241042 1.0000000000000000 -11.72674150681778529729220615845009 0.99872496445739978991539776728441
0.3020934343105424 1.0000000000000000 -11.72674151452117817656097427875663 0.99872449187218884080068098938193
0.3034479039820148 1.0000000000000000 -11.72674152222840021738374414374347 0.99873898951403797100307898101680
0.3048023911761216 1.0000000000000000 -11.72674152985018529009440261567685 0.99874908247430431549143024028204
0.3061568922509850 1.0000000000000000 -11.72674153741438181065969903000627 0.99874454476162716297650467949497
0.3075113896936746 1.0000000000000000 -11.72674154500759795521846166898465 0.99872351847758509501714954061201
0.3088658625551861 1.0000000000000000 -11.72674155272680649331924323226433 0.99871306232942677688490308107044
0.3102203167491185 1.0000000000000000 -11.72674156050920744600400948455112 0.99872187356821393428243735155293
0.3115747807414861 1.0000000000000000 -11.72674156824032475035706268466436 0.99873781825464041319838559172651
0.3129292665385826 1.0000000000000000 -11.72674157587861267565906522610247 0.99874086959040767059580750387723
0.3142837589835268 1.0000000000000000 -11.72674158350096540518835147808511 0.99872626894113294808967081386031
0.3156382356105088 1.0000000000000000 -11.72674159121194340114362212807625 0.99870648397353508916991840286933
0.3169926809043547 1.0000000000000000 -11.72674159904155193722118095234694 0.99870638151862075903278639468434
0.3183471238947756 1.0000000000000000 -11.72674160687308794994658116290899 0.99872064969769415124108628559992
0.3197015864035962 1.0000000000000000 -11.72674161462049338317739583148888 0.99873369983243567751880982229400
0.3210560691081528 1.0000000000000000 -11.72674162229309919054380384932138 0.99872703441209308358350083227054
0.3224105468091027 1.0000000000000000 -11.72674163000742470375876101442832 0.99870551226969884876662974530743
0.3237649908058716 1.0000000000000000 -11.72674163785075837284281988741209 0.99869435446344435095335905956732
0.3251194174918510 1.0000000000000000 -11.72674164576143310420832494484533 0.99870268386693171694341247221841
0.3264738556285600 1.0000000000000000 -11.72674165362333000475419733311361 0.99871857139918683694890107222875
0.3278283177959438 1.0000000000000000 -11.72674166139335180673291060396703 0.99872424495144449877447484534775
0.3291827917516954 1.0000000000000000 -11.72674166913233790948292426458486 0.99870827638851472491542456307211
0.3305372395187091 1.0000000000000000 -11.72674167696799812369783387457886 0.99868762414385637310396514940720
0.3318916570832059 1.0000000000000000 -11.72674168492752231528717881338880 0.99868706234623695388147865004311
0.3332460740257196 1.0000000000000000 -11.72674169289176525406658469680693 0.99870034313548627804633408871312
0.3346005114496634 1.0000000000000000 -11.72674170077795976240876155030100 0.99871327758638676301880010697126
0.3359549705724595 1.0000000000000000 -11.72674170858993833263447384613883 0.99870765078224219148634618269599
0.3373094175148773 1.0000000000000000 -11.72674171643769959667322972940396 0.99868671261078654019102082125809
0.3386638338504306 1.0000000000000000 -11.72674172441129466241449132788290 0.99867469621731894110010395083453
0.3400182340135893 1.0000000000000000 -11.72674173245765361935541659100236 0.99868161059148806024527859910789
0.3413726460090847 1.0000000000000000 -11.72674174046342306691116447711573 0.99869608472515062827574086260843
0.3427270818594845 1.0000000000000000 -11.72674174838582744770656982129218 0.99870306491598431313115174674712
0.3440815226092951 1.0000000000000000 -11.72674175626963264417353677825747 0.99868765880353496351897536675340
0.3454359402373815 1.0000000000000000 -11.72674176424694227862427031690538 0.99866793274572072002606419054515
0.3467903312203515 1.0000000000000000 -11.72674177234283831922094726937242 0.99866544094348706014480920519254
0.3481447212628410 1.0000000000000000 -11.72674178045447721405009897544511 0.99867755189104774879723994501748
0.3494991320268232 1.0000000000000000 -11.72674178849576221042587505831642 0.99868922018684749996190224071435
0.3508535540300068 1.0000000000000000 -11.72674179647024070040287601968988 0.99868527941928306274452736622123
0.3522079684427552 1.0000000000000000 -11.72674180447083942256416936518285 0.99866604768234737503821467670926
0.3535623568631903 1.0000000000000000 -11.72674181258728667793923176833848 0.99865377648965749790552644391171
0.3549167310631922 1.0000000000000000 -11.72674182077839778536282176052021 0.99865812482791320940894805558454
0.3562711155315064 1.0000000000000000 -11.72674182894413193176261853116931 0.99867151027979582858297403327363
0.3576255135496420 1.0000000000000000 -11.72674183703288214353924033843919 0.99867601517245082663190488736403
0.3589799154131010 1.0000000000000000 -11.72674184509765625787491105189864 0.99866464725544032101912476676665
0.3603343019310759 1.0000000000000000 -11.72674185323242772455591656752000 0.99864676733310574322706710093612
0.3616886666043610 1.0000000000000000 -11.72674186147505794577592978667438 0.99864194160003575886309482222402
0.3630430291795906 1.0000000000000000 -11.72674186974711317265963359017441 0.99865237317316042618477411721305
0.3643974012806657 1.0000000000000000 -11.72674187795911338439432890681772 0.99866141897962743177382811361815
0.3657517833671847 1.0000000000000000 -11.72674188611998107416390653559754 0.99865804107252649323985804432986
0.3671061609258648 1.0000000000000000 -11.72674189430380700550017595415760 0.99864396154596194475580679620183
0.3684605217756844 1.0000000000000000 -11.72674190257320361830823557059680 0.99863074438106703933551198244642
0.3698148692215882 1.0000000000000000 -11.72674191092325137428278381140746 0.99863278483257157249695514663474
0.3711692147959243 0.9999999999999999 -11.72674191926164807713551068010767 0.99864446361685259130924147588589
0.3725235739085898 0.9999999999999999 -11.72674192753333495485313628385043 0.99864593095875713881769390528458
0.3738779350461453 0.9999999999999999 -11.72674193579905802045023873104972 0.99863837829911366551498949187850
0.3752322883080199 0.9999999999999999 -11.72674194411236216546928070455571 0.99862342141524402237284679013511
0.3765866258796440 0.9999999999999999 -11.72674195251652058819402530282793 0.99861656507664348094738244765857
0.3779409494973533 1.0000000000000000 -11.72674196096202695037661662469836 0.99862466302508616640010204411026
0.3792952817796905 1.0000000000000000 -11.72674196936165431268513640382774 0.99863070399263566581150618361155
0.3806496222715331 1.0000000000000000 -11.72674197772810480224998928055255 0.99862747088460387678582759027326
0.3820039607272672 1.0000000000000001 -11.72674198611689407711067037574158 0.99861938371317413936167118917215
0.3833582928804381 1.0000000000000002 -11.72674199455596407341038084709068 0.99860491443244687283103012759281
0.3847126007392462 1.0000000000000003 -11.72674200308283242074474461154510 0.99860521672846014126136525976711
0.3860669066736558 1.0000000000000004 -11.72674201160908378516981101318984 0.99861383136468550404966473461301
0.3874212242904190 1.0000000000000005 -11.72674202008692091110402646908571 0.99861320897061160408437787820443
0.3887755433933075 1.0000000000000006 -11.72674202857130752099874901459099 0.99860763611508294829584201869693
0.3901298595971401 1.0000000000000007 -11.72674203709159451484640070340713 0.99859735415346635378899946820909
0.3914841572446929 1.0000000000000007 -11.72674204567539694365186478771662 0.99858881394910857290480569817382
0.3928384409598532 1.0000000000000007 -11.72674205431072722544458011294451 0.99859400941370337805050497686859
0.3941927317035466 1.0000000000000005 -11.72674206291761171552092086827506 0.99859703101166061897012595422599
0.3955470288575380 1.0000000000000003 -11.72674207150947081838569175035772 0.99859405398523546282422880944182
0.3969013266141838 0.9999999999999999 -11.72674208012225571406389834116668 0.99858815831027325023106256387459
0.3982556118317561 0.9999999999999993 -11.72674208877217461711003243247839 0.99857674348128425101714167261022
0.3996098792032631 0.9999999999999985 -11.72674209749181959749431818172892 0.99857499565129481603613426887411
0.4009641441707455 0.9999999999999976 -11.72674210622382157367359949811201 0.99857912260538649128324856824788
0.4023184170304747 0.9999999999999965 -11.72674211493412648462435488296305 0.99857810238480253860188881680801
0.4036726931284782 0.9999999999999953 -11.72674212365359936002434401721534 0.99857337996384494777134008870771
0.4050269583434099 0.9999999999999941 -11.72674213240392179214488104857823 0.99856699186653122558241411038581
0.4063812125152363 0.9999999999999931 -11.72674214119500260641283030898777 0.99855848887004128064520770924546
0.4077354551063035 0.9999999999999924 -11.72674215003765955526819027604716 0.99855982587795951927162163253678
0.4090897017894294 0.9999999999999922 -11.72674215887506792098023327711353 0.99856072925549936058188257864744
0.4104439543020196 0.9999999999999927 -11.72674216771035157848839657334124 0.99855762708898989183628688434612
0.4117981981903357 0.9999999999999943 -11.72674217656719666774000558115309 0.99855304492875386607723844133197
0.4131524334709964 0.9999999999999970 -11.72674218545347712815755295127751 0.99854553331704796175428689889755
0.4145066585008659 1.0000000000000012 -11.72674219438646071743798275056648 0.99854163999896500292045915515027
0.4158608805136946 1.0000000000000070 -11.72674220334514339164020439373840 0.99854116527340156406865120196087
0.4172151064700860 1.0000000000000146 -11.72674221230976416199761430726996 0.99853980000420750799703388043835
0.4185693262160041 1.0000000000000239 -11.72674222128568320026068198700361 0.99853596328664792388232159439407
0.4199235383516424 1.0000000000000346 -11.72674223028733111989709683645351 0.99853193497329767410466670020993
0.4212777449464879 1.0000000000000463 -11.72674223931585465661247639525708 0.99852518156696197412295869599296
0.4226319446305555 1.0000000000000582 -11.72674224838603500785487455927992 0.99852200817420693360919214142228
0.4239861445820738 1.0000000000000685 -11.72674225747810654741846043556608 0.99852061069910686521280889123323
0.4253403383354062 1.0000000000000760 -11.72674226658186413506376421294764 0.99851778017609255657897393067767
0.4266945258293638 1.0000000000000793 -11.72674227570570078510298609741826 0.99851490354466835368599589263545
0.4280487093306042 1.0000000000000760 -11.72674228484913540738667754702464 0.99850889610680245252302494159071
0.4294028869183912 1.0000000000000637 -11.72674229403032928707449574675024 0.99850453332951949461054346724859
0.4307570631452904 1.0000000000000411 -11.72674230324058386960700723727400 0.99849991090673768944732671274314
0.4321112288550356 1.0000000000000054 -11.72674231248175313831385275442782 0.99849815220150522862806014434597
0.4334653897448469 0.9999999999999545 -11.72674232173682542415039351227839 0.99849552352128494009113145158997
0.4348195469642305 0.9999999999998874 -11.72674233101047915077729747768549 0.99849270698470450381804598506330
0.4361737025834588 0.9999999999998040 -11.72674234030369195064440072867217 0.99848750720528142009980871285147
0.4375278556918621 0.9999999999997058 -11.72674234963017021143553200711121 0.99848058499079149904664991445988
0.4388819952193375 0.9999999999995959 -11.72674235900105374651650688325053 0.99847657104639392126044712059345
0.4402361268534620 0.9999999999994800 -11.72674236839948346893523796569547 0.99847491836417301825481750300866
0.4415902561263884 0.9999999999993677 -11.72674237781113248868136942446586 0.99847371837003771770687427795522
0.4429443859771909 0.9999999999992780 -11.72674238723271817967782392024958 0.99846804999993784369001884118068
0.4442985126670427 0.9999999999992195 -11.72674239669023599966602055476527 0.99846276165019318723268157222295
0.4456526280491953 0.9999999999992096 -11.72674240618268241063408980584366 0.99845513945243407798465453411520
0.4470067306287689 0.9999999999992689 -11.72674241572435014605836827131641 0.99845253545024729073661514525381
0.4483608295417873 0.9999999999994186 -11.72674242528518502889004676515326 0.99845188773153094568243344527200
0.4497149297668301 0.9999999999996723 -11.72674243485286084688020451378798 0.99845023230120265331757357078787
0.4510690322584283 1.0000000000000551 -11.72674244443317969470801636133294 0.99844352200251054614245792586576
0.4524231215741873 1.0000000000005827 -11.72674245405625991969855799358441 0.99843543172184788600827917990812
0.4537771974358037 1.0000000000012620 -11.72674246373126962501204636435272 0.99842865200216300907272816257375
0.4551312639517260 1.0000000000020916 -11.72674247345075550834885461462699 0.99842844623226478681924938421013
0.4564853323634766 1.0000000000030531 -11.72674248317498856665516611608276 0.99842918847525592996269421654407
0.4578394062781813 1.0000000000041131 -11.72674249289773222767595907516261 0.99842319327986247646759952654586
0.4591934680514676 1.0000000000052175 -11.72674250265858733388936624672993 0.99841601530260621612421171092368
0.4605475175898778 1.0000000000062757 -11.72674251246613999678686725597754 0.99840658461220942926304660864395
0.4619015541703074 1.0000000000071223 -11.72674252233416680558785572819731 0.99840248054651367494007825956420
0.4632555873431842 1.0000000000076763 -11.72674253223054363194186580860845 0.99840478153402884566347340077939
0.4646096281168767 1.0000000000077796 -11.72674254211626552866909556923505 0.99840415883044112710723535574000
0.4659636641044912 1.0000000000072519 -11.72674255200836433432057798438697 0.99839441759006758075715127846185
0.4673176843616366 1.0000000000059019 -11.72674256196205493320225425707662 0.99838596089620060381625024275136
0.4686716929634640 1.0000000000036176 -11.72674257197050140710694236482365 0.99837700825229489563276649630475
0.4700256915646785 1.0000000000001683 -11.72674258203678829727918078742494 0.99837750094092799787529106481945
0.4713796952972852 0.9999999999954153 -11.72674259210373489950307588600926 0.99838080634269398815800189347383
0.4727336996456075 0.9999999999892781 -11.72674260215383879706592578009021 0.99837427972171755867061847628439
0.4740876926027028 0.9999999999817914 -11.72674261224573981271274948163711 0.99836366187089031163113670979182
0.4754416709540683 0.9999999999730732 -11.72674262240541129117107773199049 0.99835393652703807330759054926400
0.4767956382383428 0.9999999999633745 -11.72674263262787495863337461553500 0.99834832892589205314398252287390
0.4781496023628801 0.9999999999531348 -11.72674264288805029988504324795153 0.99835337455848560226437253232309
0.4795035695426798 0.9999999999429846 -11.72674265312118688381583017474434 0.99835410439374166941847318629815
0.4808575351509025 0.9999999999343282 -11.72674266335258566382934499528389 0.99834081160077363348420502247533
0.4822114825049051 0.9999999999279234 -11.72674267366761141845099572001663 0.99833174274543571947439263813078
0.4835654196623151 0.9999999999249823 -11.72674268404168220060851563572402 0.99832139584583225005620429131505
0.4849193472135350 0.9999999999269649 -11.72674269448234935791735862753719 0.99832151549215287318158135891867
0.4862732712235967 0.9999999999354841 -11.72674270492586751089080319849862 0.99832786337705275247203028855271
0.4876272012590485 0.9999999999516579 -11.72674271533416725572476458044196 0.99831985112057568522363701188419
0.4889811201799540 0.9999999999773453 -11.72674272579398486473954341952521 0.99830675348675152189821393955062
0.4903350234194704 1.0000000000139936 -11.72674273633706953292181264581289 0.99829678837357539896125107862700
0.4916889175504196 1.0000000000625735 -11.72674274694498508383322787366167 0.99829005537048273384110163905172
0.4930427989355335 1.0000000001234804 -11.72674275759753317045104677281890 0.99829629518769122921100160364602
0.4943966861765101 1.0000000001962052 -11.72674276821582278221028962187464 0.99829919979529284960519727976665
0.4957505770857381 1.0000000002791821 -11.72674277881974411453359782233712 0.99828259119232435381416008465587
0.4971044475298935 1.0000000003697338 -11.72674278952790035240452268984504 0.99827162193450374473009595239200
0.4984583074823078 1.0000000004636599 -11.72674280030707791798465086686237 0.99826144948076643484251445941919
0.4998121501169063 1.0000000005551425 -11.72674281115214631140004995042939 0.99826100537712360670699207583333
0.5011659895191080 1.0000000006319286 -11.72674282200368658809895077099996 0.99827018589894061008584675109988
0.5025198410776821 1.0000000006874954 -11.72674283280289780448766488135933 0.99826062190579570667643582013362
0.5038736817020974 1.0000000007113628 -11.72674284366368466995732360791617 0.99824495882249508788026857308682
0.5052275054465843 1.0000000006910630 -11.72674285462395105620460306544918 0.99823496178406089553254816923926
0.5065813122071754 1.0000000006132048 -11.72674286564966222296130698302474 0.99822733162367867741017541810640
0.5079351059657175 1.0000000004681038 -11.72674287672572285623541913227011 0.99823394403256582814070090066130
0.5092889083738823 1.0000000002400518 -11.72674288776542620263116062000658 0.99823830306846328620857549024607
0.5106427187066115 0.9999999999172271 -11.72674289878231777134076837742183 0.99821951575497604888916327204585
0.5119965078989356 0.9999999994913913 -11.72674290991730143046360366795618 0.99820691687209113566565404342553
0.5133502766768695 0.9999999989588872 -11.72674292113356726827237247841194 0.99819680033285578982477106029634
0.5147040290566165 0.9999999983226705 -11.72674293241588675399435850521543 0.99819571400069888910476650885420
0.5160577796206525 0.9999999975962018 -11.72674294370886731670932687500978 0.99820590781425688078255013066605
0.5174115459980617 0.9999999967981362 -11.72674295494330675490427042716861 0.99819621764723872509098317878835
0.5187653035485406 0.9999999959604109 -11.72674296624090365040917426884391 0.99817833809845643686812888330893
0.5201190336226027 0.9999999951281385 -11.72674297765200255561768052286023 0.99816829743029499567408773473799
0.5214727473773255 0.9999999943663834 -11.72674298912939290841680776917287 0.99815981250785104263741455138093
0.5228264492578790 0.9999999937829252 -11.72674300066269101683423536889906 0.99816629536188374067612826466085
0.5241801618942782 0.9999999934333865 -11.72674301216061860369360964108677 0.99817161839305463663348567212148
0.5255338860399487 0.9999999934177476 -11.72674302363025935235051420756792 0.99815137288136154775408309455019
0.5268875796011867 0.9999999938447121 -11.72674303522739317678703935849756 0.99813731014567852152298979106770
0.5282412513644751 0.9999999948203348 -11.72674304691528988120586759104366 0.99812714342805819559472538086425
0.5295949089481464 0.9999999964267681 -11.72674305867010103349508578484005 0.99812538723877818280916683087735
0.5309485660888257 0.9999999988002953 -11.72674307043999834796732874774672 0.99813549560916097169721830704140
0.5323022412033482 1.0000000020221982 -11.72674308215195697336190411214316 0.99812596977548081489117415773924
0.5336559003725619 1.0000000061475766 -11.72674309392671263251752641893764 0.99810662376088719600162843180809
0.5350095305551201 1.0000000111916897 -11.72674310582457817594707591287784 0.99809586520384991964207467925720
0.5363631457308422 1.0000000171195455 -11.72674311779368977506187386287580 0.99808709358316280207102405513712
0.5377167509239773 1.0000000238431071 -11.72674312982094231767170485113517 0.99809301525792862267922808937236
0.5390703683871985 1.0000000311471473 -11.72674314181645018442259758748453 0.99809728351646434924788393370745
0.5404239887135480 1.0000000387578153 -11.72674315379025872990316211070049 0.99807775934254240046060491069291
0.5417775797885946 1.0000000463018190 -11.72674316588802568355538622846110 0.99806237829607783252466134528596
0.5431311495634476 1.0000000532547390 -11.72674317808526851040754866189831 0.99805191947269690145508089281552
0.5444847070421603 1.0000000587708054 -11.72674319035183162120974026234948 0.99804959027260071284099519564517
0.5458382655750274 1.0000000624031796 -11.72674320263746397451831102357518 0.99805850324749867933999674769552
0.5471918333701303 1.0000000633725142 -11.72674321487245794310487550995631 0.99804885777844834631177268730361
0.5485453852888367 1.0000000608338160 -11.72674322717154933867749802672122 0.99802946946720326193561413985229
0.5498989104487505 1.0000000539049500 -11.72674323959482843426833610634720 0.99801788179528067155492823832952
0.5512524217562647 1.0000000419804088 -11.72674325209504934778237484657228 0.99800869014117561835020366746898
0.5526059247847606 1.0000000241194378 -11.72674326465653004476635976225862 0.99801367957284885708412983109181
0.5539594318531156 0.9999999995313091 -11.72674327719190620530495082431871 0.99801639662244787878599838335745
0.5553129397890168 0.9999999677146215 -11.72674328971567852823293344492440 0.99799799634187968885946911277718
0.5566664222825219 0.9999999284525189 -11.72674330235747499391125235514545 0.99798183528188984193265082197229
0.5580198846962787 0.9999998818992932 -11.72674331510413557689987566613887 0.99797088130153049411362944672249
0.5593733364146091 0.9999998287441868 -11.72674332792379042762190528160165 0.99796793064936160058459065805375
0.5607267815011910 0.9999997702004557 -11.72674334076668636353994974621134 0.99797537268858231164472671174280
0.5620802338416462 0.9999997081640328 -11.72674335356820802948713660100811 0.99796462404979916497885247398605
0.5634336710936542 0.9999996452958404 -11.72674336644109231896758516147592 0.99794646142507608136443391423009
0.5647870855267496 0.9999995850888036 -11.72674337943161360733820116676612 0.99793415048767891618469252440700
0.5661404873980804 0.9999995334591662 -11.72674339250416514812975296378068 0.99792429533686117891499565043313
0.5674938733691635 0.9999994946214158 -11.72674340564250432879683348597196 0.99792762962394507776656305606511
0.5688472610019032 0.9999994743999225 -11.72674341876507050516505975397008 0.99792924452519553302143027468385
0.5702006502908435 0.9999994795545990 -11.72674343188346361998969107916768 0.99791093272642830918020635584263
0.5715540165342747 0.9999995173936486 -11.72674344512019291046713533841838 0.99789537900115850607762534972211
0.5729073657922951 0.9999995952640226 -11.72674345845883494074083577856497 0.99788365840254398702468759133622
0.5742606967134016 0.9999997192744298 -11.72674347187568691527035245371139 0.99788000350919612267134906885614
0.5756140197965881 0.9999998982481172 -11.72674348532067237180439969891840 0.99788583740187288056177617300216
0.5769673502353448 1.0000001389353914 -11.72674349873458449818337805890479 0.99787351570618886286952586434790
0.5783206657283857 1.0000004468228730 -11.72674351223022712802285723852974 0.99785680828854661388154632658058
0.5796739626458430 1.0000008253567791 -11.72674352583553123483883664681459 0.99784431999645885928669650952997
0.5810272402765966 1.0000012757594433 -11.72674353952439521528770236952778 0.99783350705871954763397613563893
0.5823805003410070 1.0000017974009634 -11.72674355328553594535224722641461 0.99783520237510300323578018124931
0.5837337621263033 1.0000023844943738 -11.72674356704134056485072614443883 0.99783509709335773002803559640089
0.5850870255101519 1.0000030274174931 -11.72674358080420289329109702823790 0.99781638778521389126580704034123
0.5864402675782626 1.0000037116851823 -11.72674359468872151283458737440745 0.99780256475855988913220850550075
0.5877934886394335 1.0000044148662247 -11.72674360866520007411824976891292 0.99778988140842132049258862922454
0.5891466895768157 1.0000051144622904 -11.72674362272650848694195353181011 0.99778468889141830864428934590172
0.5904998828721367 1.0000057837522747 -11.72674363682609702797293435135934 0.99778978753176297680904443424258
0.5918530848003168 1.0000063930114636 -11.72674365089971669624171873294497 0.99777537046965001849926321830437
0.5932062712089948 1.0000069063321213 -11.72674366506877830883800101314297 0.99775961834138142117996984259311
0.5945594340830802 1.0000072718431271 -11.72674367934226757925060889428273 0.99774805607732238860358006509666
0.5959125783327055 1.0000074747532836 -11.72674369369432469495528566056011 0.99773568630137669522426614499869
0.5972657051847842 1.0000074805172255 -11.72674370812901205298223014658165 0.99773600778125134729914125008625
0.5986188341681189 1.0000072569091366 -11.72674372256732154704191437495397 0.99773368226953140833942759574587
0.5999719640059475 1.0000067762357639 -11.72674373702701827247395501904048 0.99771461585038064199121016707640
0.6013250659027028 1.0000060397811381 -11.72674375161150324259547078749785 0.99770261880574491837149794745604
0.6026781485638473 1.0000050282425233 -11.72674376627753176906558523850886 0.99768905087729186598031359714037
0.6040312121806815 1.0000037427925942 -11.72674378103449347168532167660576 0.99768227039535792631723817638975
0.6053842682744312 1.0000022089565565 -11.72674379584031352670542168954755 0.99768674014199969159956313477439
0.6067373344143187 1.0000004777869733 -11.72674381062474384990565920497498 0.99767004784770959403779365310428
0.6080903759215216 0.9999986311973239 -11.72674382551940080186635872520662 0.99765468554645532136793463261202
0.6094433936069360 0.9999967862546734 -11.72674384051676699719458344325313 0.99764420405959612317909996021123
0.6107963964116246 0.9999951102085662 -11.72674385558685888475159049073892 0.99763010029968033219232902516322
0.6121493817386145 0.9999938230575041 -11.72674387075132182907042448649625 0.99762979021202654707294880624280
0.6135023706054500 0.9999932054923505 -11.72674388592387104284410048814072 0.99762464148117780780722252412651
0.6148553505849738 0.9999936079975165 -11.72674390113571552916755589587051 0.99760551265377751643659471737860
0.6162083016114141 0.9999954590780977 -11.72674391647390710418739170626321 0.99759504898452653984969346294486
0.6175612377584430 0.9999992676304244 -11.72674393188509451148684726625769 0.99758036857741840905414392522670
0.6189141556226091 1.0000056458663775 -11.72674394739486232213908519031057 0.99757216117330672116136984358395
0.6202670662923584 1.0000152949820463 -11.72674396296302414608627788299864 0.99757639346007487281123717890258
0.6216199808897400 1.0000290330992242 -11.72674397851199126349020385179949 0.99755693934018304962782103097208
0.6229728660687043 1.0000477867471591 -11.72674399418923419220414649525290 0.99754207748094386757607347260518
0.6243257303797713 1.0000725989659379 -11.72674400996692656721157578849319 0.99753203014622459916360659349465
0.6256785826676992 1.0001046394909644 -11.72674402581551705808559098831319 0.99751649819396705781494475211230
0.6270314178035176 1.0001452711704533 -11.72674404176843474950182368799145 0.99751605270737412926000352222527
0.6283842506192076 1.0001960070257175 -11.72674405773076735345923221473267 0.99750729870318662769531763778922
0.6297370685027581 1.0002585094141597 -11.72674407375548176774678530009068 0.99748861958393723623815929083818
0.6310898603167028 1.0003346598239551 -11.72674408990501486610528687638671 0.99747911047669964125846597937132
0.6324426408129902 1.0004266015604529 -11.72674410612247091141009888823705 0.99746349050016267003818694074429
0.6337954040130928 1.0005367760705457 -11.72674412244530535866412760643779 0.99745434477255836401055214575870
0.6351481531934255 1.0006679632250183 -11.72674413883298593556363469299264 0.99745575428419088742015638602411
0.6365009011987470 1.0008234691984532 -11.72674415521975159525731066762899 0.99743518846434090893702783197228
0.6378536205496625 1.0010071968555900 -11.72674417174296355171590695663754 0.99742168684334239388094004758136
0.6392063231426845 1.0012237338899122 -11.72674418835909956733522219757497 0.99741152576628826324390122014451
0.6405590158173280 1.0014785283810279 -11.72674420504774287868866757953252 0.99739474749887083860305692891797
0.6419116842252167 1.0017779806861617 -11.72674422184949016856695655002058 0.99739389356888669724351507278474
0.6432643483602613 1.0021296194200752 -11.72674423866402932884156649528888 0.99738114505570480032634114167589
0.6446169944154823 1.0025422263627873 -11.72674425556677764372960609663434 0.99736363698835452399180050716552
0.6459696182525124 1.0030260045168613 -11.72674427258819122729603378084873 0.99735521166332108674831978209575
0.6473222344987196 1.0035926676907678 -11.72674428967168745665084935908649 0.99733757968689265797386817724810
0.6486748254307817 1.0042555887365356 -11.72674430687400490071149616651177 0.99732843918594585001297782418040
0.6500274008220412 1.0050298040823563 -11.72674432414190853409945198585283 0.99732616666145543618528307903097
0.6513799723124134 1.0059319819899476 -11.72674434143275959046102247189935 0.99730506753534157335285206872291
0.6527325166864206 1.0069802870828272 -11.72674435886480056621463368391211 0.99729327495139844700122692595618
0.6540850488753807 1.0081940160537520 -11.72674437638005480584856501451382 0.99728178395822460540725701334612
0.6554375641955306 1.0095931042109206 -11.72674439397687985719356846749923 0.99726444225380082918745090381052
0.6567900528210296 1.0111975252560779 -11.72674441169158315342286434470211 0.99726335385305749879850382701701
0.6581425391214009 1.0130263415230608 -11.72674442942159245335163276917427 0.99724619430402090294251160779665
0.6594950036189964 1.0150969119996949 -11.72674444726850987098977234808148 0.99723028474807761234122881603252
0.6608474503192914 1.0174239739813971 -11.72674446522524377161070869381143 0.99722263524554479612246248878866
0.6621998854839563 1.0200187811552258 -11.72674448324004141791054735786941 0.99720262940783185469934649311623
0.6635522903077621 1.0228886525678376 -11.72674450138966580209947116505606 0.99719395736088451073298280895619
0.6649046824896351 1.0260364041363660 -11.72674451960280625373723777753717 0.99718761412632726048594508990475
0.6662570675069599 1.0294602401805554 -11.72674453786538876076735811959634 0.99716592205413684360560310578520
0.6676094268544762 1.0331539904676193 -11.72674455627446313396177011446171 0.99715601374403263279336387216062
0.6689617717325960 1.0371073319091876 -11.72674457475584448704391504188971 0.99714185553169339724714973820586
0.6703140941656237 1.0413063638693986 -11.72674459333640294443757036427800 0.99712521173488384828742695401666
0.6716663931118390 1.0457342686433284 -11.72674461203184068950812317514953 0.99712399876382345915204949612780
0.6730186918186765 1.0503717021991267 -11.72674463074453733045459744815721 0.99710211762834163760932335726618
0.6743709645676899 1.0551976345342171 -11.72674464960508061010333562424731 0.99708772024628424375963969671822
0.6757232168960352 1.0601898285171673 -11.72674466856687463166196888939885 0.99707841239152865786424465150726
0.6770754533209151 1.0653252490925263 -11.72674468759801442499346692617057 0.99705831059194617196307113842501
0.6784276615339014 1.0705806515843996 -11.72674470676616476605097752196036 0.99705049874400200095158740740220
0.6797798605239032 1.0759327657652504 -11.72674472599332297041355044102736 0.99703968938504816738728057676697
0.6811320485383875 1.0813586555802419 -11.72674474529914917575383331444195 0.99701753168431630358207976639164
0.6824842057513372 1.0868361646332080 -11.72674476475596614394688489876518 0.99700923124868449878701198028692
0.6838363483891128 1.0923438618775672 -11.72674478427615920327327089725985 0.99699185194903650366268019565773
0.6851884664701986 1.0978615190681925 -11.72674480391695011701778079130548 0.99697659616613366641879271747134
0.6865405651968958 1.1033703648287940 -11.72674482366512093974774962534086 0.99697548498130852490625764986893
0.6878926660658421 1.1088535152652906 -11.72674484343123631010205968972791 0.99694849983633210755782281075031
0.6892447297377024 1.1142954246604820 -11.72674486337865868403472309717565 0.99693576718619662379723142016831
0.6905967727842003 1.1196824418587166 -11.72674488341780301737165921659607 0.99692396875630973990244897979149
0.6919487988041231 1.1250030430324686 -11.72674490354311370477151941324992 0.99690426229065680499251088978368
0.6933007993959744 1.1302481455725057 -11.72674492380472854677037534913784 0.99689760483262840815067627808831
0.6946527945715527 1.1354104659571658 -11.72674494411899480000135468626646 0.99688192287033349874553484302123
0.6960047680374451 1.1404850638566677 -11.72674496454375822001364720239770 0.99685959812061760782763223321127
0.6973567078285057 1.1454697850086714 -11.72674498512236101208232154228144 0.99685298899696097567892521760805
0.6987086375904564 1.1503643399402666 -11.72674500575502772061374317102580 0.99683173873323123282468687081291
0.7000605397911519 1.1551703198276587 -11.72674502653412156127157736483962 0.99681803010449355526384839283682
0.7014124269742603 1.1598906546565416 -11.72674504741198469675909025881372 0.99681471602680433500451305704703
0.7027643093854576 1.1645290694877431 -11.72674506832290084744812195595740 0.99678485900145421042114435810031
0.7041161478646602 1.1690901673300307 -11.72674508943502414778829430364900 0.99677400814055323852908108537357
0.7054679705206383 1.1735788711796910 -11.72674511062806995139681107916486 0.99675890003779768833457968403768
0.7068197739042569 1.1779997405981833 -11.72674513192953748773008220489920 0.99674000168199184709168104067387
0.7081715551917507 1.1823564618993060 -11.72674515336410038735103106779144 0.99673403217268387351956259006056
0.7095233282769384 1.1866518308910196 -11.72674517484807634658565137674542 0.99671277025461813728578204750960
0.7108750690438109 1.1908878247668791 -11.72674519647935419047495781048669 0.99669159719596092551706835770655
0.7122267799456163 1.1950654382069294 -11.72674521825876843298271425057459 0.99668483498825489593482888437566
0.7135784828511228 1.1991842446030411 -11.72674524009457188111984185226144 0.99666103546978778335344865188823
0.7149301569715344 1.2032437294777427 -11.72674526209467392409050946603610 0.99664921088520382167021572154460
0.7162818151246674 1.2072429011508859 -11.72674528418259060700830402007779 0.99664092035937869781671912995480
0.7176334585075566 1.2111803574277070 -11.72674530633630429492005601042096 0.99661077809625661255328075856737
0.7189850598174514 1.2150547455404654 -11.72674532869534253174510027899338 0.99660094668851734867462641222611
0.7203366489249349 1.2188646893896330 -11.72674535113042954750436699301066 0.99658215754557078506722113245166
0.7216882159989431 1.2226092047954764 -11.72674537369884125451454430000350 0.99656511110228998757790837842924
0.7230397602057808 1.2262878639974363 -11.72674539638992632783595395347500 0.99655963036165696427161002021726
0.7243912934082337 1.2299004022260735 -11.72674541912874876087329334101524 0.99653270562610046104495816363414
0.7257427888560601 1.2334472051220888 -11.72674544205264631490446385434667 0.99651316212816111646362279013366
0.7270942588847066 1.2369292396689209 -11.72674546511586232269762209920968 0.99650286727904844454484742805763
0.7284457183547574 1.2403479136017527 -11.72674548825930442005527284100397 0.99647951837763048840571156014218
0.7297971465960461 1.2437050559701828 -11.72674551156608973757118195683696 0.99646965595914535963766947171224
0.7311485578451236 1.2470028572302463 -11.72674553494918316716521115397365 0.99645603480375058544754919844026
0.7324999493357151 1.2502438278391142 -11.72674555843356436164256790480268 0.99642589871297475415159275342612
0.7338513009950144 1.2534307078834270 -11.72674558212573847113614776860114 0.99641714180687778169588804067092
0.7352026441350968 1.2565661776957889 -11.72674560588890191003559476667034 0.99639399512280428647763606749757
0.7365539565115484 1.2596528024370049 -11.72674562981475937642300687655759 0.99637911188397728793906184294925
0.7379052450407307 1.2626927457786364 -11.72674565385073229774564461882916 0.99637420899843531861526249856527
0.7392565255882387 1.2656877044012112 -11.72674567793254603879765245198806 0.99634144326590869534681420221252
0.7406077626906068 1.2686390836515505 -11.72674570223875214949401882388148 0.99632400179725853618323461257220
0.7419589794480200 1.2715477888180602 -11.72674572667237740349972609354802 0.99630888694829509060555209361390
0.7433101765282664 1.2744141018611643 -11.72674575121847776294305563038874 0.99628673656246050214325688795336
0.7446613398593360 1.2772382040894628 -11.72674577592228530701223944178532 0.99627885898814610271083232372826
0.7460124911268666 1.2800200060343239 -11.72674580069092174268392765151732 0.99625961029527815733175945388958
0.7473636172324689 1.2827592552353810 -11.72674582559859156547271152150191 0.99622982579197458769557669783786
0.7487147062044268 1.2854556993652757 -11.72674585071450660359538471099681 0.99621977825661283651998393239495
0.7500657825673697 1.2881090070275494 -11.72674587591129796353108375846191 0.99619416606599532829544246091599
0.7514168204398797 1.2907190869245683 -11.72674590128849392017612148444502 0.99618151721447090861118506108222
0.7527678397298613 1.2932860499414217 -11.72674592676293424447862420238267 0.99617731421981550503029425975879
0.7541188542134117 1.2958099974518308 -11.72674595228071838869473653517040 0.99613850907267937744120291007535
0.7554698192793042 1.2982913986491307 -11.72674597806391605547855332754125 0.99612209519817237029391281702824
0.7568207633008068 1.3007308901459497 -11.72674600397005795940065109681746 0.99610165582138412962385351714326
0.7581716758012381 1.3031293558435002 -11.72674603002441515599883710297299 0.99608217236194484484778428755075
0.7595225604016813 1.3054878256873222 -11.72674605622110930967954140737112 0.99607626911966701046837477871609
0.7608734378398250 1.3078074190694096 -11.72674608247117299967292123271957 0.99605086008086423360471109987545
0.7622242839769953 1.3100894235881289 -11.72674610890200170057543728053616 0.99602209678768134728751864435363
0.7635750925225219 1.3123351776970547 -11.72674613553705702703235798843420 0.99600635071096871869050663198646
0.7649258758659815 1.3145459851792615 -11.72674616229124328115751906223943 0.99598220868732568537514558825772
0.7662766249429822 1.3167230977870471 -11.72674618921890994391852764125703 0.99597179525391590726745831556487
0.7676273606902206 1.3188675141683043 -11.72674621623085006911358837264920 0.99596275838555187283749794147104
0.7689780872881679 1.3209799812092155 -11.72674624331903734036025183506370 0.99592332536181006235145432284204
0.7703287620247026 1.3230611521038710 -11.72674627067959045545208232359011 0.99590813076702197838303259460268
0.7716794122608293 1.3251114061527899 -11.72674629815735697040718780832696 0.99588168691201780697734185785726
0.7730300250600191 1.3271308997711791 -11.72674632582423740437658993392417 0.99586527756804938941478033222693
0.7743806163465891 1.3291197145102421 -11.72674635361534720526872158330982 0.99586015021860545526025984319302
0.7757312037327974 1.3310777793842985 -11.72674638145680351997998372572951 0.99582827822377882243666138148665
0.7770817497139670 1.3330050254008189 -11.72674640952309449207547792798968 0.99580193949710427755322262441086
0.7784322560351197 1.3349013816428522 -11.72674643777987202863200848868613 0.99577995984116149918832165822006
0.7797827309252122 1.3367668056279320 -11.72674646619822466159605041801343 0.99575760943190735949751160051382
0.7811331761944220 1.3386013984662422 -11.72674649478104289102201375916359 0.99574938987307237250940867009768
0.7824836133161155 1.3404052727991611 -11.72674652343542266090834954989880 0.99573422328592556662926852458134
0.7838340318921007 1.3421786002794756 -11.72674655220748912922191494379428 0.99569560791453985548626676884262
0.7851843941123270 1.3439217614152900 -11.72674658124963790531500007902624 0.99567691944754300438392900984829
0.7865347293162418 1.3456352004049835 -11.72674661043401248918612417787270 0.99564883711536924746820737615077
0.7878850270741943 1.3473194854947507 -11.72674663982088834173208777593159 0.99563558812943731866279914456267
0.7892353098096645 1.3489752239323955 -11.72674666931328484384678136574330 0.99563081557114216586001863272544
0.7905855882969768 1.3506030396596594 -11.72674669885587329608046230193368 0.99559270577961289305806176776383
0.7919358110680524 1.3522036686209929 -11.72674672866605168749523023883106 0.99556767612591620492499990400229
0.7932859981741295 1.3537778074451704 -11.72674675866126457860293270107670 0.99553881610216476685487405431318
0.7946361467280298 1.3553261692648841 -11.72674678886527263312437369640135 0.99551985891912643726941513738017
0.7959862724638091 1.3568493513116382 -11.72674681921361715972599965262897 0.99551364327066913303774270044664
0.7973363921970906 1.3583478017432120 -11.72674684962189260090977285354116 0.99549220420013886065397435503797
0.7986864787770998 1.3597820822521060 -11.72674688019048300464425412383821 0.99532284526796225177319103397075
0.7999997765361188 1.3597820822521060 -11.72674691018286683265315154980331 1.00