0.0000000000000000 1.0000000000000000 -11.72674012640216039436134966854842 0.98836436008295962583665473008347
0.0026808397405549 1.0000000000000000 -11.72674039500867903866962575101068 0.98880889462459876090133500703524
0.0053628791334760 1.0000000000000000 -11.72674065351623332118040902499042 0.98894431322492060929110443610255
0.0080452978355941 1.0000000000000000 -11.72674090912128751335849881761294 0.98829807045000844580417939687362
0.0107259937724285 1.0000000000000000 -11.72674117969679651876444550627307 0.98763532383817324095412801025914
0.0134048827333243 1.0000000000000000 -11.72674146510604238130581593172198 0.98788579391998370036793048630099
0.0160844258636398 1.0000000000000000 -11.72674174457429381597238877702748 0.98846588820834848475729244180262
0.0187655352842753 1.0000000000000000 -11.72674201100470200225556188221791 0.98834584558208715506011067340824
0.0214463300220018 1.0000000000000000 -11.72674228040029802043532886496745 0.98749502223025406003304475436479
0.0241248459702686 1.0000000000000000 -11.72674256938717412267353780392552 0.98697526715716992341442305638032
0.0268019472510957 1.0000000000000000 -11.72674286995533718240962870131489 0.98752999708221765958509136080684
0.0294805269088722 1.0000000000000000 -11.72674315774646934428666315154836 0.98818227927454009562789206160244
0.0321608675523555 1.0000000000000000 -11.72674343076740305461185879531617 0.98807532691154173380580815349353
0.0348409278933387 1.0000000000000000 -11.72674370642340601636999285728280 0.98723765055898461375861533813816
0.0375187439645236 1.0000000000000000 -11.72674400134649207209300215441984 0.98663216654524788414429434938773
0.0401949174346339 1.0000000000000000 -11.72674430987164639302035486508184 0.98705278941652887198643319407475
0.0428722044130023 1.0000000000000000 -11.72674460860384702658192465345954 0.98788343077216983852011217580475
0.0455517350268728 1.0000000000000000 -11.72674488847601145544130500329558 0.98807953625970435651552924398814
0.0482318061988555 1.0000000000000000 -11.72674516409154096646781241980379 0.98739199416960887842247759212562
0.0509100391751277 1.0000000000000000 -11.72674545553711669838965812305846 0.98682170072175914953013565966882
0.0535867296851422 1.0000000000000000 -11.72674575993028592780319605593943 0.98702638537737777893736611701574
0.0562639468274529 1.0000000000000000 -11.72674605940856928015911222961600 0.98772557654844037032702840071027
0.0589430499140387 1.0000000000000000 -11.72674634291996205209977842185166 0.98810190845021840387971819177289
0.0616231812544772 1.0000000000000000 -11.72674661802660537778651007869519 0.98777651276618515708188121241773
0.0643024555450067 1.0000000000000000 -11.72674690075725231256438462345460 0.98711725042792072460296496732888
0.0669799507035828 1.0000000000000000 -11.72674719852388861706741283215419 0.98710199498560887938923917727716
0.0696573747602539 1.0000000000000000 -11.72674749642339254075014694127532 0.98771248244176452613612237126466
0.0723364430178006 1.0000000000000000 -11.72674778031478731072888090782869 0.98813624127708678078034366864818
0.0750166670259462 1.0000000000000000 -11.72674805463255391389790563698487 0.98801228481872419992846673906855
0.0776965792261785 1.0000000000000000 -11.72674833194668534117207308423298 0.98764032393499311716307572164699
0.0803754963574976 1.0000000000000000 -11.72674861790143347018943794444257 0.98740194456753753284711457681721
0.0830537360811772 1.0000000000000000 -11.72674890913397991044267018957836 0.98770255168843549037345350978484
0.0857327784412101 1.0000000000000000 -11.72674919333348694851580123834195 0.98818946077638230440116610701771
0.0884131468259005 1.0000000000000000 -11.72674946646320281827994255053061 0.98830485667183582237235085051059
0.0910938516328283 1.0000000000000000 -11.72674973712488342754579809918201 0.98796203327466284475546506179361
0.0937736434611000 1.0000000000000000 -11.72675001573303429740668519158400 0.98776825811596911176459537697164
0.0964528775900389 1.0000000000000000 -11.72675029877431045924911941064052 0.98791182613410497534381784274589
0.0991324871296980 1.0000000000000000 -11.72675057834686350384970009760762 0.98828784984118948723735658358487
0.1018131206595755 1.0000000000000000 -11.72675084929437855916366744416211 0.98843900007237013076821559283826
0.1044941863194606 1.0000000000000000 -11.72675111688355307812253168719633 0.98830769117111019718200658719651
0.1071749219199388 1.0000000000000000 -11.72675138761818024561644025077618 0.98809248114875473060634810564208
0.1098550406889155 1.0000000000000000 -11.72675166334778330472249296836470 0.98815335530377890587026477267240
0.1125353095023060 1.0000000000000000 -11.72675193758964890227575275950690 0.98841830217522223405245287899948
0.1152162998605585 1.0000000000000000 -11.72675220565831642883526357623123 0.98862480647657856180863055385367
0.1178978712204447 1.0000000000000000 -11.72675246907035432867667240185759 0.98856727138614952486205327041074
0.1205793122906059 1.0000000000000000 -11.72675273389506533787740442778704 0.98837178813661957656138324626542
0.1232601895407690 1.0000000000000000 -11.72675300329544345062844915138289 0.98835621235389180303474340250861
0.1259410090715458 1.0000000000000000 -11.72675327303796158254883414868016 0.98863818254897867202899063033058
0.1286225959813477 1.0000000000000000 -11.72675353628228035019157341112453 0.98879447541834621862577534306599
0.1313046273763893 1.0000000000000000 -11.72675379590658986946388974207994 0.98879843616663112615670259932638
0.1339866954465011 1.0000000000000000 -11.72675405550540074231939283237254 0.98864602424471903682801602083616
0.1366683152846670 1.0000000000000000 -11.72675431869333324887723888276337 0.98854917352562331041054787613327
0.1393496558412766 1.0000000000000000 -11.72675458414818248523342127348532 0.98872611317828496935844147759677
0.1420314779077394 1.0000000000000000 -11.72675484552029466101730309904380 0.98901228615679719477554189867213
0.1447140958849967 1.0000000000000000 -11.72675510033041514037603285288116 0.98903568696432689956321792993715
0.1473968121780895 1.0000000000000000 -11.72675535461090616939385249170713 0.98890266474043489604629795170431
0.1500791307772104 1.0000000000000000 -11.72675561199843641204729555241411 0.98875847843731379550009887417288
0.1527610397087128 1.0000000000000000 -11.72675587277788065713980501845887 0.98880589379843990296898089687631
0.1554430769464077 1.0000000000000000 -11.72675613246737592781066932432339 0.98909372673060692697066724830658
0.1581259128577529 1.0000000000000000 -11.72675638553382426484458079416782 0.98924945690455956784455256482627
0.1608092073940572 1.0000000000000000 -11.72675663507585632111373658558095 0.98916464777700994032703385865266
0.1634922419684124 1.0000000000000000 -11.72675688658331609551811077476935 0.98898870895955836199471871370443
0.1661747791660408 1.0000000000000000 -11.72675714219587085307662391404658 0.98892793810054063081575675314594
0.1688571494646822 1.0000000000000000 -11.72675739924461993976158230357374 0.98910818647918843159307221048474
0.1715400247600464 1.0000000000000000 -11.72675765214392656945958327824320 0.98936209413669526500256265193199
0.1742236230822837 1.0000000000000000 -11.72675789925471810715602963226061 0.98940536055045312730999044514187
0.1769073154044956 1.0000000000000000 -11.72675814539687537165181333799731 0.98924017599518519943981380700482
0.1795905391335262 1.0000000000000000 -11.72675839538157368851622302827180 0.98908980305598747537027523304388
0.1822733522413375 1.0000000000000000 -11.72675864887432863033193829444154 0.98915027090935486078837887795022
0.1849563444231167 1.0000000000000000 -11.72675890101297854846442948323817 0.98935511914255445901802341388667
0.1876399252174892 1.0000000000000000 -11.72675914843546049013812081434609 0.98955746842061629911728631809185
0.1903240324377436 1.0000000000000000 -11.72675939128150523732338673157487 0.98947725294314421899958730117592
0.1930079016218086 1.0000000000000000 -11.72675963598813594265932333280252 0.98930019739178390619234203642054
0.1956912878048689 1.0000000000000000 -11.72675988482343137884439216759372 0.98923071897701068155769184527159
0.1983745004315340 1.0000000000000000 -11.72676013529257523969271289200624 0.98934159342711476928218643563851
0.2010580463417123 1.0000000000000000 -11.72676038321401238158176716592927 0.98956085608793598584150396852532
0.2037421622177693 1.0000000000000000 -11.72676062614104442823123301179629 0.98968681911790672818103065109556
0.2064265991876204 1.0000000000000000 -11.72676086625942527552128122520105 0.98950814324289327570803468904117
0.2091105488059057 1.0000000000000000 -11.72676111049875394223882042170866 0.98936808808027067517366249071548
0.2117941335449436 1.0000000000000001 -11.72676135801497089399666205040359 0.98936993909623036715556283214069
0.2144777559250933 1.0000000000000001 -11.72676160553408718628924010907241 0.98950397951164453976041242052417
0.2171617163219903 1.0000000000000002 -11.72676184995581681335350473092317 0.98972098017180410313653639619552
0.2198462440308382 1.0000000000000002 -11.72676208946062835819593198408193 0.98971497728550376733098354325934
0.2225307522818492 1.0000000000000002 -11.72676232916370438764598296547280 0.98952533412978625342775856731569
0.2252147608908945 1.0000000000000001 -11.72676257327224575649579362128500 0.98944779949285477579634484816377
0.2278985917324023 1.0000000000000000 -11.72676281921436428636222425635709 0.98947956151849907285840442555940
0.2305824857466174 0.9999999999999998 -11.72676306441634882891271985453713 0.98964563591551470033984809376200
0.2332668074939763 0.9999999999999994 -11.72676330584925912623307634661457 0.98983078482689613602725389012872
0.2359516270850512 0.9999999999999990 -11.72676354312532777382345067588154 0.98971042514700589519058072516929
0.2386361340996762 0.9999999999999983 -11.72676378320184188294550660945766 0.98955026439863796428986625614168
0.2413202386294377 0.9999999999999977 -11.72676402702313017191763720528809 0.98950048925208963496997267601377
0.2440041911872188 0.9999999999999972 -11.72676427203517310366769316166283 0.98957988922873501219561762451505
0.2466883344953088 0.9999999999999969 -11.72676451521412386888689858159066 0.98975862491044797472137386049860
0.2493729565712772 0.9999999999999970 -11.72676475434567777019134523906452 0.98988170444546787971239588095626
0.2520579248962093 0.9999999999999979 -11.72676499077503348600991137821805 0.98968866254030240675762120843759
0.2547424003474787 0.9999999999999997 -11.72676523166165355209553754040980 0.98955124780487308622804797937955
0.2574264944702122 1.0000000000000027 -11.72676547575766217714139681993068 0.98954732973561322105341678508464
0.2601105512984893 1.0000000000000072 -11.72676571994619770604350524945438 0.98966291746371480234845760989941
0.2627949136370724 1.0000000000000132 -11.72676596152982002265301849629685 0.98983621165462428468928521395561
0.2654797566020263 1.0000000000000207 -11.72676619920475764506254365271585 0.98984367373994548197427236532895
0.2681646488975392 1.0000000000000288 -11.72676643680475194748695691891862 0.98964232279686470184826923940409
0.2708489954882981 1.0000000000000357 -11.72676667907940939846775351555185 0.98954339094099568980418125454943
0.2735330452082308 1.0000000000000402 -11.72676692368536122343327555308691 0.98958947540625820625565915347389
0.2762172099654183 1.0000000000000399 -11.72676716724149679149810244772537 0.98972530205928875940197371616439
0.2789017517633760 1.0000000000000319 -11.72676740773457531535485268389784 0.98987718656073416009053457762159
0.2815867327475190 1.0000000000000138 -11.72676764484255198543318201001513 0.98977429312133239295504697071018
0.2842714435069646 0.9999999999999826 -11.72676788436930177153482301719553 0.98958252716602913424436841213642
0.2869556041975302 0.9999999999999360 -11.72676812836408305299668727800654 0.98953349311178059020524502800382
0.2896396202455055 0.9999999999998723 -11.72676837351046827032507446590753 0.98962054359961355753293999138105
0.2923238791935167 0.9999999999997922 -11.72676861671742133414080756011438 0.98976282803116304473769865428065
0.2950085493740895 0.9999999999997002 -11.72676885672461564181859539471696 0.98987200157694368432782478360001
0.2976935313985478 0.9999999999996154 -11.72676909435803499724428488146064 0.98966451487230044076086930065311
0.3003779198604322 0.9999999999995456 -11.72676933678357366778514720389653 0.98952572855104844903204478740499
0.3030619190435178 0.9999999999995118 -11.72676958247499964690410788977939 0.98952577003849134762238035945587
0.3057459235829305 0.9999999999995407 -11.72676982819051534058003749780598 0.98964245015670192769075920703662
0.3084302681234657 0.9999999999996633 -11.72677007129283000677210350030544 0.98978130863781410435070331209069
0.3111150097063333 0.9999999999998980 -11.72677031128366743235884898386888 0.98975736797812686321448741417452
0.3137996552342125 1.0000000000002810 -11.72677055191815067404772767809902 0.98955363598922646369937076544271
0.3164837345974344 1.0000000000008293 -11.72677079729833536360403837781607 0.98946639639473672304248437537482
0.3191675815160252 1.0000000000015538 -11.72677104473728733959741521766582 0.98951351609000381552612473491105
0.3218515783457690 1.0000000000024391 -11.72677129115605170848529529529103 0.98964755298537071927751220060803
0.3245359614026074 1.0000000000034326 -11.72677153457442396783367381082323 0.98975442550659203506482595650693
0.3272206033069786 1.0000000000043483 -11.72677177563851793523918657515835 0.98960923816863160512063028457902
0.3299048376240113 1.0000000000051077 -11.72677202010704203980826664077286 0.98944787811641980944686103214024
0.3325886378420833 1.0000000000055166 -11.72677226837646412460223790521281 0.98940994704496677563818361041074
0.3352723563183303 1.0000000000053141 -11.72677251756450679464752197936251 0.98949362630055837049822835532375
0.3379563246514151 1.0000000000042353 -11.72677276490053770477459007056473 0.98962920959732725131748374839063
0.3406406299520978 1.0000000000020793 -11.72677300919322949057936682183638 0.98964330598723572832334124736089
0.3433249598153160 0.9999999999985266 -11.72677325328123366973740616392120 0.98945599536573275876322014885774
0.3460087850554124 0.9999999999933728 -11.72677350174664173478107966446028 0.98934271052196053349434961465251
0.3486923236562292 0.9999999999866355 -11.72677375289572884188961454320237 0.98935159536435824404793552202005
0.3513759080815186 0.9999999999782781 -11.72677400391487861370403255190869 0.98946150129290364423931934499264
0.3540597600467527 0.9999999999686430 -11.72677425247369340582610109667014 0.98956556464373919894097923272638
0.3567438808407499 0.9999999999584218 -11.72677449872995645569763438971312 0.98947483090068190244169188124570
0.3594277590997240 0.9999999999498194 -11.72677474716698335299610182960121 0.98930788967148234770212552309946
0.3621112051022738 0.9999999999434614 -11.72677499956514584777484532953809 0.98924145724309990456619979494483
0.3647944909189840 0.9999999999414068 -11.72677525356196646494996168251612 0.98928916774898015878428894805554
0.3674778756179251 0.9999999999461574 -11.72677550653165222891848915793905 0.98939872533920298620750225341465
0.3701615442414347 0.9999999999601853 -11.72677575706431768705686087073315 0.98946468997730891236864350616714
0.3728453955928468 0.9999999999848234 -11.72677600621686977737667872929110 0.98929109735790195131762860265625
0.3755287968015937 1.0000000000232535 -11.72677625943947781335829574328605 0.98916233476550800854057939785000
0.3782118673898515 1.0000000000768714 -11.72677651572964904461396912373465 0.98914116405276111580328051536511
0.3808948498049442 1.0000000001452136 -11.72677677258424967372384820288597 0.98921443384080523723910467434114
0.3835780176927590 1.0000000002279736 -11.72677702782973606124381923753709 0.98931182873613490353198570908105
0.3862614536937819 1.0000000003216517 -11.72677728093392229401450231449822 0.98927130280413758567909760796836
0.3889448006741242 1.0000000004200442 -11.72677753508635404110055318646821 0.98911154871218263313421107153491
0.3916277327324474 1.0000000005047861 -11.72677779304725332804730689207961 0.98902151762152615483134192978165
0.3943103892167830 1.0000000005678872 -11.72677805315851756313475229534226 0.98903996406985768318264578131089
0.3969930821796316 1.0000000005931023 -11.72677831293476231302741376219798 0.98911156344236954308291317698766
0.3996759731844357 1.0000000005604965 -11.72677857115482340371047618557202 0.98919502109985382551153840053090
0.4023591115231649 1.0000000004473563 -11.72677882758312023739462770397691 0.98906266212812010020385967894711
0.4050419105308036 1.0000000002408793 -11.72677908715957877617658422451738 0.98893125467943356065233371762209
0.4077243206609988 0.9999999999178602 -11.72677934989079462599924971195375 0.98888396049854216105987729076612
0.4104065882675426 0.9999999994639037 -11.72677961380405287066586619754581 0.98892007383412099238462944086897
0.4130889572997201 0.9999999988744694 -11.72677987698273730342787425860652 0.98899657737785582218629927309211
0.4157715546229931 0.9999999981570394 -11.72678013850040121594378267560764 0.98901307989837618723179356997784
0.4184542194448305 0.9999999973342508 -11.72678039978458746386984311326250 0.98885418617405325031650278815899
0.4211364193383032 0.9999999964502764 -11.72678066484177940902253378057882 0.98875367738660072988647712569814
0.4238183312487048 0.9999999955852657 -11.72678093232348859930147970881462 0.98874058609345697185181195537440
0.4265002103745657 0.9999999948995776 -11.72678120021990153495391251010500 0.98878314223249039404746938427661
0.4291822252721571 0.9999999944620088 -11.72678146724294054707088518694654 0.98886693649626653009161136193856
0.4318644949538535 0.9999999944210848 -11.72678173246069905479514083468408 0.98878267197961838686354781308015
0.4345465003431986 0.9999999949531238 -11.72678199972904447500163098784162 0.98865184579625428898375053007476
0.4372281339950730 0.9999999962269313 -11.72678227017929863556562535873092 0.98857803235039064938548117114270
0.4399095690072325 0.9999999983438178 -11.72678254243679107167504101255025 0.98857960613332948101747894156203
0.4425910278386200 1.0000000014976082 -11.72678281477795464974709894181205 0.98863999631377459179242512075816
0.4452726844084648 1.0000000057886932 -11.72678308584543823441709856380048 0.98869260953032439540706982619694
0.4479544459068283 1.0000000112639300 -11.72678335584190486806607092589769 0.98854536678934378589627660078704
0.4506357893087822 1.0000000177769212 -11.72678362934999479309880726584531 0.98843964135807523230939778173005
0.4533168459666481 1.0000000251637454 -11.72678390544215657554479618181289 0.98838984656676269374613560297296
0.4559977859270811 1.0000000330823698 -11.72678418282132551107925996325120 0.98841320056232524063184679677780
0.4586788254845053 1.0000000410119551 -11.72678445979447326164986974723702 0.98848512631009524968109607078907
0.4613600256424037 1.0000000476697189 -11.72678473522169210885802315860934 0.98844776757802560239072078395613
0.4640411037184415 1.0000000525167296 -11.72678501164905271481428700567220 0.98831361872504703792871908078118
0.4667218161225536 1.0000000545703576 -11.72678529133641718460847751007284 0.98822438973782592356280630407600
0.4694023033336455 1.0000000525813148 -11.72678557322381942431631751527320 0.98819518352457028184509822703592
0.4720827463925617 1.0000000452668933 -11.72678585593527207958664627882678 0.98824134934661878632787528862271
0.4747632879944908 1.0000000319266896 -11.72678613769910643314233553795331 0.98829678629683403560733705984118
0.4774439569654905 1.0000000112385914 -11.72678641831493989371436355863901 0.98818890916016695002904762126512
0.4801243294650056 0.9999999822667357 -11.72678670156861755367487134045828 0.98807864670959577623852106506730
0.4828044178568487 0.9999999447588308 -11.72678698754927089863316461579132 0.98799739020527827425096786942724
0.4854843193660260 0.9999998995009888 -11.72678727557061096005858865531084 0.98799888535124701283598143641720
0.4881642072176409 0.9999998472378679 -11.72678756369471551865609888154900 0.98805910098568521880314906130120
0.4908442330318166 0.9999997901245760 -11.72678785055998435082033332677512 0.98806223503374151295912086672115
0.4935242612309864 0.9999997317388117 -11.72678813751271214104841365272563 0.98792950793128125096537185903054
0.4962039423238095 0.9999996797910166 -11.72678842769722963297160074637409 0.98782431372502747019353438534263
0.4988833697434489 0.9999996389480128 -11.72678872049191958234830592367840 0.98777051071413228977409640455711
0.5015626432599751 0.9999996171252592 -11.72678901469313632617004275816317 0.98779930847652777371377712098677
0.5042419671422173 0.9999996235557614 -11.72678930836691898549978914592130 0.98784379947275251166166808403674
0.5069214032271300 0.9999996688271763 -11.72678960116011207456900766902716 0.98778290486097372672831976008801
0.5096006848100481 0.9999997637489577 -11.72678989552600059630304916130645 0.98766160999688414881403772479116
0.5122796669793876 0.9999999162885648 -11.72679019289531817106049585656823 0.98756508439502814368403358654644
0.5149583894730784 1.0000001384792820 -11.72679049268142991467668022743469 0.98754351034403195265997266855923
0.5176370234034974 1.0000004386288279 -11.72679079312737173183574315106181 0.98758964409631116158520553198246
0.5203157716140424 1.0000008246292050 -11.72679109266149215085029749488478 0.98759738556546167290186422991317
0.5229945491432262 1.0000012973573547 -11.72679139217619363294244132592617 0.98749850489039460790594135672924
0.5256730858394794 1.0000018527290857 -11.72679169416428806137760859455532 0.98737960522057305993523927379753
0.5283513123468123 1.0000024822170456 -11.72679199911517814005236390404273 0.98730621809106381624157732610089
0.5310293076062351 1.0000031699121145 -11.72679230594841430912414001206091 0.98731390077824930172208934930199
0.5337073105217094 1.0000038911486924 -11.72679261276844446718119127727949 0.98734274730278765041239715086847
0.5363853976083358 1.0000046115201279 -11.72679291909219165957754485053754 0.98732518905865108691134267328932
0.5390634620952433 1.0000053031846538 -11.72679322601181035148046432937371 0.98719931080217631766962722232719
0.5417412073642451 1.0000059327744266 -11.72679353604481974313581112541690 0.98709072804322000726383290324040
0.5444186240109349 1.0000064566173211 -11.72679384879962683169022921926873 0.98704698417833409364817962829015
0.5470959066330651 1.0000068039952359 -11.72679416276194910737410692827404 0.98707317599393149000927727356645
0.5497732638690848 1.0000069916626769 -11.72679447629992591119532061287310 0.98706654045806053977093130374775
0.5524506257265629 1.0000069966792127 -11.72679479017683703319981942881163 0.98701391718179123418827161870230
0.5551278763828447 1.0000068031554865 -11.72679510547402028993649171618334 0.98689159876435032018675746314354
0.5578047595875675 1.0000064178888191 -11.72679542381787107096007792266613 0.98679917677036050263959216975623
0.5604813747198617 1.0000059197556541 -11.72679574452365876077678959935488 0.98678522197349573112729984370808
0.5631579533008829 1.0000053888211497 -11.72679606575039481066586872261654 0.98679280838865131746143636292811
0.5658345726659937 1.0000048552912121 -11.72679638700199525099650894270104 0.98677398132768915658545270810533
0.5685111801794041 1.0000044836487985 -11.72679670890102006372251342429448 0.98669125764759862179133532584197
0.5711875271938515 1.0000045177913212 -11.72679703291085386082587363190004 0.98657348505286581641715881137239
0.5738635356787735 1.0000052558726059 -11.72679735989256455357134359221872 0.98650695636534171005850597002111
0.5765393629110562 1.0000070313268414 -11.72679768864665239888751202064790 0.98651131252617436582667187796828
0.5792152198267110 1.0000103903727029 -11.72679801751848644652025006338988 0.98648642205881195773192783301830
0.5818910459831040 1.0000159510105214 -11.72679834718733578768806254437889 0.98645747605836317377539523095473
0.5845667663909253 1.0000244123072345 -11.72679867773042481415287656464138 0.98635633625917831152710485612045
0.5872421919997470 1.0000366347972724 -11.72679901083063915627470781792117 0.98624966158387420626021107482304
0.5899173256017530 1.0000536205696086 -11.72679934667022015570986067507915 0.98621065843137517394646285965025
0.5925923690535136 1.0000765151426989 -11.72679968365555152941583972643607 0.98619137112182192435867126937809
0.5952673945054664 1.0001066084448432 -11.72680002132720173219662843221882 0.98616285898288508156725977891942
0.5979423233741642 1.0001453996158026 -11.72680035988476301209625510202239 0.98612668067357439243356622667997
0.6006171325710301 1.0001946045609970 -11.72680069950671401034602868843087 0.98601217244979745388236491358169
0.6032916269679431 1.0002560871691121 -11.72680104202316053424891654125030 0.98592230249843705803050785109680
0.6059658912132220 1.0003319633104447 -11.72680138689899534864530432803367 0.98589296090357417947608518523697
0.6086401078406553 1.0004246518498830 -11.72680173272226692079193641843765 0.98585208140107946222394554534001
0.6113142011966241 1.0005369584052355 -11.72680207973345196999693676662051 0.98581275850593766635226527393387
0.6139881655702911 1.0006720948953175 -11.72680242789485968547477949668285 0.98576835481675377599607991917665
0.6166620040391146 1.0008339998348982 -11.72680277731751800007279245633791 0.98565382584144971582142196472653
0.6193355437390075 1.0010274907388525 -11.72680312967181614474272398243871 0.98558603091645583613571432502846
0.6220089293113780 1.0012585131979041 -11.72680348389942725898448642693113 0.98553496892617813298501282527831
0.6246821695582766 1.0015344579310566 -11.72680383957913446592964595798707 0.98549341721178721921788042782318
0.6273552743014448 1.0018645010317560 -11.72680419648370269117989589800545 0.98544930631060487999894961618733
0.6300282529781325 1.0022600649962270 -11.72680455466972384412879754441351 0.98539648995312181535437874445294
0.6327010988375319 1.0027354731791503 -11.72680491432808378945343455955222 0.98528687653066297166959122627704
0.6353736752178452 1.0033081584251885 -11.72680527683574331202824444981734 0.98521883778808341225085820851325
0.6380460644223590 1.0039997464573459 -11.72680564122857157041342097216422 0.98516084043571664105608424970346
0.6407182733952655 1.0048366046148361 -11.72680600725248606232306527033902 0.98511191656327907068229625131946
0.6433903425975616 1.0058505052657484 -11.72680637469085236775259521794013 0.98507387850203149726757820437217
0.6460623179245388 1.0070789991362584 -11.72680674327861162461323708093417 0.98500293386989993335826760893399
0.6487341270242984 1.0085664448316797 -11.72680711378513643955913434238192 0.98490693018206903892738963544772
0.6514056757795764 1.0103641919222463 -11.72680748685757093623408382164565 0.98482189852246135306086641236725
0.6540769711063389 1.0125295133094031 -11.72680786222457712861755338122470 0.98476664551434415323588421020156
0.6567481091835924 1.0151253037615543 -11.72680823917903401422595653962930 0.98471435543381216924806733528824
0.6594191138788105 1.0182170937468720 -11.72680861764366608909844256109817 0.98468359193021119597695127921279
0.6620900599880679 1.0218697751133083 -11.72680899709737140431475902378029 0.98459445428002186348202492517315
0.6647607657443473 1.0261436289465498 -11.72680937891662669546577728798354 0.98448616243694185699599138441478
0.6674311552971914 1.0310899935759703 -11.72680976361820386403115273911058 0.98440951669431697035008634589593
0.6701013295776280 1.0367464284484638 -11.72681015044066982711609542543239 0.98435120283946830589722639240319
0.6727713536463018 1.0431328214201397 -11.72681053894014912434171634232153 0.98430408259670472490777626333515
0.6754412737295573 1.0502492534496459 -11.72681092884462928850102158649717 0.98427404441018293522127651682734
0.6781111139380851 1.0580742525840301 -11.72681131972726554822145422478021 0.98415660235186589083796893792295
0.6807806135333109 1.0665668150516329 -11.72681171368781272042281637402266 0.98404836890884196609419869357462
0.6834498123784521 1.0756683739635985 -11.72681211055227311403395862111400 0.98397786887071496227263078212636
0.6861188277978508 1.0853054133710682 -11.72681250941106166538550614389335 0.98391739946785327649273921605647
0.6887877023190490 1.0953928574263241 -11.72681291001241582389392001320354 0.98387855185623205031424391772054
0.6914564722094013 1.1058367192952117 -11.72681331182111500786449730265330 0.98383042280696480943039446207631
0.6941250899271514 1.1165364195372057 -11.72681371507750882460816506563226 0.98368870443193845139518501989321
0.6967933164043279 1.1273894765969322 -11.72681412202301804607215229505175 0.98359404475860464620805761288783
0.6994612939963527 1.1382921387089767 -11.72681453156926321271434125836161 0.98352602061347353717647312885190
0.7021291098643506 1.1491420381282108 -11.72681494306773839952834244524490 0.98346934271165496021535781898323
0.7047967711389160 1.1598398498218326 -11.72681535622886475366868732191388 0.98343003961998556118333873320658
0.7074643045717436 1.1702920429635971 -11.72681577062664323522964712505959 0.98333270093795978954450894759254
0.7101315675561883 1.1804140460128373 -11.72681618766222634433027344118165 0.98320755628835814948871380858117
0.7127984992284813 1.1901337026145181 -11.72681660804380697348501233330740 0.98312197805507902171268380580666
0.7154652215040128 1.1993925539115371 -11.72681703082930265876493644546483 0.98305262588901895013397094322439
0.7181317529531907 1.2081490166644981 -11.72681745559955767590661492660521 0.98300288679950317045640132367435
0.7207981285051208 1.2163809803599794 -11.72681788187460385527326038397113 0.98293748128151281649535344205345
0.7234643206001826 1.2240884680204232 -11.72681831004082754036045130119446 0.98282112148876982066803076680466
0.7261302055492380 1.2312905521909455 -11.72681874133906646751435499496835 0.98270824958967708751022640797028
0.7287958071946042 1.2380225877631000 -11.72681917573218585181266657129934 0.98262995465059408828595486010755
0.7314611919146532 1.2443343887827108 -11.72681961235599050800033750116871 0.98256149407453621317365363128523
0.7341263700365655 1.2502863516031849 -11.72682005095978037664707116249876 0.98250242148592568761159343460075
0.7367913821414056 1.2559432434496566 -11.72682049132621527495790683114186 0.98241476567021516330232923460889
0.7394561652821554 1.2613684895382036 -11.72682093415004346827477120460237 0.98229149842311171751127866658300
0.7421206371492484 1.2666251375587816 -11.72682138031236654298521518031121 0.98219257137535935891883086381206
0.7447848347209538 1.2717700318882281 -11.72682182923519691361431895053912 0.98211372286131183060515133830863
0.7474487973650540 1.2768485442619372 -11.72682228040959767099716799533630 0.98204260513311129451421735032098
0.7501125614007348 1.2818917652217808 -11.72682273366014763696579493071446 0.98195510744384017108406712564302
0.7527760971355300 1.2869175152279503 -11.72682318938598813622042378737932 0.98186809793675682676571132864399
0.7554394201773663 1.2919298557219795 -11.72682364760871500389269587947825 0.98174458838950602981103966892939
0.7581024016082882 1.2969221127815946 -11.72682410918523029119589529498258 0.98165645201053559728555686272615
0.7607651224206375 1.3018787830095325 -11.72682457327123233158377579860574 0.98157016051058437717443517451396
0.7634276033640497 1.3067788235464456 -11.72682503982993672453367275402102 0.98148211226821603585011600085802
0.7660898545857592 1.3115982004159824 -11.72682550889930393644564537187239 0.98138797619048819891538680716645
0.7687518739480472 1.3163114278524606 -11.72682598064190294374240445992178 0.98128930824319081327467250205904
0.7714136193980607 1.3208928451377139 -11.72682645516340200114495021178942 0.98118153851334488954401669408616
0.7740750500835150 1.3253183518356327 -11.72682693269110180677348962230058 0.98108879005108707244488475187747
0.7767362229953330 1.3295673479993489 -11.72682741287674441063213170082492 0.98098235456537107996835572555888
0.7793971161992233 1.3336257459283343 -11.72682789603975250271873436207311 0.98088867946270286509898692743327
0.7820577788422936 1.3374856443006418 -11.72682838189152475526558051935242 0.98079764298851885995637369130503
0.7847181898752982 1.3411442408650760 -11.72682887036369431746705900797569 0.98069393600123855028004058969208
0.7873782958484105 1.3446055242232120 -11.72682936175166421548717053607518 0.98059218046685603432330835531685
0.7900381188669241 1.3478796445475887 -11.72682985604965322797228405976221 0.98047088897965479345740866369705
0.7926976215616869 1.3509820820456153 -11.72683035371177933873890661936882 0.98037137264793619590950297761454
0.7953568777306350 1.3539301449169234 -11.72683085422487018211297151252670 0.98027145099537903224227281641988
0.7980158608381171 1.3560273648713700 -11.72683135760025618720450031637640 0.97331582094457925753589056587484
0.7999859213098929 1.3560273648713700 -11.72683173226349470939770103061743 1.00