0.0000000000000000 1.0166877408552931 -11.27542632170075369048408031526715 1.00000001120473312538760876491355
0.0018307371313075 1.0167624667651101 -11.27542632170624027592027080416910 1.00000001116517123356442489804344
0.0036614741543283 1.0168371931872416 -11.27542632171172686102623141507130 1.00000001111113448269421571695041
0.0054922110710727 1.0169119201152309 -11.27542632171721344580837248853595 1.00000001118039062193792436622253
0.0073229478838034 1.0169866475334145 -11.27542632172270003027220065738458 1.00000001118245163997343305097885
0.0091536845944342 1.0170613754365131 -11.27542632172818661442285510812806 1.00000001122082603863673470031349
0.0109844212050684 1.0171361038109859 -11.27542632173367319826512287318706 1.00000001118443715430950346087056
0.0128151577176059 1.0172108326505069 -11.27542632173915978180319541237863 1.00000001122526274807551536144955
0.0146458941342251 1.0172855619415280 -11.27542632174464636504132029652797 1.00000001117865846378334413826490
0.0164766304568027 1.0173602916777300 -11.27542632175013294798300190141906 1.00000001122008682277065475461876
0.0183073666875369 1.0174350218455601 -11.27542632175561953063174133708302 1.00000001119108911703716276419619
0.0201381028283355 1.0175097524387019 -11.27542632176110611299047236552425 1.00000001121020922401910697059208
0.0219688388813237 1.0175844834435992 -11.27542632176659269506163827310619 1.00000001119561800281828033442297
0.0237995748484765 1.0176592148539395 -11.27542632177207927684745732665494 1.00000001120380281345549344195928
0.0256303107318724 1.0177339466561619 -11.27542632177756585834942421983213 1.00000001119432005452499531496110
0.0274610465335159 1.0178086788439593 -11.27542632178305243956892635088372 1.00000001120225442631230588213781
0.0292917822554760 1.0178834114037657 -11.27542632178853902050646385858384 1.00000001120329527277838212046706
0.0311225178997770 1.0179581443292780 -11.27542632179402560116255892474364 1.00000001119997888884952339805104
0.0329532534684478 1.0180328776069255 -11.27542632179951218153660699141988 1.00000001120525970346176664807617
0.0347839889635411 1.0181076112304099 -11.27542632180499876162812644499890 1.00000001119689369974217750986093
0.0366147243870687 1.0181823451861552 -11.27542632181048534143547032235879 1.00000001119806094046558661349521
0.0384454597410852 1.0182570794678692 -11.27542632181597192095709510918162 1.00000001119913268023574376773030
0.0402761950276271 1.0183318140619709 -11.27542632182145850019032331415638 1.00000001121323035998750975492134
0.0421069302487552 1.0184065489621727 -11.27542632182694507913250609878458 1.00000001121864623988998570893369
0.0439376654064907 1.0184812841548863 -11.27542632183243165777977677879024 1.00000001121385725040028226001845
0.0457684005028516 1.0185560196338310 -11.27542632183791823612820820506665 1.00000001122223477384323866919893
0.0475991355398998 1.0186307553854125 -11.27542632184340481417278652502707 1.00000001120951268898786692671649
0.0494298705196327 1.0187054914033548 -11.27542632184889139190845540005527 1.00000001120572505188661907656736
0.0512606054441039 1.0187802276740608 -11.27542632185437796932884619196868 1.00000001121522407511531470995124
0.0530913403153745 1.0188549641912567 -11.27542632185986454642782425788648 1.00000001119465650413178624813604
0.0549220751354265 1.0189297009413407 -11.27542632186535112319751094660597 1.00000001120769773187416242898681
0.0567528099063585 1.0190044379180507 -11.27542632187083769963062057029518 1.00000001119751881565801288424175
0.0585835446301648 1.0190791751077807 -11.27542632187632427571802410650007 1.00000001120761744144182879555894
0.0604142793089195 1.0191539125042586 -11.27542632188181085145091772894305 1.00000001119914233896934975308904
0.0622450139446257 1.0192286500938775 -11.27542632188729742681890428630064 1.00000001120670911579141256767132
0.0640757485393496 1.0193033878703735 -11.27542632189278400181177668969311 1.00000001119100031445154601734771
0.0659064830950856 1.0193781258201378 -11.27542632189827057641768805637918 1.00000001122091708754215113402879
0.0677372176139542 1.0194528639369078 -11.27542632190375715062520282096419 1.00000001119298518885074726251099
0.0695679520978864 1.0195276022070697 -11.27542632190924372442085003942745 1.00000001121110199851686093489793
0.0713986865490036 1.0196023406243685 -11.27542632191473029779459055090573 1.00000001120385205636333982213733
0.0732294209692963 1.0196770791751832 -11.27542632192021687080841307689519 1.00000001121151348837485327059168
0.0750601553608287 1.0197518178532641 -11.27542632192570344350642348314516 1.00000001120328502271437215402401
0.0768908897256089 1.0198265566449854 -11.27542632193119001588762378627459 1.00000001120722994406078606816335
0.0787216240656959 1.0199012955441021 -11.27542632193667658795165292200352 1.00000001119694583759377485562401
0.0805523583831008 1.0199760345369833 -11.27542632194216315969750957087824 1.00000001119486770250221826583078
0.0823830926798755 1.0200507736173855 -11.27542632194764973112466720568887 1.00000001120046278558748392178893
0.0842138269580712 1.0201255127717182 -11.27542632195313630225605857516892 1.00000001119040066163988538937378
0.0860445612196961 1.0202002519936802 -11.27542632195862287335301610978892 1.00000001119676811637867175352200
0.0878752954668173 1.0202749912696537 -11.27542632196410944446484800798657 1.00000001120050613774719030802252
0.0897060297014669 1.0203497305934112 -11.27542632196959601559416821280439 1.00000001120246529632315889333018
0.0915367639256801 1.0204244699513054 -11.27542632197508258674333018140485 1.00000001120438426833505611063768
0.0933674981414909 1.0204992093371129 -11.27542632198056915791487588601380 1.00000001121290306203591089796675
0.0951982323509516 1.0205739487371803 -11.27542632198605572911117119613551 1.00000001119517020430106830380737
0.0970289665560480 1.0206486881452843 -11.27542632199154230033453333841337 1.00000001119994745894965929404976
0.0988597007588609 1.0207234275478118 -11.27542632199702887158740637937887 1.00000001121510049821093259422595
0.1006904349614438 1.0207981669384823 -11.27542632200251544287223748971453 1.00000001117423960893715782572825
0.1025211691657337 1.0208729063037152 -11.27542632200800201419096511569454 1.00000001119948280846672776127827
0.1043519033738861 1.0209476456372191 -11.27542632201348858554635647076512 1.00000001119745420130845045249750
0.1061826375878904 1.0210223849253558 -11.27542632201897515694055780805652 1.00000001120255020019069769329952
0.1080133718097943 1.0210971241619186 -11.27542632202446172837589131284534 1.00000001120348330575275662072885
0.1098441060416300 1.0211718633332188 -11.27542632202994829985461010183360 1.00000001120514749958444807460055
0.1116748402854348 1.0212466024364855 -11.27542632203543487137896331563718 1.00000001118272215069594735677819
0.1135055745432023 1.0213213414428226 -11.27542632204092144295118639368805 1.00000001118795583253001680208083
0.1153363088170177 1.0213960803746800 -11.27542632204640801457365991556946 1.00000001118508959165794054502094
0.1171670431089057 1.0214708191846883 -11.27542632205189458624871346049242 1.00000001118436994626149477897831
0.1189977774209048 1.0215455579003789 -11.27542632205738115802952612786599 1.00000001117898200087419491687776
0.1208285117550455 1.0216202964743163 -11.27542632206286773007073785808332 1.00000001119973766057266639458797
0.1226592461134106 1.0216950349340953 -11.27542632206835430238464138424822 1.00000001119720923333817438609198
0.1244899804979951 1.0217697732322153 -11.27542632207384087497174218780377 1.00000001121601411550093699718227
0.1263207149108766 1.0218445113963357 -11.27542632207932744783268794829347 1.00000001120821012822685960939647
0.1281514493540439 1.0219192493788919 -11.27542632208481402096812346217908 1.00000001123029922338170056311283
0.1299821838295882 1.0219939872076065 -11.27542632209030059437876709556706 1.00000001120956018255301487436536
0.1318129183394661 1.0220687248348451 -11.27542632209578716806508505056220 1.00000001120226406840003346460170
0.1336436528857410 1.0221434622835204 -11.27542632210127374202788943786342 1.00000001122631313407706424648013
0.1354743874705056 1.0222181995259905 -11.27542632210676031626809831569488 1.00000001118656336203390671104657
0.1373051220956802 1.0222929365530263 -11.27542632211224689078589397676623 1.00000001121060868996270917969292
0.1391358567634214 1.0223676733516911 -11.27542632211773346558257984995845 1.00000001118908207986882039569908
0.1409665914756796 1.0224424099356856 -11.27542632212322004065843194392980 1.00000001120505397764115609134555
0.1427973262345623 1.0225171462586190 -11.27542632212870661601469070468632 1.00000001119016867573711126056192
0.1446280610420488 1.0225918823482365 -11.27542632213419319165191139702681 1.00000001120348602131897981994139
0.1464587959002295 1.0226666181567259 -11.27542632213967976757106943867978 1.00000001116498447503494102536448
0.1482895308110447 1.0227413537122551 -11.27542632214516634377291761357123 1.00000001118192637093397867993064
0.1501202657766348 1.0228160889667847 -11.27542632215065292025867358869603 1.00000001118581027912504730629762
0.1519510007990105 1.0228908239443212 -11.27542632215613949702907575272653 1.00000001120389782358534716428664
0.1537817358802354 1.0229655586136794 -11.27542632216162607408528281542497 1.00000001115481793142108780486142
0.1556124710222253 1.0230402929731041 -11.27542632216711265142792157845850 1.00000001122467263925675685634665
0.1574432062272345 1.0231150270089039 -11.27542632217259922905865375802737 1.00000001118786276427025270208959
0.1592739414971029 1.0231897607149519 -11.27542632217808580697802080779483 1.00000001118945432594898432563754
0.1611046768339376 1.0232644940775053 -11.27542632218357238518728115795128 1.00000001119846116029417860038184
0.1629354122397892 1.0233392270904324 -11.27542632218905896368763510469575 1.00000001121006007636860519775329
0.1647661477166993 1.0234139597399841 -11.27542632219454554248020946884345 1.00000001120474244890396982711385
0.1665968832666740 1.0234886920200427 -11.27542632220003212156615168779889 1.00000001120614228969077575093679
0.1684276188917624 1.0235634239168502 -11.27542632220551870094665127803251 1.00000001118446020587366810575976
0.1702583545939564 1.0236381554242971 -11.27542632221100528062283142576227 1.00000001120793200856945645737861
0.1720890903753785 1.0237128865286215 -11.27542632221649186059617027713898 1.00000001122275492059184726862351
0.1739198262380469 1.0237876172237160 -11.27542632222197844086788992096992 1.00000001120808591325061935518175
0.1757505621839468 1.0238623474927901 -11.27542632222746502143910542905414 1.00000001120484106558632487503378
0.1775812982151371 1.0239370773404966 -11.27542632223295160231113744814261 1.00000001118692497548193518774415
0.1794120343336294 1.0240118067366401 -11.27542632223843818348532641124002 1.00000001117985145666124026631802
0.1812427705414755 1.0240865356925061 -11.27542632224392476496301093374466 1.00000001121831047192984073153467
0.1830735068407980 1.0241612641769357 -11.27542632224941134674563357004167 1.00000001122984942116995472903717
0.1849042432335821 1.0242359922012302 -11.27542632225489792883459689245731 1.00000001126554739816191713620216
0.1867349797219146 1.0243107197341923 -11.27542632226038451123118170163039 1.00000001116797227602413354163422
0.1885657163075856 1.0243854467826274 -11.27542632226587109393631751800695 1.00000001116600595818913022457643
0.1903964529928094 1.0244601733284220 -11.27542632227135767695431900914753 1.00000001120271320806585087108474
0.1922271897796906 1.0245348993657762 -11.27542632227684426028636672016909 1.00000001121444455256651594345912
0.1940579266702219 1.0246096248805978 -11.27542632228233084393153647547138 1.00000001119394442987686520690582
0.1958886636663809 1.0246843498670300 -11.27542632228781742788854484920988 1.00000001120100438909470339149938
0.1977194007702569 1.0247590743045057 -11.27542632229330401216740880997491 1.00000001124068495177526318546973
0.1995501378204379 1.0248337981848037 -11.27542632229879059630271526494986 1.00000001118999748083846261506271
0.2013808747638358 1.0249085214940179 -11.27542632230427718012988581877586 1.00000001125051110813214089743247
0.2032116116026911 1.0249832442261523 -11.27542632230976376364796960561080 1.00000001118035272860712612427809
0.2050423483388014 1.0250579663673905 -11.27542632231525034685481337805653 1.00000001121561675765617344981257
0.2068730849743966 1.0251326879152202 -11.27542632232073692974938567104359 1.00000001118382587363548136442634
0.2087038215113908 1.0252074088400755 -11.27542632232622351232904879581466 1.00000001120253630609817507986770
0.2105345579519136 1.0252821291656646 -11.27542632233171009459171353659489 1.00000001119794439692036721290542
0.2123652942979568 1.0253568488429621 -11.27542632233719667653441788731451 1.00000001117653203212215846236779
0.2141960305515287 1.0254315678930276 -11.27542632234268325815409784815229 1.00000001119160069672358959754872
0.2160267667147331 1.0255062862975837 -11.27542632234816983944745313587315 1.00000001120259069523449542742948
0.2178575027895993 1.0255810040337750 -11.27542632235365642041071003292237 1.00000001120822886466501961155732
0.2196882387781546 1.0256557211072724 -11.27542632235914300103961258057968 1.00000001121113552163983463324853
0.2215189746824308 1.0257304375054919 -11.27542632236462958132963878395093 1.00000001121197648931343183708185
0.2233497105044611 1.0258051532076806 -11.27542632237011616127570651473911 1.00000001123280991795304594739751
0.2251804462463186 1.0258798682203962 -11.27542632237560274087263594473737 1.00000001120696126069280702165866
0.2270111819099526 1.0259545825103636 -11.27542632238108932011436283320970 1.00000001120284793953019834599788
0.2288419174974426 1.0260292960977336 -11.27542632238657589899478867215816 1.00000001120628202607420007657038
0.2306726530108393 1.0261040089504691 -11.27542632239206247752142976111983 1.00000001118918187795015040467166
0.2325033884521421 1.0261787210707052 -11.27542632239754905572616310004951 1.00000001119717087067668453841026
0.2343341238234319 1.0262534324365316 -11.27542632240303563361173914065585 1.00000001120941024525525310014096
0.2361648591267553 1.0263281430475269 -11.27542632240852221117882704556744 1.00000001118675412413962222802107
0.2379955943640831 1.0264028528877584 -11.27542632241400878842769371249195 1.00000001119700829584192979919003
0.2398263295375150 1.0264775619533036 -11.27542632241949536535896443154491 1.00000001119379548475028613670249
0.2416570646490608 1.0265522702249699 -11.27542632242498194197285615093219 1.00000001115184407158129429481316
0.2434877997006872 1.0266269777053762 -11.27542632243046851826941880990273 1.00000001122009512200920458734507
0.2453185346946344 1.0267016843762710 -11.27542632243595509424951321817524 1.00000001117937165049621417553370
0.2471492696327401 1.0267763902317130 -11.27542632244144166991275510761009 1.00000001124816901766886695935030
0.2489800045172416 1.0268510952578345 -11.27542632244692824525984601041010 1.00000001119962564066485576223756
0.2508107393499592 1.0269257994486304 -11.27542632245241482029025616854494 1.00000001125079102224206240984078
0.2526414741331137 1.0270005027902377 -11.27542632245790139500444941103520 1.00000001121367953028138808332714
0.2544722088685793 1.0270752052766860 -11.27542632246338796940198130643149 1.00000001122823911726561131901960
0.2563029435584893 1.0271499068984848 -11.27542632246887454348281354439024 1.00000001120118151236124298483277
0.2581336782048047 1.0272246076390284 -11.27542632247436111724681002785755 1.00000001119170002849919469746659
0.2599644128095946 1.0272993074892798 -11.27542632247984769069365707537824 1.00000001122550341553041101317648
0.2617951473749753 1.0273740064470822 -11.27542632248533426382352037369032 1.00000001121608385187124492501002
0.2636258819029034 1.0274487044972751 -11.27542632249082083663566635115305 1.00000001122841058531708127864831
0.2654566163954574 1.0275234016317494 -11.27542632249630740912992093146143 1.00000001122021894099450787157027
0.2672873508546368 1.0275980978347790 -11.27542632250179398130562087958133 1.00000001124121675695865486224140
0.2691180852825319 1.0276727931102590 -11.27542632250728055316268156566717 1.00000001121055603288309751745526
0.2709488196810854 1.0277474874301238 -11.27542632251276712469998585618265 1.00000001125995038046247437278481
0.2727795540524792 1.0278221807994351 -11.27542632251825369591768946067326 1.00000001118186706599263953853566
0.2746102883985180 1.0278968732023336 -11.27542632252374026683250514733027 1.00000001118874230670887938217028
0.2764410227213929 1.0279715646278395 -11.27542632252922683768390378507318 1.00000001120434713579089075870992
0.2782717570231589 1.0280462550670888 -11.27542632253471340854943881666294 1.00000001117398753044243004728166
0.2801024913057685 1.0281209445101529 -11.27542632254019997943078378640334 1.00000001116114713017225292330033
0.2819332255712908 1.0281956329471061 -11.27542632254568655033024690129875 1.00000001120915113562892450919289
0.2837639598218741 1.0282703203680123 -11.27542632255117312125003603955666 1.00000001117162527571793194075194
0.2855946940593990 1.0283450067629453 -11.27542632255665969219166543783196 1.00000001118124479565476379462434
0.2874254282859888 1.0284196921219755 -11.27542632256214626315731430960480 1.00000001119080488478145833051577
0.2892561625036804 1.0284943764351737 -11.27542632256763283414895665064074 1.00000001120661875550813878128213
0.2910868967145210 1.0285690596926097 -11.27542632257311940516844298009085 1.00000001120781933962366604106085
0.2929176309205226 1.0286437418843514 -11.27542632257860597621757539103444 1.00000001121574789322065056621578
0.2947483651237328 1.0287184230004866 -11.27542632258409254729814078128857 1.00000001121878775864241202582990
0.2965790993261798 1.0287931030342745 -11.27542632258957911841188116849638 1.00000001121750379263236368439140
0.2984098335298927 1.0288677819634085 -11.27542632259506568956056565981344 1.00000001122642435008789056584922
0.3002405677369273 1.0289424597930738 -11.27542632260055226074607918609473 1.00000001118640688116545337319145
0.3020713019492309 1.0290171365073818 -11.27542632260603883196985764641089 1.00000001118082219347302857479642
0.3039020361689034 1.0290918120964755 -11.27542632261152540323389241491774 1.00000001123433302170557443715309
0.3057327703980899 1.0291664865542485 -11.27542632261701197454026633182722 1.00000001120789499310947548892712
0.3075635046386796 1.0292411598570422 -11.27542632262249854589033045820123 1.00000001123047787658775678942389
0.3093942388927995 1.0293158320146254 -11.27542632262798511728607278258005 1.00000001118680064489629431015558
0.3112249731623668 1.0293905029973868 -11.27542632263347168872895735860484 1.00000001123368376678361462351665
0.3130557074495826 1.0294651728208264 -11.27542632263895826022119515060538 1.00000001118428416469824932845790
0.3148864417563076 1.0295398414378371 -11.27542632264444483176412712275443 1.00000001124952159299580611367535
0.3167171760847888 1.0296145088816956 -11.27542632264993140336015548417654 1.00000001117092315593596307098978
0.3185479104368003 1.0296891751003644 -11.27542632265541797501029426278367 1.00000001122851683027471275931586
0.3203786448146287 1.0297638401249351 -11.27542632266090454671716139101138 1.00000001119781057429768214457040
0.3222093792201512 1.0298385039044277 -11.27542632266639111848220834005774 1.00000001120386847457093014121835
0.3240401136554711 1.0299131664700039 -11.27542632267187769031919229038162 1.00000001123146181819846938137810
0.3258708481226654 1.0299878277706130 -11.27542632267736426237802479463681 1.00000001116917568560533049217401
0.3277015826236053 1.0300624878335909 -11.27542632268285083470031612131019 1.00000001123879461549652924848817
0.3295323171605690 1.0301371466268636 -11.27542632268833740728728131981619 1.00000001121625951784575854569329
0.3313630517354263 1.0302118041440867 -11.27542632269382398013906760717098 1.00000001120216968783746303095730
0.3331937863502276 1.0302864603752811 -11.27542632269931055325632748333704 1.00000001122293995848513740757431
0.3350245210070739 1.0303611153257192 -11.27542632270479712663995040516227 1.00000001118864838444844058471181
0.3368552557079016 1.0304357689560783 -11.27542632271028370029026333484459 1.00000001121525939963564580506464
0.3386859904548607 1.0305104212727310 -11.27542632271577027420832291639471 1.00000001120856738748782715192370
0.3405167252499261 1.0305850722814877 -11.27542632272125684839458261887123 1.00000001116786005342975748916453
0.3423474600950742 1.0306597219395425 -11.27542632272674342284964189972213 1.00000001122180011868078742741075
0.3441781949925134 1.0307343702668409 -11.27542632273222999757479940370902 1.00000001122190094588120241838306
0.3460089299441818 1.0308090172285972 -11.27542632273771657257056625980453 1.00000001120134220527202046634534
0.3478396649520807 1.0308836628281295 -11.27542632274320314783771275517676 1.00000001121075747585493457306286
0.3496704000182998 1.0309583070656957 -11.27542632274868972337721781906077 1.00000001122950747544343707270217
0.3515011351448933 1.0310329499074210 -11.27542632275417629919010165322604 1.00000001122356763678869154076939
0.3533318703338530 1.0311075913672663 -11.27542632275966287527714895031147 1.00000001120281824135062101169195
0.3551626055871887 1.0311822314171119 -11.27542632276514945163921256992147 1.00000001120276413410100319923000
0.3569933409069777 1.0312568700607459 -11.27542632277063602827743770056006 1.00000001121933379410192866437810
0.3588240762952851 1.0313315072686025 -11.27542632277612260519292892623028 1.00000001119969226501903667637345
0.3606548117540813 1.0314061430509096 -11.27542632278160918238656514143634 1.00000001118773322638568239354876
0.3624855472854176 1.0314807773903750 -11.27542632278709575985944627791756 1.00000001119666109133381473359891
0.3643162828913692 1.0315554102770307 -11.27542632279258233761284291817107 1.00000001121564305094694321439752
0.3661470185739915 1.0316300417009535 -11.27542632279806891564792752908000 1.00000001122939603312888537528859
0.3679777543353144 1.0317046716520331 -11.27542632280355549396582693521319 1.00000001119899576689515037133342
0.3698084901772941 1.0317793001205826 -11.27542632280904207256752748198977 1.00000001120272928407352080142243
0.3716392261020281 1.0318539270999401 -11.27542632281452865145435191205260 1.00000001120777880844735612680713
0.3734699621115578 1.0319285525674149 -11.27542632282001523062758662145608 1.00000001125217990514665885434033
0.3753006982079895 1.0320031765331340 -11.27542632282550181008861249990975 1.00000001120751264195900142620388
0.3771314343931978 1.0320777989659812 -11.27542632283098838983826858153903 1.00000001120680415252176196379781
0.3789621706693015 1.0321524198772515 -11.27542632283647496987799969279036 1.00000001122415662279629224545320
0.3807929070383686 1.0322270392369493 -11.27542632284196155020922178355880 1.00000001118346359479566282137546
0.3826236435023296 1.0323016570540815 -11.27542632284744813083289327354306 1.00000001119579524843692982422758
0.3844543800633184 1.0323762732997887 -11.27542632285293471175058157094176 1.00000001119456518271010066086157
0.3862851167233472 1.0324508879831042 -11.27542632285842129296352209309289 1.00000001118152435804060178922194
0.3881158534844312 1.0325255010751322 -11.27542632286390787447290012157434 1.00000001122299908624208087243677
0.3899465903487071 1.0326001125815912 -11.27542632286939445628036444776772 1.00000001121122597048088004482567
0.3917773273181166 1.0326747224863753 -11.27542632287488103838686637387818 1.00000001120200525864622661282149
0.3936080643946991 1.0327493307694711 -11.27542632288036762079933456134063 1.00000001118031320893045047155276
0.3954388014719315 1.0328239374322909 -11.27542632288585420324712783864935 1.00000001118883040552779044945098
0.3972695384419762 1.0328985424446925 -11.27542632289134078540000820313305 1.00000001120417060114376360537208
0.3991002753068851 1.0329731458185438 -11.27542632289682736725037156042533 1.00000001120462469775678573800861
0.4009310120686653 1.0330477475238090 -11.27542632290231394879377173416352 1.00000001120147574588458520038086
0.4027617487293472 1.0331223475543982 -11.27542632290780053002588904079331 1.00000001120891012414061017995078
0.4045924852909871 1.0331969459165510 -11.27542632291328711094108788907174 1.00000001120066093266663651841793
0.4064232217555932 1.0332715425773272 -11.27542632291877369153293906632867 1.00000001121404974666912018856531
0.4082539581252399 1.0333461375499364 -11.27542632292426027179522877387887 1.00000001120287085527555316832636
0.4100846944019206 1.0334207308058257 -11.27542632292974685172081388710542 1.00000001118640037881361795066414
0.4119154305876634 1.0334953223375429 -11.27542632293523343130261895064498 1.00000001122517919265492818381262
0.4137461666846063 1.0335699121456960 -11.27542632294072001053321607464288 1.00000001118096834585877118620839
0.4155769026946342 1.0336445002143528 -11.27542632294620658940437921332556 1.00000001123097155974550725958596
0.4174076386199568 1.0337190865336497 -11.27542632295169316790815740842169 1.00000001119848298851701023795128
0.4192383744624578 1.0337936710936465 -11.27542632295717974603548659105331 1.00000001121258797929887280349364
0.4210691102242611 1.0338682538844000 -11.27542632296266632377737986928802 1.00000001120593582203094456188031
0.4228998459073662 1.0339428348974097 -11.27542632296815290112424636319914 1.00000001119124796244164660577195
0.4247305815137953 1.0340174141254715 -11.27542632297363947806603718650353 1.00000001120866415516166229107304
0.4265613170456442 1.0340919915427904 -11.27542632297912605462187075178710 1.00000001117906615971985335437813
0.4283920525048613 1.0341665671574465 -11.27542632298461263084008746568714 1.00000001121474799589579194169278
0.4302227878936056 1.0342411409532035 -11.27542632299009920672431069084192 1.00000001116912339907318267787884
0.4320535232137654 1.0343157129203195 -11.27542632299558578227450648264491 1.00000001120253131958784150154405
0.4338842584675222 1.0343902830488138 -11.27542632300107235749169967605512 1.00000001120475835541950746124028
0.4357149936568537 1.0344648513287715 -11.27542632300655893237611221473856 1.00000001119324017479179480762820
0.4375457287837740 1.0345394177502807 -11.27542632301204550692812717596557 1.00000001119984759121718041603853
0.4393764638503533 1.0346139823034289 -11.27542632301753208114809088483211 1.00000001121799483105732820504615
0.4412071988586476 1.0346885449782992 -11.27542632302301865503648633085265 1.00000001118382720739641565723687
0.4430379338105998 1.0347631057649839 -11.27542632302850522859317698652282 1.00000001121779405501130666326232
0.4448686687083700 1.0348376646592150 -11.27542632303399180181868857471407 1.00000001117819593839175155416435
0.4466994035538602 1.0349122216337271 -11.27542632303947837471271108349219 1.00000001123500630912044456514448
0.4485301383492843 1.0349867766979926 -11.27542632304496494727592556351405 1.00000001117462366158267890926998
0.4503608730964649 1.0350613298329867 -11.27542632305045151950753407975178 1.00000001123742014347714884175959
0.4521916077976661 1.0351358810302350 -11.27542632305593809141074716648827 1.00000001122552671229151020195238
0.4540223424547866 1.0352104302798233 -11.27542632306142466315739443738387 1.00000001123311806576311363632883
0.4558530770698993 1.0352849775667549 -11.27542632306691123490052507592896 1.00000001122707519358257557890668
0.4576838116450161 1.0353595228970490 -11.27542632307239780664234499834867 1.00000001122529740684941391632640
0.4595145461821815 1.0354340662389165 -11.27542632307788437838525653646961 1.00000001122634679947162884648047
0.4613452806834382 1.0355086076032522 -11.27542632308337095013145805028440 1.00000001118285917238001424339228
0.4631760151507431 1.0355831469606125 -11.27542632308885752188290331921080 1.00000001120777408251446624324752
0.4650067495862568 1.0356576843218822 -11.27542632309434409364202562781400 1.00000001120629176182446997676136
0.4668374839919683 1.0357322196550304 -11.27542632309983066541078981991129 1.00000001122077911327771673917597
0.4686682183699435 1.0358067529709904 -11.27542632310531723719122015306626 1.00000001124289098292097724762458
0.4704989527222335 1.0358812842444628 -11.27542632311080380898533695813908 1.00000001121976607010617531844507
0.4723296870507925 1.0359558134704749 -11.27542632311629038079469278007140 1.00000001121477805386966146675593
0.4741604213576907 1.0360303406455393 -11.27542632312177695262128868839771 1.00000001122942179392123630888774
0.4759911556450012 1.0361048657437307 -11.27542632312726352446692817278759 1.00000001123222504326652429218292
0.4778218899147395 1.0361793887776749 -11.27542632313275009633329469192052 1.00000001121185930284727058371248
0.4796526241689002 1.0362539097080218 -11.27542632313823666822193399083088 1.00000001122140816083807635056258
0.4814833584095750 1.0363284285637040 -11.27542632314372324013466069530797 1.00000001120277224939498221587132
0.4833140926387498 1.0364029452913768 -11.27542632314920981207286693859519 1.00000001118149118659937155600632
0.4851448268584564 1.0364774599247628 -11.27542632315469638403812965518349 1.00000001120079169790156185723156
0.4869755610708063 1.0365519724103264 -11.27542632316018295603222658736744 1.00000001121919230867836057278669
0.4888062952778352 1.0366264827817529 -11.27542632316566952805657845055831 1.00000001119184871024316149578625
0.4906370294814963 1.0367009909855026 -11.27542632317115610011240058858328 1.00000001121412706405009652369965
0.4924677636839175 1.0367754970509823 -11.27542632317664267220144977979228 1.00000001122308009127386305046722
0.4942984978871127 1.0368500009434293 -11.27542632318212924432509355244285 1.00000001116521318346896519513484
0.4961292320929954 1.0369245026565013 -11.27542632318761581648437896706895 1.00000001119421042985081767391182
0.4979599663037627 1.0369990021887928 -11.27542632319310238868118679186330 1.00000001120499443156275841884212
0.4997907005214172 1.0370734995320732 -11.27542632319858896091685370746710 1.00000001119500086839334873781119
0.5016214347479578 1.0371479946656251 -11.27542632320407553319265000814473 1.00000001118190931815154152529330
0.5034521689854160 1.0372224875883365 -11.27542632320956210550997871916481 1.00000001119764393791170996897751
0.5052829032358815 1.0372969782724963 -11.27542632321504867787040026845035 1.00000001119815024455728274861854
0.5071136375013637 1.0373714667310311 -11.27542632322053525027519759245521 1.00000001119323728101874304605595
0.5089443717838896 1.0374459529432655 -11.27542632322602182272586794334640 1.00000001121129576878109773730041
0.5107751060855384 1.0375204369020558 -11.27542632323150839522386129915916 1.00000001116498266531239211397710
0.5126058404082293 1.0375949185946703 -11.27542632323699496777032739187659 1.00000001119364548125735849385037
0.5144365747541366 1.0376693980125136 -11.27542632324248154036709349955884 1.00000001119968626998284362621517
0.5162673091252560 1.0377438751458844 -11.27542632324796811301555490719435 1.00000001115849729127466518448358
0.5180980435235380 1.0378183499906957 -11.27542632325345468571694577978664 1.00000001117639173295880775474496
0.5199287779511280 1.0378928225176882 -11.27542632325894125847319125674554 1.00000001120336039265687163686794
0.5217595124100795 1.0379672927383797 -11.27542632326442783128579976024994 1.00000001120223398416603418716178
0.5235902469023782 1.0380417606348262 -11.27542632326991440415628724171716 1.00000001120190396490811407608717
0.5254209814300625 1.0381162261972719 -11.27542632327540097708634962957130 1.00000001120942952927199789367532
0.5272517159951838 1.0381906894158138 -11.27542632328088755016125109713638 1.00000001118120841875497475701840
0.5290824505997136 1.0382651502805539 -11.27542632328637412348801932677715 1.00000001117602513154421093609142
0.5309131852457312 1.0383396087815918 -11.27542632329186069706990879981380 1.00000001116514230966685437600241
0.5327439199352629 1.0384140649090307 -11.27542632329734727090720694035021 1.00000001118466725950933874066312
0.5345746546704016 1.0384885186529708 -11.27542632330283384500076178185577 1.00000001119523825542732876294179
0.5364053894531678 1.0385629700035105 -11.27542632330832041935092471811977 1.00000001116631162558534421300338
0.5382361242855263 1.0386374189507561 -11.27542632331380699395823993310713 1.00000001120137607364525794533527
0.5400668591696312 1.0387118654848071 -11.27542632331929356882347185289427 1.00000001120478499303885694016548
0.5418975941074616 1.0387863095957653 -11.27542632332478014394725394978044 1.00000001120085131643148036356324
0.5437283291010412 1.0388607512685359 -11.27542632333026671933013309851677 1.00000001119277229141277247166892
0.5455590641523993 1.0389351905083197 -11.27542632333575329497282345315880 1.00000001118784666492547395785631
0.5473897992635789 1.0390096272853862 -11.27542632334123987087608345571423 1.00000001119203667962238231637519
0.5492205344366335 1.0390840616097455 -11.27542632334672644704068357731640 1.00000001119860406787574143541103
0.5510512696736046 1.0391584934515620 -11.27542632335221302346750907687264 1.00000001117039639039509151255272
0.5528820049764649 1.0392329228221904 -11.27542632335769960015716937400140 1.00000001118143185261490546183787
0.5547127403473238 1.0393073496943210 -11.27542632336318617711071235931550 1.00000001116521884372067179532652
0.5565434757881679 1.0393817740641884 -11.27542632336867275432893683986592 1.00000001123894186091771888833361
0.5583742113011969 1.0394561959231268 -11.27542632337415933181320997109128 1.00000001120716271047806583073074
0.5602049468882563 1.0395306152588429 -11.27542632337964590956393124033210 1.00000001120981061726816770594254
0.5620356825514463 1.0396050320626206 -11.27542632338513248758223315672771 1.00000001118310617663867618982026
0.5638664182927476 1.0396794463245576 -11.27542632339061906586908712797767 1.00000001118220573514255634260561
0.5656971541142444 1.0397538580347554 -11.27542632339610564442552113183699 1.00000001124864403221281501904851
0.5675278900180974 1.0398282671833202 -11.27542632340159222325302207646659 1.00000001119240013822005626480696
0.5693586260061210 1.0399026737603665 -11.27542632340707880235202733056093 1.00000001124007874845088259020878
0.5711893620805398 1.0399770777595908 -11.27542632341256538172416472089984 1.00000001121601419859370780452957
0.5730200982432594 1.0400514791585672 -11.27542632341805196137016877443350 1.00000001122742440133941188424700
0.5748508344963824 1.0401258779665143 -11.27542632342353854129132798133731 1.00000001122387211340907167791055
0.5766815708419181 1.0402002741531326 -11.27542632342902512148868914782706 1.00000001121238429579157470364845
0.5785123072818891 1.0402746677289432 -11.27542632343451170196337515970302 1.00000001121513584690272485569308
0.5803430438183605 1.0403490586636988 -11.27542632343999828271663078623607 1.00000001118952746312069802159815
0.5821737804533151 1.0404234469678741 -11.27542632344548486374945540639179 1.00000001120631583395572901402235
0.5840045171888697 1.0404978326112039 -11.27542632345097144506330316118327 1.00000001120921784994921981657522
0.5858352540270340 1.0405722156041847 -11.27542632345645802665919456875730 1.00000001120957602974069106960362
0.5876659909698420 1.0406465959150173 -11.27542632346194460853824555769455 1.00000001118978275935602698528793
0.5894967280192908 1.0407209735549154 -11.27542632346743119070562285819436 1.00000001120622231517329920485639
0.5913274651238453 1.0407953484856539 -11.27542632347291777306547448901968 1.00000001117311913512998753418828
0.5931582021206214 1.0408697207126480 -11.27542632347840435514428730544570 1.00000001120982377076868574389821
0.5949889390117889 1.0409440902207473 -11.27542632348389093693232059365558 1.00000001118280966739696671099219
0.5968196757992647 1.0410184570000934 -11.27542632348937751841875698253196 1.00000001116369882246160148478791
0.5986504124851000 1.0410928210408054 -11.27542632349486409959285587556739 1.00000001122003881804595445714613
0.6004811490714698 1.0411671823329898 -11.27542632350035068044390030237314 1.00000001118343595940012716815253
0.6023118855602411 1.0412415408667633 -11.27542632350583726096001586801597 1.00000001117960247576110344745010
0.6041426219535113 1.0413158966322411 -11.27542632351132384112949620299852 1.00000001118340423597250358779761
0.6059733582533336 1.0413902496195364 -11.27542632351681042094637622836215 1.00000001116864280400484998284205
0.6078040944617055 1.0414645998187665 -11.27542632352229700040580925284870 1.00000001118028549697100381447994
0.6096348305807129 1.0415389472200484 -11.27542632352778357949792304175795 1.00000001120672079046912606259938
0.6114655666124224 1.0416132918134947 -11.27542632353327015821207255167491 1.00000001119019021951520308201938
0.6132963025587925 1.0416876335952680 -11.27542632353875673653704864286979 1.00000001119030054954394124515206
0.6151270384218884 1.0417619725369464 -11.27542632354424331446151426529660 1.00000001115881175334233104957306
0.6169577742036935 1.0418363086587258 -11.27542632354972989197360829188548 1.00000001126296492643344118233155
0.6187885099064910 1.0419106419155147 -11.27542632355521646906172162170427 1.00000001121986148052951901774589
0.6206192455320483 1.0419849723216977 -11.27542632356070304571243341786929 1.00000001121682999564180782489699
0.6224499810824762 1.0420592998606944 -11.27542632356618962191737538305411 1.00000001118608956574961084207833
0.6242807165597600 1.0421336245226102 -11.27542632357167619773973650601155 1.00000001123180707286366358164182
0.6261114519660746 1.0422079462970789 -11.27542632357716277321068519265805 1.00000001120854628402861167216977
0.6279421873033305 1.0422822651769853 -11.27542632358264934833020388714444 1.00000001119800557140740121130666
0.6297729225735882 1.0423565811486012 -11.27542632358813592309891045770855 1.00000001121944981226995180754266
0.6316036577789433 1.0424308942081199 -11.27542632359362249751734475122180 1.00000001120400267375841262621928
0.6334343929213652 1.0425052043301569 -11.27542632359910907158566564262348 1.00000001122513953678915764337151
0.6352651280029599 1.0425795115225082 -11.27542632360459564530430603713148 1.00000001121107368650804095603836
0.6370958630256986 1.0426538157687133 -11.27542632361008221867336276780347 1.00000001119176613803409712780171
0.6389265979916099 1.0427281170588663 -11.27542632361556879169285166494676 1.00000001117780122311482617068800
0.6407573329027393 1.0428024153830920 -11.27542632362105536436314807010458 1.00000001118204898724906872524002
0.6425880677611591 1.0428767107315132 -11.27542632362654193668417270296189 1.00000001119775339473744250262120
0.6444188025689249 1.0429510030942514 -11.27542632363202850866497457845845 1.00000001119856758625826790818817
0.6462495373280467 1.0430252924614296 -11.27542632363751508051667510161953 1.00000001120273060189965099871237
0.6480802720405694 1.0430995788307176 -11.27542632364300165237500085996823 1.00000001118340346301233034328866
0.6499110067084848 1.0431738621706080 -11.27542632364848822424214821256612 1.00000001119561602316027465614600
0.6517417413338880 1.0432481424978987 -11.27542632365397479612056074093748 1.00000001116422396929980586222147
0.6535724759187361 1.0433224197774854 -11.27542632365946136801215845893955 1.00000001120888129658226227374797
0.6554032104652070 1.0433966940187633 -11.27542632366494793991950701417044 1.00000001117426897639857194769449
0.6572339449751911 1.0434709652050893 -11.27542632367043451184424503734544 1.00000001118575613252219972655345
0.6590646794508113 1.0435452333267137 -11.27542632367592108378851302699042 1.00000001119689076085103832289118
0.6608954138941026 1.0436194983753063 -11.27542632368140765575423148310164 1.00000001121041582304981149458450
0.6627261483071077 1.0436937603439266 -11.27542632368689422774325055342357 1.00000001119202221322761487207352
0.6645568826918039 1.0437680192107184 -11.27542632369238079975714803704995 1.00000001117962022911909195751852
0.6663876170502393 1.0438422749749259 -11.27542632369786737179764204945305 1.00000001119012814409118808440378
0.6682183513844928 1.0439165276250705 -11.27542632370335394386652527471641 1.00000001119849244529953194449245
0.6700490856965973 1.0439907771512796 -11.27542632370884051596536915969662 1.00000001119622675351554210823148
0.6718798199885703 1.0440650235436828 -11.27542632371432708809562904734477 1.00000001120906326277365237291851
0.6737105542624767 1.0441392667924071 -11.27542632371981366025882086641574 1.00000001119559499811281998703042
0.6755412885203054 1.0442135068875838 -11.27542632372530023245628144056586 1.00000001120995698911466070138086
0.6773720227641444 1.0442877438193409 -11.27542632373078680468949395298603 1.00000001119974201650574442239246
0.6792027569959858 1.0443619775778097 -11.27542632373627337695968340461022 1.00000001120429464323514280162792
0.6810334912178937 1.0444362081531201 -11.27542632374175994926821144793315 1.00000001119846004726680331361633
0.6828642254318862 1.0445104355354043 -11.27542632374724652161632476598427 1.00000001121043004268901601004386
0.6846949596400331 1.0445846597147987 -11.27542632375273309400535207549554 1.00000001118098777208062196951269
0.6865256938442955 1.0446588806747755 -11.27542632375821966643629648382484 1.00000001119846554915299407811217
0.6883564280467964 1.0447330984188275 -11.27542632376370623891055614417307 1.00000001118830077392554941447513
0.6901871622495223 1.0448073129302385 -11.27542632376919281142916064955971 1.00000001122435160027660008981390
0.6920178964545947 1.0448815241992877 -11.27542632377467938399352917240341 1.00000001120430909008619754518818
0.6938486306639482 1.0449557322161142 -11.27542632378016595660444230358793 1.00000001121434610155926046995483
0.6956793648796749 1.0450299369759176 -11.27542632378565252926326125351914 1.00000001117171594016603325463993
0.6975100991037154 1.0451041384531659 -11.27542632379113910197069262248977 1.00000001121951733756349417401704
0.6993408333382723 1.0451783366592154 -11.27542632379662567472832750140528 1.00000001121608290699734914211760
0.7011715675852889 1.0452525315629314 -11.27542632380211224753714363035341 1.00000001121340414496984101639935
0.7030023018468037 1.0453267231757401 -11.27542632380759882039811387833640 1.00000001123729178449130888478805
0.7048330361249023 1.0454009114664754 -11.27542632381308539331255522894150 1.00000001120906901050759444304427
0.7066637704215264 1.0454750964465226 -11.27542632381857196628141344679125 1.00000001119089230723056167516617
0.7084945047387315 1.0455492780848045 -11.27542632382405853930577633079611 1.00000001121791135872521668440120
0.7103252390786374 1.0456234563989670 -11.27542632382954511238699628706588 1.00000001123031518765677968828918
0.7121559734432544 1.0456976313372016 -11.27542632383503168552623878134782 1.00000001118812175533601307452984
0.7139867078345197 1.0457718029337532 -11.27542632384051825872441753649198 1.00000001125098189874204000436031
0.7158174422546625 1.0458459711489035 -11.27542632384600483198330063903935 1.00000001120646414246728416909591
0.7176481767055234 1.0459201359942545 -11.27542632385149140530359398891382 1.00000001119575559570989780491301
0.7194789111892013 1.0459942974386315 -11.27542632385697797868679395792367 1.00000001120583340045956345834215
0.7213096457077713 1.0460684554935002 -11.27542632386246455213435164222592 1.00000001118154420041319773210056
0.7231403802632076 1.0461426101276643 -11.27542632386795112564732924188516 1.00000001120373932759424549169466
0.7249711148576323 1.0462167613526167 -11.27542632387343769922744203616506 1.00000001118527812585300486031962
0.7268018494930079 1.0462909091371335 -11.27542632387892427288489673407400 1.00000001119203648046658632799997
0.7286325841714177 1.0463650534927308 -11.27542632388441084675115202894463 1.00000001119784295540335854725233
0.7304633188948970 1.0464391943881671 -11.27542632388989742087396499851124 1.00000001122598648550978898282205
0.7322940536655237 1.0465133318349828 -11.27542632389538399525386951745556 1.00000001121110664448800888911466
0.7341247884852559 1.0465874658074122 -11.27542632390087056989106040961392 1.00000001119950663891711127320486
0.7359555233561367 1.0466615963008839 -11.27542632390635714478594245781761 1.00000001122475091026466022671477
0.7377862582802707 1.0467357233054500 -11.27542632391184371993909924443447 1.00000001121560221507125239854566
0.7396169932596320 1.0468098468112657 -11.27542632391733029535080636496478 1.00000001119447463286308902338467
0.7414477282962356 1.0468839668097874 -11.27542632392281687102167219022739 1.00000001119463385000669175652108
0.7432784633921576 1.0469580832884671 -11.27542632392830344695211057838442 1.00000001120668004040347531541542
0.7451091985494567 1.0470321962334937 -11.27542632393379002314289545932828 1.00000001121957770171187636676320
0.7469399337701714 1.0471063056509166 -11.27542632393927659959445776861651 1.00000001120697465155531862657218
0.7487706690562922 1.0471804115096479 -11.27542632394476317630735501242467 1.00000001121635673045416334674286
0.7506014044098964 1.0472545138160003 -11.27542632395024975328239015406746 1.00000001120009799229033261184215
0.7524321398329739 1.0473286125546954 -11.27542632395573633052008778108403 1.00000001122947861936105832624029
0.7542628753276453 1.0474027077157976 -11.27542632396122290802149513993215 1.00000001121466430743504242811973
0.7560936108958669 1.0474767992894677 -11.27542632396670948578705678876575 1.00000001117129523689068375985346
0.7579243465396231 1.0475508872658586 -11.27542632397219606381749000074817 1.00000001119987120436324563145707
0.7597550822610826 1.0476249716351181 -11.27542632397768264211388275578607 1.00000001120670517996783894439954
0.7615858180622427 1.0476990523873959 -11.27542632398316922067700268104996 1.00000001120891620591692305060409
0.7634165539451316 1.0477731295060078 -11.27542632398865579950758598584416 1.00000001119935328915560899179142
0.7652472899117649 1.0478472030011371 -11.27542632399414237860656507266547 1.00000001121237609375587155158656
0.7670780259642208 1.0479212728432634 -11.27542632399962895797491821436081 1.00000001118439684376994028091110
0.7689087621044613 1.0479953390290381 -11.27542632400511553761332600053403 1.00000001119567948796186482429183
0.7707394983345952 1.0480694015485992 -11.27542632401060211752292589933721 1.00000001121728970453931881132583
0.7725702346566785 1.0481434603904952 -11.27542632401608869770478970603827 1.00000001120991366439011184943729
0.7744009710726950 1.0482175155492717 -11.27542632402157527815961412343699 1.00000001118578802794497405745912
0.7762317075846509 1.0482915670161726 -11.27542632402706185888824593516151 1.00000001119445163702388290578020
0.7780624441946432 1.0483656147666054 -11.27542632403254843989193029115205 1.00000001119215633419078640131717
0.7798931809046887 1.0484396588171769 -11.27542632403803502117156228547490 1.00000001120760808675979112572204
0.7817239177168567 1.0485136991200166 -11.27542632404352160272819208976190 1.00000001123095716269560929778855
0.7835546546331987 1.0485877357102034 -11.27542632404900818456280889595823 1.00000001120542390799757951792808
0.7853853916556620 1.0486617685369438 -11.27542632405449476667610871124516 1.00000001120403130206583403257501
0.7872161287863276 1.0487357976088754 -11.27542632405998134912879401945883 1.00000001121447991097860368569789
0.7890468658100963 1.0488098229072879 -11.27542632406546793132398521984392 1.00000001119101641585597445815365
0.7908776027276289 1.0488838444223571 -11.27542632407095451324543429713402 1.00000001118459174516791237075196
0.7927083395409960 1.0489578621442423 -11.27542632407644109488078481066829 1.00000001119730704842689933373016
0.7945390762522671 1.0490318760631038 -11.27542632408192767621719086296518 1.00000001121608362539483869424921
0.7963698128634925 1.0491058861690965 -11.27542632408741425724177736234396 1.00000001116558348671712898358367
0.7982005493765824 1.0491798924523888 -11.27542632409290083794053363876229 1.00000001121925677743517643562649
0.8000312857937620 1.0492538949031337 -11.27542632409838741830029783410970 1.00000001116178172242883925225516
0.8018620221168670 1.0493278935115001 -11.27542632410387399830613630521559 1.00000001120528371290819673650653
0.8036927583481167 1.0494018882620220 -11.27542632410936057794393262949808 1.00000001119358906778376378373663
0.8055234944894469 1.0494758791626612 -11.27542632411484715719842464258748 1.00000001123061930134390782366498
0.8073542305429838 1.0495498661847292 -11.27542632412033373605551953015685 1.00000001118474934408024892663034
0.8091849665106126 1.0496238493251338 -11.27542632412582031451234232560678 1.00000001119427680476430561512778
0.8110157023944718 1.0496978285739727 -11.27542632413130689255846615185204 1.00000001119702264346632180692267
0.8128464381965860 1.0497718039213776 -11.27542632413679347017991640568756 1.00000001118587990052600117633838
0.8146771739189666 1.0498457753591541 -11.27542632414228004736222503675139 1.00000001118819132004101013606878
0.8165079095636753 1.0499197428806013 -11.27542632414776662409062141651453 1.00000001120887963888801903532575
0.8183386451327828 1.0499937064660993 -11.27542632415325320035001922360196 1.00000001121510371641020665865013
0.8201693806282996 1.0500676661093195 -11.27542632415873977616110606486241 1.00000001117708148530825077473401
0.8220001160521817 1.0501416218073798 -11.27542632416422635160616629008950 1.00000001121745448395901207747619
0.8238308514066096 1.0502155735339256 -11.27542632416971292669159794998652 1.00000001121163216334343993192212
0.8256615866935357 1.0502895213013677 -11.27542632417519950141758230499817 1.00000001123041696274727642801746
0.8274923219150422 1.0503634650776172 -11.27542632418068607578435367344157 1.00000001119290316377960087519222
0.8293230570730645 1.0504374048751069 -11.27542632418617264979188258275728 1.00000001122164101586029135329102
0.8311537921697589 1.0505113406674172 -11.27542632419165922344060327276055 1.00000001121984620000209992827389
0.8329845272071065 1.0505852724444670 -11.27542632419714579673043101440573 1.00000001122883711725542346928252
0.8348152621871641 1.0506592002132917 -11.27542632420263236966149681709517 1.00000001121417298657645233442419
0.8366459971119255 1.0507331239460491 -11.27542632420811894223362080246759 1.00000001121390171564050677874552
0.8384767319834543 1.0508070436355204 -11.27542632421360551444685301344363 1.00000001117527354870503178764518
0.8403074668037175 1.0508809592871135 -11.27542632421909208630086840212526 1.00000001122466167495124079599527
0.8421382015749147 1.0509548708689481 -11.27542632422457865783996265139085 1.00000001119643439160650467333227
0.8439689362989388 1.0510287783933193 -11.27542632423006522937084490169671 1.00000001120176370260147806747186
0.8457996709778885 1.0511026818282754 -11.27542632423555180092505890041319 1.00000001120210235616595438296841
0.8476304056137914 1.0511765811821602 -11.27542632424103837250469354931537 1.00000001119921083996675753710846
0.8494611402086789 1.0512504764421741 -11.27542632424652494411196223992234 1.00000001118251302337932131178802
0.8512918747645644 1.0513243675831229 -11.27542632425201151574861234202872 1.00000001116970477531095724627697
0.8531226092834903 1.0513982546135561 -11.27542632425749808741680595337359 1.00000001120054703396255457862381
0.8549533437675736 1.0514721375152164 -11.27542632426298465911849122288735 1.00000001120840173443646658388396
0.8567840782188092 1.0515460162795247 -11.27542632426847123085535599761984 1.00000001119771067495197127815288
0.8586148126392004 1.0516198909021716 -11.27542632427395780262907967322015 1.00000001119903605848654450624543
0.8604455470308061 1.0516937613553303 -11.27542632427944437444135628125453 1.00000001120711561648446621598993
0.8622762813956758 1.0517676276488460 -11.27542632428493094629385860345731 1.00000001117741269035887702925491
0.8641070157357791 1.0518414897658642 -11.27542632429041751818791170009195 1.00000001119240636073849607636938
0.8659377500532333 1.0519153476964875 -11.27542632429590409012519140899024 1.00000001120044301477705102199271
0.8677684843500626 1.0519892014308954 -11.27542632430139066210705394738161 1.00000001119232001078761882394355
0.8695992186282746 1.0520630509592709 -11.27542632430687723413477458935670 1.00000001120600289348574875591277
0.8714299528899461 1.0521368962717949 -11.27542632431236380620974123283773 1.00000001120260758974658545845145
0.8732606871370831 1.0522107373586457 -11.27542632431785037833313296147730 1.00000001119525903142686376200411
0.8750914213717153 1.0522845742154064 -11.27542632432333695050615548835530 1.00000001119273773362505074428184
0.8769221555958886 1.0523584068199663 -11.27542632432882352272992004364190 1.00000001120857003917256047662125
0.8787528898116739 1.0524322351651021 -11.27542632433431009500565284186029 1.00000001121730006593893602102018
0.8805836240210951 1.0525060592563948 -11.27542632433979666733446488284756 1.00000001120881714705384978870483
0.8824143582261578 1.0525798790675043 -11.27542632434528323971728074806663 1.00000001120717467457303010657107
0.8842450924289117 1.0526536945982082 -11.27542632435076981215522062083436 1.00000001120143335504709342505388
0.8860758266313864 1.0527275058245969 -11.27542632435625638464917732295334 1.00000001121451828785591771766833
0.8879065608356533 1.0528013127581192 -11.27542632436174295720031425072861 1.00000001119081179632993055922118
0.8897372950436821 1.0528751153663132 -11.27542632436722952980937931700722 1.00000001122835065744460143471925
0.8915680292576219 1.0529489136619883 -11.27542632437271610247754885591138 1.00000001118071217309469237981302
0.8933987634793541 1.0530227076185356 -11.27542632437820267520540540963739 1.00000001120579256181959425725395
0.8952294977110488 1.0530964972317019 -11.27542632438368924799419716948407 1.00000001118315565186671788483977
0.8970602319546557 1.0531702824916245 -11.27542632438917582084461272794418 1.00000001119446686225139924646380
0.8988909662122740 1.0532440633884828 -11.27542632439466239375777092152915 1.00000001119218401505240943604897
0.9007217004859160 1.0533178399124350 -11.27542632440014896673452137171748 1.00000001117865354319937771980715
0.9025524347775981 1.0533916120537392 -11.27542632440563553977570638573459 1.00000001118040634631015618427485
0.9043831690893853 1.0534653798025552 -11.27542632441112211288239441281958 1.00000001119836226274885898340323
0.9062139034233445 1.0535391431490749 -11.27542632441660868605549534935731 1.00000001121009923559429111590454
0.9080446377815014 1.0536129020834901 -11.27542632442209525929613911702428 1.00000001118707613907129765181635
0.9098753721658294 1.0536866565959934 -11.27542632442758183260498984122084 1.00000001117277747446885519958451
0.9117061065783815 1.0537604066767829 -11.27542632443306840598317926985261 1.00000001121426135389505070344889
0.9135368410212970 1.0538341523160489 -11.27542632443855497943195967515521 1.00000001119328131179728114507121
0.9153675754964986 1.0539078935039875 -11.27542632444404155295226013140924 1.00000001118286988976209415188193
0.9171983100060427 1.0539816302307955 -11.27542632444952812654507674420213 1.00000001118477049927210823575644
0.9190290445519888 1.0540553624866718 -11.27542632445501470021159202113653 1.00000001122019277650535465677957
0.9208597791364354 1.0541290902618089 -11.27542632446050127395322882953125 1.00000001119362911740844600139616
0.9226905137613063 1.0542028135464087 -11.27542632446598784777076609299794 1.00000001122126929569889875285795
0.9245212484287374 1.0542765323306643 -11.27542632447147442166580188640608 1.00000001119834853291292572639931
0.9263519831406732 1.0543502466047747 -11.27542632447696099564320370905637 1.00000001117467980018094190256646
0.9281827178991496 1.0544239563589466 -11.27542632448244756981116956837944 1.00000001120910056497933870261491
0.9300134527063095 1.0544976615833745 -11.27542632448793414424139258465087 1.00000001123119069427088531130953
0.9318441875641677 1.0545713622682603 -11.27542632449342071893409259930855 1.00000001119892639424090801916653
0.9336749224746617 1.0546450584038093 -11.27542632449890729388927694612790 1.00000001122457690565811993887540
0.9355056574399344 1.0547187499802182 -11.27542632450439386910746787243353 1.00000001118393246894742497492131
0.9373363924619017 1.0547924369876955 -11.27542632450988044458880099200113 1.00000001123265383442801207082594
0.9391671275427642 1.0548661194164385 -11.27542632451536702033408534098788 1.00000001119667768658862508902694
0.9409978626844039 1.0549397972566511 -11.27542632452085359634329018442780 1.00000001122101719881046840245637
0.9428285978889683 1.0550134705040482 -11.27542632452634017261707233005843 1.00000001122202916104446833894495
0.9446593331584515 1.0550871391318811 -11.27542632453182674915587504807988 1.00000001119813864241616359377738
0.9464900684948451 1.0551608031531783 -11.27542632453731332595997418610814 1.00000001121025709795274971051122
0.9483208039002519 1.0552344625353765 -11.27542632454279990303016331917515 1.00000001121929111043625150520173
0.9501515393767034 1.0553081172914649 -11.27542632454828648036698255563463 1.00000001121010934767721401305253
0.9519822749262032 1.0553817673888602 -11.27542632455377305797084751323523 1.00000001118981321939979292021456
0.9538130105507679 1.0554554128364622 -11.27542632455925963584232113565901 1.00000001120940493134829753026859
0.9556437462525075 1.0555290536214494 -11.27542632456474621398230346456297 1.00000001122072806567005808664492
0.9574744820334439 1.0556026897181876 -11.27542632457023279239148547634474 1.00000001116818788458938117808174
0.9593052178954972 1.0556763211400172 -11.27542632457571937107004151682004 1.00000001123586582593594535958095
0.9611359538409244 1.0557499478540995 -11.27542632458120595001947529578459 1.00000001116921420321059488941076
0.9629666898715165 1.0558235698678893 -11.27542632458669252923967544851684 1.00000001122387678238460189866482
0.9647974259895325 1.0558971871715768 -11.27542632459217910873209319462414 1.00000001121395102320102332015166
0.9666281621968912 1.0559707997440371 -11.27542632459766568849710174020331 1.00000001120609437819380262718221
0.9684588984956334 1.0560444075752504 -11.27542632460315226853551113546877 1.00000001118775864986008356141316
0.9702896348877767 1.0561180106727292 -11.27542632460863884884804568039005 1.00000001119744109925734117811889
0.9721203713754094 1.0561916090036867 -11.27542632461412542943570038330690 1.00000001120101869213843893330069
0.9739511079605574 1.0562652025814721 -11.27542632461961201029918444519990 1.00000001116740734955592581757471
0.9757818446451893 1.0563387913730595 -11.27542632462509859143915302223372 1.00000001118939630431509338158592
0.9776125814314440 1.0564123753919098 -11.27542632463058517285665214010788 1.00000001118977278842495746040745
0.9794433183213186 1.0564859546095310 -11.27542632463607175455243637871313 1.00000001114477836950615456049516
0.9812740553167672 1.0565595290188745 -11.27542632464155833652701409992919 1.00000001122929875464867868507432
0.9831047924200636 1.0566330986138661 -11.27542632464704491882207114901524 1.00000001118951041257007718321502
0.9849355294708233 1.0567066633766855 -11.27542632465253150103990326797860 1.00000001119595651998371920661343
0.9867662664148898 1.0567802232974772 -11.27542632465801808300465237944509 1.00000001119672089921866308587611
0.9885970032542894 1.0568537783664873 -11.27542632466350466470226324804932 1.00000001117571906344151829911729
0.9904277399910192 1.0569273285753384 -11.27542632466899124611831512475016 1.00000001117623367284013769577261
0.9922584766271555 1.0570008739169893 -11.27542632467447782723813892255891 1.00000001118707537687354684715236
0.9940892131647542 1.0570744143659113 -11.27542632467996440804661301577152 1.00000001118182992449341785770170
0.9959199496058226 1.0571479499354537 -11.27542632468545098852818865297090 1.00000001116513515046261981979247
0.9977506859523769 1.0572214805986724 -11.27542632469093756866686838794119 1.00000001116522915579391662997093
0.9995814222064847 1.0572950063456616 -11.27542632469642414844641962353586 1.00000001117640498334076300284540
1.0014121583702031 1.0573685271796174 -11.27542632470191072785029231154699 1.00000001117837326356773060683617
1.0032428944455523 1.0574420430878840 -11.27542632470739730686119740355139 1.00000001118377758740564334675728
1.0050736304345754 1.0575155540505574 -11.27542632471288388546174258883396 1.00000001116819417301105173925244
1.0069043663392712 1.0575890600578963 -11.27542632471837046363380687369391 1.00000001119051844677826904152667
1.0087351021617459 1.0576625611174232 -11.27542632472385704136356472787029 1.00000001119479930205941608876320
1.0105658379040035 1.0577360571961849 -11.27542632472934361864820809780413 1.00000001118758683709859519368836
1.0123965735680599 1.0578095483077307 -11.27542632473483019547219596115479 1.00000001119196424183035893367719
1.0142273091559741 1.0578830344189865 -11.27542632474031677181857666149096 1.00000001119438477463447724180257
1.0160580446697808 1.0579565155435008 -11.27542632474580334767531526224250 1.00000001121212301650029167469365
1.0178887801115431 1.0580299916481537 -11.27542632475128992312525288374484 1.00000001121319267007659045690612
1.0197195154832674 1.0581034627465385 -11.27542632475677649821279772134776 1.00000001121382125302537803276524
1.0215502507869899 1.0581769288114640 -11.27542632476226307293816407589463 1.00000001118134329498738045591611
1.0233809860246870 1.0582503898330964 -11.27542632476774964730117597802474 1.00000001121013320867902443736976
1.0252117211985080 1.0583238458190424 -11.27542632477323622130229065741902 1.00000001122964154133159174896677
1.0270424563104728 1.0583972967422523 -11.27542632477872279494134501059148 1.00000001124501994216425497236116
1.0288731913626108 1.0584707425927605 -11.27542632478420936821838729892013 1.00000001124779412374673755611533
1.0307039263569381 1.0585441833783720 -11.27542632478969594113321969270009 1.00000001124668631261444727359118
1.0325346612954823 1.0586176190704989 -11.27542632479518251368554332050405 1.00000001120875796423034677161348
1.0343653961802132 1.0586910496621765 -11.27542632480066908587495560415306 1.00000001121202844925608646888973
1.0361961310132432 1.0587644751552947 -11.27542632480615565770137520279455 1.00000001123729103941985095125485
1.0380268657966495 1.0588378955371875 -11.27542632481164222916474545228364 1.00000001122699082383591293790778
1.0398576005324040 1.0589113107878948 -11.27542632481712880027743599091049 1.00000001123448853149351348814543
1.0416883352225764 1.0589847208976013 -11.27542632482261537129011111555991 1.00000001121117281959923274563540
1.0435190698691473 1.0590581258740471 -11.27542632482810194234003908504493 1.00000001123099236580292258129181
1.0453498044742328 1.0591315256900836 -11.27542632483358851342946892445734 1.00000001122117393574688966247987
1.0471805390398157 1.0592049203357919 -11.27542632483907508456035722756137 1.00000001123243142907175005867733
1.0490112735679734 1.0592783098147778 -11.27542632484456165573468886038504 1.00000001123046129910562048604991
1.0508420080607170 1.0593516941141840 -11.27542632485004822695427392777813 1.00000001123429535557738617783912
1.0526727425200942 1.0594250732081474 -11.27542632485553479822095773994475 1.00000001120319051647687081913795
1.0545034769480780 1.0594984471104052 -11.27542632486102136953617683689531 1.00000001122749850749547202106462
1.0563342113468070 1.0595718157877789 -11.27542632486650794090188007082623 1.00000001121560217208238684050286
1.0581649457182519 1.0596451792480728 -11.27542632487199451231937769909851 1.00000001124284042592849721578176
1.0599956800645215 1.0597185374813968 -11.27542632487748108379033873821852 1.00000001120459003008597906830478
1.0618264143875330 1.0597918904579098 -11.27542632488296765531595344843439 1.00000001121904440774036547723292
1.0636571486894198 1.0598652382037471 -11.27542632488845422689770191407933 1.00000001122046518189395804429679
1.0654878829721951 1.0599385806660295 -11.27542632489394079853698595451521 1.00000001120019540376495148247110
1.0673186172378563 1.0600119178665698 -11.27542632489942737023482657390367 1.00000001125881269532398075325795
1.0691493514885849 1.0600852497917854 -11.27542632490491394199285697216316 1.00000001118072209499878113043164
1.0709800857261676 1.0601585764171060 -11.27542632491040051381147419915897 1.00000001123279183265216904295623
1.0728108199528798 1.0602318977352687 -11.27542632491588708569249833349625 1.00000001118184213909857417039668
1.0746415541705699 1.0603052137501958 -11.27542632492137365763634386982290 1.00000001124844547298712648520645
1.0764722883814901 1.0603785244522312 -11.27542632492686022964470452721824 1.00000001120999970711230734120510
1.0783030225874853 1.0604518298108869 -11.27542632493234680171796561655636 1.00000001116824148494834069411328
1.0801337567905861 1.0605251298352030 -11.27542632493783337385697961815806 1.00000001118286411709370192835783
1.0819644909929329 1.0605984245171377 -11.27542632494331994606303656575069 1.00000001117650249102775435814651
1.0837952251965243 1.0606717138267719 -11.27542632494880651833698190763772 1.00000001118206359629050846501111
1.0856259594034193 1.0607449977713966 -11.27542632495429309067957058012021 1.00000001120524651093551365830291
1.0874566936156870 1.0608182763460125 -11.27542632495977966309184679579088 1.00000001118194641992892401721137
1.0892874278352794 1.0608915495175035 -11.27542632496526623557438998905789 1.00000001122961101782388976253906
1.0911181620643635 1.0609648173008791 -11.27542632497075280812844346289467 1.00000001115965392527498909219517
1.0929488963047609 1.0610380796729774 -11.27542632497623938075409978152144 1.00000001117858446675524000984322
1.0947796305586714 1.0611113366201197 -11.27542632498172595345267157547613 1.00000001119894280955338930453591
1.0966103648281347 1.0611845881559170 -11.27542632498721252622501644395977 1.00000001118102409116196502375264
1.0984410991151193 1.0612578342456955 -11.27542632499269909907174980816533 1.00000001119881976042912498405611
1.1002718334217261 1.0613310748882098 -11.27542632499818567199385861474889 1.00000001120875008412593351489344
1.1021025677499778 1.0614043100739241 -11.27542632500367224499215002676373 1.00000001120175417752287920807449
1.1039333021018803 1.0614775397930799 -11.27542632500915881806734772270315 1.00000001118657109611366071509803
1.1057640364794557 1.0615507640359372 -11.27542632501464539122036677687348 1.00000001117695400796376361414401
1.1075947708847513 1.0616239827927681 -11.27542632502013196445205021926751 1.00000001123370510000376027353370
1.1094255053199255 1.0616971960538277 -11.27542632502561853776373057603328 1.00000001121070718258712311427073
1.1112562397868693 1.0617704038094046 -11.27542632503110511115575550966256 1.00000001119886423806418534562227
1.1130869742876402 1.0618436060497564 -11.27542632503659168462921831648134 1.00000001123820254413598952735193
1.1149177088243691 1.0619168027651338 -11.27542632504207825818537948682063 1.00000001116568551172868140201634
1.1167484433988882 1.0619899939516590 -11.27542632504756483182477334041625 1.00000001124748670712587591361571
1.1185791780135171 1.0620631795817087 -11.27542632505305140554902199401829 1.00000001114168758747855033293695
1.1204099126699495 1.0621363596694830 -11.27542632505853797935833855055210 1.00000001121010593249505391971049
1.1222406473705412 1.0622095341814582 -11.27542632506402455325492564183337 1.00000001116789139563675039025933
1.1240713821171268 1.0622827031317326 -11.27542632506951112723911891628761 1.00000001120897898506325117287222
1.1259021169118958 1.0623558664867410 -11.27542632507499770132101515654264 1.00000001119466844841128284155071
1.1277328517567837 1.0624290242606032 -11.27542632508048427562326424859662 1.00000001121860809473736850637528
1.1295635866538977 1.0625021764197349 -11.27542632508597085019400973184649 1.00000001119508209620934224873145
1.1313943216051879 1.0625753229782724 -11.27542632509145742503336062075388 1.00000001121234594184926079299417
1.1332250566127659 1.0626484639026193 -11.27542632509694400014187564204983 1.00000001119317347143625153697547
1.1350557916786022 1.0627215992069309 -11.27542632510243057551949928760725 1.00000001118925148715316903500719
1.1368865268047615 1.0627947288575925 -11.27542632510791715116668937989451 1.00000001116566725411328690768982
1.1387172619932451 1.0628678528687830 -11.27542632511340372708364855957490 1.00000001117294953196259593915255
1.1405479972461462 1.0629409712068713 -11.27542632511889030327091769195274 1.00000001120387367342920010123284
1.1423787325655454 1.0630140838860532 -11.27542632512437687972888353008503 1.00000001119025049859643467875164
1.1442094679533979 1.0630871908726780 -11.27542632512986345645787919260872 1.00000001119737185714886383604208
1.1460402034117788 1.0631602921809715 -11.27542632513535003345837199273527 1.00000001120935378709138708042637
1.1478709389427337 1.0632333877772546 -11.27542632514083661073090604497175 1.00000001119963931484928973253500
1.1497016745482599 1.0633064776757793 -11.27542632514632318827582244383973 1.00000001120708316238752704458393
1.1515324102304259 1.0633795618489956 -11.27542632515180976609384611059164 1.00000001120872606131997997142891
1.1533631459912578 1.0634526402930686 -11.27542632515729634418533142387515 1.00000001118443715854280230578436
1.1551938818327453 1.0635257129921964 -11.27542632516278292255081527816823 1.00000001122125138189796099120465
1.1570246177570370 1.0635987799560790 -11.27542632516826950119115165473383 1.00000001122769679629858663740709
1.1588553537661137 1.0636718411613967 -11.27542632517375608010687346382746 1.00000001120764411334983853774717
1.1606860898619615 1.0637448965841120 -11.27542632517924265929834760180004 1.00000001123547053362193311711224
1.1625168260467073 1.0638179462303953 -11.27542632518472923876655177208988 1.00000001120527522083172674728410
1.1643475623222795 1.0638909900968914 -11.27542632519021581851172397258036 1.00000001121548491328501803897071
1.1661782986907883 1.0639640281645569 -11.27542632519570239853480403321328 1.00000001121320460019845705796789
1.1680090351542483 1.0640370604327570 -11.27542632520118897883633885065067 1.00000001120555406441544373925216
1.1698397717146867 1.0641100868754022 -11.27542632520667555941709009761036 1.00000001122473856278465256268361
1.1716705083741921 1.0641831074932656 -11.27542632521216214027786508924536 1.00000001118675985346940461290760
1.1735012451346942 1.0642561222674668 -11.27542632521764872141892508595983 1.00000001120834610398372441014704
1.1753319819983388 1.0643291312050388 -11.27542632522313530284136360118233 1.00000001117678012717896446693658
1.1771627189670650 1.0644021342856989 -11.27542632522862188454552243479844 1.00000001121560778810767736907124
1.1789934560430390 1.0644751315044138 -11.27542632523410846654535927370810 1.00000001122474389527470752930035
1.1808241931210767 1.0645481228305740 -11.27542632523959504864594744595212 1.00000001118908273314079447388269
1.1826549300918316 1.0646211082650915 -11.27542632524508163051375750699510 1.00000001122650864173938329353563
1.1844856669574746 1.0646940877904207 -11.27542632525056821213401221571640 1.00000001119997556248896418823697
1.1863164037199253 1.0647670614166348 -11.27542632525605479349058638918303 1.00000001122062703121541837845529
1.1881471403813072 1.0648400291130319 -11.27542632526154137456783296989930 1.00000001125345470286145379379969
1.1899778769436793 1.0649129908845077 -11.27542632526702795534936490298845 1.00000001122355648715620844465645
1.1918086134089638 1.0649859467071934 -11.27542632527251453581802367148412 1.00000001121712778089173107581844
1.1936393497792404 1.0650588965783977 -11.27542632527800111595674547199367 1.00000001120017129311781168364020
1.1954700860565270 1.0651318404884260 -11.27542632528348769574779257631965 1.00000001122947228602268543416281
1.1973008222429450 1.0652047784199979 -11.27542632528897427517334489808793 1.00000001120125135759458370637955
1.1991315583404261 1.0652777103786635 -11.27542632529446085421457006020967 1.00000001122616224499047383165211
1.2009622943511043 1.0653506363471020 -11.27542632529994743285284554325804 1.00000001119176592572682810443339
1.2027930302769082 1.0654235563155047 -11.27542632530543401106853361403587 1.00000001120653161911820934024510
1.2046237661199646 1.0654964702741040 -11.27542632531092058884202950450389 1.00000001120669374599966863077962
1.2064545018822837 1.0655693782133553 -11.27542632531640716615312967886782 1.00000001124800278146457744590258
1.2082852375659778 1.0656422801236078 -11.27542632532189374298272926689653 1.00000001117523794248002365143329
1.2101159731728750 1.0657151759951311 -11.27542632532738031932774074850487 1.00000001117943651335108624030382
1.2119467087051530 1.0657880658182362 -11.27542632533286689517310257205952 1.00000001122525751442596993953358
1.2137774441649253 1.0658609495832262 -11.27542632533835347055745500105590 1.00000001122180261829769356420624
1.2156081795541384 1.0659338272804178 -11.27542632534384004557525914712334 1.00000001122545966934837735923228
1.2174389148748424 1.0660066989001201 -11.27542632534932662023141450766458 1.00000001119774333236131859609922
1.2192696501290169 1.0660795644326475 -11.27542632535481319452565337900211 1.00000001119903062111777521849187
1.2211003853187521 1.0661524238683097 -11.27542632536029976845801049484473 1.00000001120643069408798244964007
1.2229311204460960 1.0662252771912172 -11.27542632536578634202842476368644 1.00000001122618358847792243172474
1.2247618555131085 1.0662981244099247 -11.27542632537127291523675404853447 1.00000001118928671760337942240578
1.2265925905217229 1.0663709654906295 -11.27542632537675948808253017032576 1.00000001120442764277096636391084
1.2284233254740715 1.0664438004494062 -11.27542632538224606056562273580999 1.00000001120179431954595469388278
1.2302540603721588 1.0665166292491427 -11.27542632538773263268570275199127 1.00000001120097512193398853182779
1.2320847952180251 1.0665894519076665 -11.27542632539321920444237125058396 1.00000001120122774266959027376502
1.2339155300137095 1.0666622683877817 -11.27542632539870577583510901493444 1.00000001122210420603512058144611
1.2357462647612867 1.0667350787013498 -11.27542632540419234686366509930741 1.00000001114925979574159979362206
1.2375769994626222 1.0668078828248113 -11.27542632540967891752684901589013 1.00000001120063487344743052649046
1.2394077341199803 1.0668806807668059 -11.27542632541516548795043466445560 1.00000001122690634098366442588117
1.2412384687353523 1.0669534724978564 -11.27542632542065205840700003208639 1.00000001122845523584421359251400
1.2430692033107297 1.0670262580218464 -11.27542632542613862891469204150030 1.00000001124533123642578009162974
1.2448999378481776 1.0670990373108503 -11.27542632543162519947545617724718 1.00000001117549980566858357982475
1.2467306723495743 1.0671718103796787 -11.27542632543711177009077632300274 1.00000001124069082372340458323655
1.2485614068172041 1.0672445772003905 -11.27542632544259834076315277129699 1.00000001116741266897410790124648
1.2503921412528505 1.0673173377694619 -11.27542632544808491149352440300833 1.00000001122938786712478063557145
1.2522228756587982 1.0673900920771073 -11.27542632545357148228419127256648 1.00000001118779550605057641554074
1.2540536100368947 1.0674628401136533 -11.27542632545905805313619203940537 1.00000001121364173199126364108433
1.2558843443893004 1.0675355818694400 -11.27542632546454462405134784764851 1.00000001118865439901504352284891
1.2577150787179594 1.0676083173347974 -11.27542632547003119503087158738302 1.00000001120132926779760671062511
1.2595458130249775 1.0676810465000538 -11.27542632547551776607630951757517 1.00000001118579416833524272702176
1.2613765473123402 1.0677537693555421 -11.27542632548100433718875274466209 1.00000001119908162515183031314599
1.2632072815821373 1.0678264858915949 -11.27542632548649090836963874756070 1.00000001122349628400181151708831
1.2650380158364261 1.0678991960985412 -11.27542632549197747962014543437333 1.00000001119857897458638039358184
1.2668687500771534 1.0679718999667168 -11.27542632549746405094123097606302 1.00000001120820579340706352246517
1.2686994843064197 1.0680445974864560 -11.27542632550295062233401026217037 1.00000001121606195425408607431768
1.2705302185262585 1.0681172886480944 -11.27542632550843719379968872662592 1.00000001123268405520626394312590
1.2723609527387230 1.0681899734419635 -11.27542632551392376533913190893268 1.00000001119146187885347965072502
1.2741916869457443 1.0682626518584053 -11.27542632551941033695304933421315 1.00000001121975625244270095848732
1.2760224211494868 1.0683353238877536 -11.27542632552489690864260344573913 1.00000001120019525622337861256024
1.2778531553518999 1.0684079895203490 -11.27542632553038348040852024872754 1.00000001120928491585523184522334
1.2796838895550732 1.0684806487465291 -11.27542632553587005225179019087925 1.00000001119928714392539121962704
1.2815146237610087 1.0685533015566379 -11.27542632554135662417313597594858 1.00000001123505097023766258151720
1.2833453579718273 1.0686259479410043 -11.27542632554684319617360814290186 1.00000001116833740363331431437612
1.2851760921893786 1.0686985878900002 -11.27542632555232976825346235868296 1.00000001120958586305215294407987
1.2870068264158972 1.0687712213954768 -11.27542632555781634041395789747341 1.00000001120459761051115857555912
1.2888375606533357 1.0688438484523476 -11.27542632556330291265565813808530 1.00000001119954777823698563586953
1.2906682949037310 1.0689164690308363 -11.27542632556878948497929966647817 1.00000001118120444925035679897202
1.2924990291690957 1.0689890831476931 -11.27542632557427605738551640889993 1.00000001120632061330578343792862
1.2943297634515467 1.0690616907684916 -11.27542632557976262987530980392006 1.00000001119838319858928263133640
1.2961604977530603 1.0691342919083527 -11.27542632558524920244923960998962 1.00000001116100346446184074846525
1.2979912320756198 1.0692068865328450 -11.27542632559073577510797465403854 1.00000001122197204041990673798526
1.2998219664214422 1.0692794746571055 -11.27542632559622234785277016722585 1.00000001118792692916807065040199
1.3016527007923907 1.0693520562466821 -11.27542632560170892068389457631922 1.00000001120735356701991079528945
1.3034834351906003 1.0694246313167377 -11.27542632560719549360248621678103 1.00000001119904451354069194146449
1.3053141696180573 1.0694971998328000 -11.27542632561268206660919660247548 1.00000001121155353631689129327274
1.3071449040768367 1.0695697618100525 -11.27542632561816863970498380951277 1.00000001118743614072494683089784
1.3089756385689086 1.0696423172140059 -11.27542632562365521289051484412893 1.00000001119775979018779831419740
1.3108063730963729 1.0697148660598675 -11.27542632562914178616680480460314 1.00000001120543148210485933479537
1.3126371076612620 1.0697874083131276 -11.27542632563462835953480602037639 1.00000001120936855856019101283623
1.3144678422656060 1.0698599439890133 -11.27542632564011493299552817517466 1.00000001120173699132671082207615
1.3162985769114208 1.0699324730529991 -11.27542632564560150654985382533032 1.00000001120663105807394482290039
1.3181293116007662 1.0700049955203338 -11.27542632565108808019881976894675 1.00000001121200857107710947220683
1.3199600463356803 1.0700775113564715 -11.27542632565657465394352179298155 1.00000001118785512175340204820436
1.3217907811181459 1.0701500205766840 -11.27542632566206122778491216040396 1.00000001119728351881234169508658
1.3236215159502616 1.0702225231527611 -11.27542632566754780172432543437246 1.00000001121353915700509627894917
1.3254522508340769 1.0702950190749507 -11.27542632567303437579892080124581 1.00000001118757254461856313932479
1.3272829857715515 1.0703675083521339 -11.27542632567852095013769216295374 1.00000001116938917339468028875337
1.3291137207647367 1.0704399909500387 -11.27542632568400752475123854492222 1.00000001121444700788606741601743
1.3309444558157851 1.0705124668776533 -11.27542632568949409964011110306065 1.00000001116506997951184227800089
1.3327751909265610 1.0705849361190303 -11.27542632569498067480397229951488 1.00000001121182284712221181982645
1.3346059260992772 1.0706573986646588 -11.27542632570046725024367054611307 1.00000001120318407529348396310378
1.3364366613358693 1.0707298545048101 -11.27542632570595382595911485188770 1.00000001121621928822679200568434
1.3382673966384141 1.0708023036298237 -11.27542632571144040195084278288497 1.00000001122198848462838137188519
1.3400981320089350 1.0708747460300880 -11.27542632571692697821911723429648 1.00000001122952653330213618627745
1.3419288674494725 1.0709471816959677 -11.27542632572241355476428662038891 1.00000001121113815948350031613240
1.3437596029620159 1.0710196106178336 -11.27542632572790013158664358951947 1.00000001122129279540626900427232
1.3455903385486544 1.0710920327860547 -11.27542632573338670868663462101485 1.00000001122352683678090984263566
1.3474210742114104 1.0711644481910026 -11.27542632573887328606482833195665 1.00000001123207226764146712189679
1.3492518099523325 1.0712368568245914 -11.27542632574435986372158951878207 1.00000001121367973562123648778586
1.3510825457734076 1.0713092586802111 -11.27542632574984644165742667929931 1.00000001123053617968173491643823
1.3529132816767349 1.0713816537310754 -11.27542632575533301987282950809145 1.00000001122012257978993893633163
1.3547440176643037 1.0714540419865315 -11.27542632576081959836823736484508 1.00000001121198701502049279007532
1.3565747537381528 1.0715264234368636 -11.27542632576630617714428482291238 1.00000001122185115265737926099793
1.3584054899003544 1.0715987980598658 -11.27542632577179275620166337498152 1.00000001118601982428253144157448
1.3602362261528595 1.0716711658459495 -11.27542632577727933554059073574353 1.00000001120649595873387999638077
1.3620669624978104 1.0717435268042692 -11.27542632578276591516200883352090 1.00000001121856695641742618645038
1.3638976989372263 1.0718158809064303 -11.27542632578825249506640431639707 1.00000001119517993916555181048792
1.3657284354730816 1.0718882281428110 -11.27542632579373907525418427596914 1.00000001122402688316636352806337
1.3675591721075055 1.0719605685179664 -11.27542632579922565572626513021810 1.00000001118878319194424677910739
1.3693899088424177 1.0720329020128729 -11.27542632580471223648283504114718 1.00000001123615428125018277417064
1.3712206456800062 1.0721052286193846 -11.27542632581019881752491960997397 1.00000001120084976137215574894312
1.3730513826221566 1.0721775483279043 -11.27542632581568539885275861863548 1.00000001122040830040125271620126
1.3748821196710061 1.0722498611267482 -11.27542632582117198047399760975845 1.00000001118209752201569656922422
1.3767128567762903 1.0723221669997404 -11.27542632582665856234334843704840 1.00000001122255288285530359821776
1.3785435937739188 1.0723944659372643 -11.27542632583214514400118735874476 1.00000001119967924146965454500241
1.3803743306658123 1.0724667579297145 -11.27542632583763172543096029037837 1.00000001125586732289077899019495
1.3822050674541526 1.0725390429674741 -11.27542632584311830661638279779952 1.00000001122060472520154702520474
1.3840358041408092 1.0726113210409350 -11.27542632584860488753993329129647 1.00000001120215906965043004131253
1.3858665407278497 1.0726835921404919 -11.27542632585409146818406928219303 1.00000001122561905505888613208284
1.3876972772173877 1.0727558562565347 -11.27542632585957804853125577228479 1.00000001121591185119664097824927
1.3895280136113994 1.0728281133794574 -11.27542632586506462856277858108002 1.00000001120688172345936520081156
1.3913587499119230 1.0729003634996513 -11.27542632587055120826002792290848 1.00000001121806494814098473696090
1.3931894861210324 1.0729726066075319 -11.27542632587603778760389386430582 1.00000001119762672212016582800046
1.3950202222407065 1.0730448426980681 -11.27542632588152436657457590257321 1.00000001120792245299522011460550
1.3968509582730386 1.0731170717459525 -11.27542632588701094515211909554442 1.00000001117839653623905679204707
1.3986816942199927 1.0731892937653263 -11.27542632589249752331588117087726 1.00000001122714845727973540222823
1.4005124300837492 1.0732615087213127 -11.27542632589798410104515405476845 1.00000001120461682170669250415622
1.4023431658662143 1.0733337166295839 -11.27542632590347067831818431724454 1.00000001119987212816380793995152
1.4041739015694578 1.0734059174552637 -11.27542632590895725511302670466010 1.00000001118886799514182851445102
1.4060046371955051 1.0734781112094630 -11.27542632591444383140734987596485 1.00000001122854893475869199639945
1.4078353727464865 1.0735502978729669 -11.27542632591993040718299644660191 1.00000001122815243368484811292978
1.4096661082243651 1.0736224774440178 -11.27542632592541698244791377463332 1.00000001120662162258318240217239
1.4114968436311390 1.0736946498940008 -11.27542632593090355732269986866050 1.00000001120279480508380955221265
1.4133275789688798 1.0737668152387341 -11.27542632593639013183804100622152 1.00000001121822820700714843538750
1.4151583142396578 1.0738389734432365 -11.27542632594187670599410961064663 1.00000001119191001835601944154240
1.4169890494454334 1.0739111245249346 -11.27542632594736327979041696191933 1.00000001124561337622827669998817
1.4188197845883902 1.0739832684520977 -11.27542632595284985322711137196499 1.00000001119173426600312530055865
1.4206505196703681 1.0740554052229518 -11.27542632595833642630342823362959 1.00000001118807516544648667450791
1.4224812546934962 1.0741275348279216 -11.27542632596382299901937424424994 1.00000001120298560294619648549609
1.4243119896598454 1.0741996572573740 -11.27542632596930957137447533429702 1.00000001120831918244551138077324
1.4261427245714354 1.0742717724997295 -11.27542632597479614336833613390061 1.00000001120360023758138224358681
1.4279734594302847 1.0743438805414084 -11.27542632598028271500045131232313 1.00000001122486672590569801051752
1.4298041942384804 1.0744159813945824 -11.27542632598576928627037836666934 1.00000001119121818746528907263299
1.4316349289979584 1.0744880750265240 -11.27542632599125585717722991612990 1.00000001124052472486509581097119
1.4334656637109062 1.0745601614267060 -11.27542632599674242772085221231599 1.00000001117207880511686910274143
1.4352963983791454 1.0746322406040849 -11.27542632600222899789996681293294 1.00000001118360265852403759575231
1.4371271330048594 1.0747043125401885 -11.27542632600771556773802152161180 1.00000001114252231578270549416257
1.4389578675899884 1.0747763772281463 -11.27542632601320213754117897160607 1.00000001117437660600169966698368
1.4407886021367031 1.0748484346324967 -11.27542632601868870740527735527772 1.00000001119371744937426126499742
1.4426193366470176 1.0749204847954303 -11.27542632602417527733215917810021 1.00000001118229895103909655889462
1.4444500711229126 1.0749925276474548 -11.27542632602966184732354420512291 1.00000001119793693762961100478648
1.4462808055664748 1.0750645632327858 -11.27542632603514841738130696327017 1.00000001118991020041545720593981
1.4481115399796978 1.0751365914944235 -11.27542632604063498750697903203440 1.00000001118160814436216913041627
1.4499422743646184 1.0752086124763821 -11.27542632604612155770201570884047 1.00000001121199086983003032078862
1.4517730087233442 1.0752806261139616 -11.27542632605160812796833869146270 1.00000001119667212392571025957259
1.4536037430578287 1.0753526324400901 -11.27542632605709469830694322983424 1.00000001120877950019746033806885
1.4554344773701591 1.0754246314073100 -11.27542632606258126871951683546249 1.00000001117091438854147651089290
1.4572652116622811 1.0754966230535125 -11.27542632606806783920696795194285 1.00000001117048071582842738344440
1.4590959459363002 1.0755686073284628 -11.27542632607355440977083371669147 1.00000001121501244644646327948400
1.4609266801943359 1.0756405842281235 -11.27542632607904098041250002395000 1.00000001123486388493536856446594
1.4627574144383798 1.0757125537613941 -11.27542632608452755113297461304198 1.00000001123610117364884201628493
1.4645881486704350 1.0757845159063176 -11.27542632609001412193325021510109 1.00000001120647050804117493039377
1.4664188828924821 1.0758564706554834 -11.27542632609550069281418798381233 1.00000001116931060740787337908575
1.4682496171065444 1.0759284179993045 -11.27542632610098726377677830745308 1.00000001120362577625076962209495
1.4700803513147896 1.0760003579282755 -11.27542632610647383482232806267250 1.00000001116357363350665657198185
1.4719110855191188 1.0760722904327938 -11.27542632611196040595125570138721 1.00000001121031893060157923002291
1.4737418197217279 1.0761442155032885 -11.27542632611744697716494429620288 1.00000001117201285459290877345614
1.4755725539244983 1.0762161331302022 -11.27542632612293354846376299247216 1.00000001120182921530951432881720
1.4774032881295918 1.0762880433039665 -11.27542632612842011984897188960757 1.00000001118647251653356665765954
1.4792340223389627 1.0763599460084727 -11.27542632613390669132100661558052 1.00000001119040747332806182585971
1.4810647565546835 1.0764318412551107 -11.27542632613939326288086290273910 1.00000001120627143442152471355284
1.4828954907788131 1.0765037290120207 -11.27542632614487983452930925299547 1.00000001118017579647404702528480
1.4847262250133116 1.0765756092776144 -11.27542632615036640626685248150088 1.00000001121020533470202125432092
1.4865569592603189 1.0766474820422918 -11.27542632615585297809447696177016 1.00000001120433613400165644937516
1.4883876935218062 1.0767193472964664 -11.27542632616133955001269788966267 1.00000001120860928468075131699574
1.4902184277998292 1.0767912050444815 -11.27542632616682612202218694651449 1.00000001118064690490569234970972
1.4920491620963658 1.0768630552388450 -11.27542632617231269412357932156650 1.00000001118235835705052202446159
1.4938798964135075 1.0769348978961396 -11.27542632617779926631782888143145 1.00000001124165500641860893513345
1.4957106307533965 1.0770067330128595 -11.27542632618328583860589907430489 1.00000001120547827781354531091638
1.4975413651178952 1.0770785605712094 -11.27542632618877241098805784622639 1.00000001120429306279446038917696
1.4993720995091044 1.0771031940562908 -11.27542632619425898346525415421217 1.00000000130269361458382467055263
1.4999999999937828 1.0771031940562908 -11.27542632619614075372023589302547  1.00