0.0000000000000000 1.0168766163829107 -11.27542632170075369048408031526715 1.00000013941939704170899623716349
0.0064580417556911 1.0171402235002112 -11.27542632188107827734055047350980 1.00000013941918587548883930793235
0.0129160824605845 1.0174038363834427 -11.27542632206140766029012617622802 1.00000013941899358970068610515284
0.0193741221862173 1.0176674545957519 -11.27542632224174017691986836388081 1.00000013941881854517016107430632
0.0258321610041260 1.0179310777002772 -11.27542632242207417808925571806260 1.00000013941865928220009660163882
0.0322901989858461 1.0181947052601495 -11.27542632260240802609527020966692 1.00000013941851450046034053366597
0.0387482362029126 1.0184583368384925 -11.27542632278274009308289019087546 1.00000013941838304114550400688411
0.0452062727268597 1.0187219719984236 -11.27542632296306875966896021628884 1.00000013941826387114816465024377
0.0516643086292209 1.0189856103030546 -11.27542632314339241375161487826421 1.00000013941815606902213943810584
0.0581223439815291 1.0192492513154924 -11.27542632332370944948108916588943 1.00000013941813711154106053518618
0.0645803788553170 1.0195128945988397 -11.27542632350401830637556494558480 1.00000013941811679810218428150227
0.0710384133221161 1.0197765397161953 -11.27542632368432433954061096873819 1.00000013941788448819414766568661
0.0774964474534559 1.0200401862306555 -11.27542632386463338052228880444526 1.00000013941781577057225643773740
0.0839544813208676 1.0203038337053142 -11.27542632404494399293001137761010 1.00000013941775501400656525777195
0.0904125149958808 1.0205674817032639 -11.27542632422525464131062193461604 1.00000013941770175780775595429399
0.0968705485500242 1.0208311297893052 -11.27542632440556378561192433933133 1.00000014590032477521903175933671
0.1033285820966915 1.0210947775231113 -11.27542632458587508510111243282585 1.00000013941863547709872191941486
0.1097866156236807 1.0213584244694816 -11.27542632476619684749171511936806 1.00000013941846643013659660502663
0.1162446492443405 1.0216220701915080 -11.27542632494652789181636193501605 1.00000013941831874250695568534362
0.1227026830301684 1.0218857142522847 -11.27542632512686657302930448461771 1.00000013941819039903506516162227
0.1291607170526627 1.0221493562149076 -11.27542632530721126861625204939516 1.00000013941616676642087705176972
0.1356187513833105 1.0224129956424779 -11.27542632548756214447401518446065 1.00000013941798676714254667720458
0.1420767860936362 1.0226766320980989 -11.27542632566792993719686083898295 1.00000013941790551466071306374148
0.1485348212551279 1.0229402651448793 -11.27542632584831445140201589492474 1.00000013941783770616028705070308
0.1549928569392867 1.0232038943459332 -11.27542632602871412942234066173863 1.00000013941778222882909270483350
0.1614508932176137 1.0234675192643806 -11.27542632620912741792675614802151 1.00000013941773809580780893086702
0.1679089301616105 1.0237311394633485 -11.27542632638955276689558004850535 1.00000013941770443168245349886179
0.1743669678427790 1.0239947545059709 -11.27542632656998862875194850265836 1.00000013941768045965304445426778
0.1808250063326208 1.0242583639553904 -11.27542632675043345762778696338860 1.00000013941766549018621278231764
0.1872830457026380 1.0245219673747580 -11.27542632693088570874574849249930 1.00000013941765891098228363732077
0.1937410860243324 1.0247855643272343 -11.27542632711134383790109164272304 1.00000013941766017810418315823346
0.2001991273692057 1.0250491543230495 -11.27542632729180630102967659796444 1.00000013941761280504003402332168
0.2066571685116836 1.0253127368895947 -11.27542632747227151760415336566549 1.00000013941753449792822510283934
0.2131152086462339 1.0255763115900716 -11.27542632765273791832361514182395 1.00000013941746274204963421265965
0.2195732478443690 1.0258398779876954 -11.27542632783320395764817420299959 1.00000013941739719705842903105267
0.2260312861776014 1.0261034356456948 -11.27542632801366808909990447974886 1.00000013941733755985001795201224
0.2324893237174435 1.0263669841273130 -11.27542632819412876511241718260706 1.00000013941728356032046841565194
0.2389473605354076 1.0266305229958086 -11.27542632837458443691567717382778 1.00000013941723495761537547734231
0.2454053967030060 1.0268940518144558 -11.27542632855503355445119200365148 1.00000013941719153681162825425781
0.2518634322917508 1.0271575701465452 -11.27542632873547456631338297375389 1.00000013941715310598090286614542
0.2583214673731543 1.0274210775553849 -11.27542632891590591971353112558311 1.00000013941711949359168061627892
0.2647795020187282 1.0276845736043009 -11.27542632909632606046319349029984 1.00000013941765768918439026523210
0.2712375362999882 1.0279480578566372 -11.27542632927674008185352947857210 1.00000013941707220705866137916218
0.2776955702884388 1.0282115298757577 -11.27542632945715619934729608615097 1.00000013941705292252331496293258
0.2841536040555951 1.0284749892250459 -11.27542632963757314145344928894092 1.00000013941703783948511520556842
0.2906116376729685 1.0287384354664341 -11.27542632981798929641860141922405 1.00000013382928589854029735319859
0.2970696711759846 1.0290018681662922 -11.27542632999840394448015875468544 1.00000013941845977769129113282428
0.3035277047083306 1.0292652868865944 -11.27542633017882587973958976069206 1.00000013941828290863305085510736
0.3099857383054078 1.0295286911908100 -11.27542633035925579266422380324344 1.00000013941812794701136418680776
0.3164437720387007 1.0297920806424315 -11.27542633053969203921301682465649 1.00000013941799283497942382791980
0.3229018059796950 1.0300554548049754 -11.27542633072013300117899698012607 1.00000013941787574934098251289528
0.3293598401998776 1.0303188132419828 -11.27542633090057708269789166117282 1.00000013941640394797647115159313
0.3358178747707274 1.0305821555170214 -11.27542633108102732815699158586565 1.00000013941768079273685016237484
0.3422759097637507 1.0308454811936836 -11.27542633126149407679963871155916 1.00000013941760786489856736272221
0.3487339452504279 1.0311087898355893 -11.27542633144197650955040893450055 1.00000013941754765584251090357586
0.3551919813022491 1.0313720810063857 -11.27542633162247302361441454839075 1.00000013941749915304453566593668
0.3616500179907048 1.0316353542697484 -11.27542633180298202134907928318448 1.00000013941746145807914765869001
0.3681080553872861 1.0318986091893816 -11.27542633198350190940143609553027 1.00000013941743377346924354174207
0.3745660935634844 1.0321618453290191 -11.27542633216403109796751077679500 1.00000013941741539105814584163450
0.3810241325907914 1.0324250622524251 -11.27542633234456800015698379341772 1.00000013941740568172889398174105
0.3874821725406992 1.0326882595233944 -11.27542633252511103144868249241096 1.00000013941740408631593812924679
0.3939402134847000 1.0329514366886067 -11.27542633270565860922448838770867 1.00000013941739193973365885676673
0.4003982550735039 1.0332145932404992 -11.27542633288620914060692519347816 1.00000013941731128340804652760975
0.4068562956256988 1.0334777287429852 -11.27542633306676099664024323462706 1.00000013941723740772897105947048
0.4133143352127834 1.0337408427600130 -11.27542633324731259825343797101950 1.00000013941716996176448921488423
0.4197723739062564 1.0340039348555656 -11.27542633342786236700958196771972 1.00000013941710863265984669267720
0.4262304117776162 1.0342670045936623 -11.27542633360840872489896229781689 1.00000013941705314129623431742377
0.4326884488983616 1.0345300515383586 -11.27542633378895009416543303044637 1.00000013941700323845136341378919
0.4391464853399910 1.0347930752537476 -11.27542633396948489716171799837522 1.00000013941695870140337856454934
0.4456045211740031 1.0350560753039600 -11.27542633415001155623000453953902 1.00000013941691933092662815534994
0.4520625564718964 1.0353190512531653 -11.27542633433052849360468804627580 1.00000013941688494863344448592701
0.4585205913051694 1.0355820026655724 -11.27542633451103413133457195734013 1.00000013941704863856442435445708
0.4649786257453218 1.0358449291054298 -11.27542633469152698950610023532599 1.00000013941690138424823770997985
0.4714366598638502 1.0361078301370271 -11.27542633487201477709665622410045 1.00000013941682048752539657679750
0.4778946937322533 1.0363707053246949 -11.27542633505250450482905990783419 1.00000013941680557724208268522041
0.4843527274220300 1.0366335542328061 -11.27542633523299455237803032591986 1.00000013941679488484934314924597
0.4908107610046787 1.0368963764271636 -11.27542633541348325495213167302677 1.00000014469639513366894226716788
0.4972687945857936 1.0371591714694514 -11.27542633559397524185231762721537 1.00000013941833203466166933573671
0.5037268281686867 1.0374219389255584 -11.27542633577447529412598255581006 1.00000013941816990216977273115276
0.5101848618589119 1.0376846783600313 -11.27542633595498170287244234126561 1.00000013941802755087090849201118
0.5166428957279437 1.0379473893374625 -11.27542633613549280426370393881816 1.00000013941790318978454732692199
0.5231009298472581 1.0382100714224903 -11.27542633631600695989071872813351 1.00000013941737668481887052827551
0.5295589642883293 1.0384727241798001 -11.27542633649652279572705090579347 1.00000013941769126032872839103348
0.5360169991226406 1.0387353471741247 -11.27542633667704901761189731619590 1.00000013941761076544516712627901
0.5424750344216683 1.0389979399702450 -11.27542633685759189379445375712777 1.00000013941754308438182948375371
0.5489330702568919 1.0392605021329909 -11.27542633703814977114176461881358 1.00000013941748721785983792347728
0.5553911066997918 1.0395230332272419 -11.27542633721872100245073356852815 1.00000013941744227880283442357727
0.5618491438218489 1.0397855328179277 -11.27542633739930394572121476247707 1.00000013941740747940997589272653
0.5683071816945448 1.0400480004700289 -11.27542633757989696352972850017186 1.00000013941738211972580610845240
0.5747652203893615 1.0403104357485778 -11.27542633776049842248929826662823 1.00000013941736557753431050664676
0.5812232599777816 1.0405728382186588 -11.27542633794110669278302437972633 1.00000013941735729942462074234512
0.5876813005312880 1.0408352074454094 -11.27542633812172014776082747894616 1.00000013941735679289127404952427
0.5941393421213639 1.0410975429242403 -11.27542633830233716359035430629243 1.00000013941728944543572228788614
0.6005973831015622 1.0413598442019277 -11.27542633848295607090707115833283 1.00000013941720937629796779755854
0.6070554230879342 1.0416221108438076 -11.27542633866357523790909155453067 1.00000013941713590102362526295616
0.6135134621519684 1.0418843424152727 -11.27542633884419304755950819095966 1.00000013941706870851282021857599
0.6199715003651533 1.0421465384817731 -11.27542633902480788465041133471987 1.00000013941700752086454809584743
0.6264295377989770 1.0424086986088164 -11.27542633920541813563007493580113 1.00000013941695208960024864788025
0.6328875745249279 1.0426708223619691 -11.27542633938602218845246451030901 1.00000013941690219232446836362819
0.6393456106144943 1.0429329093068570 -11.27542633956661843244619910096951 1.00000013941685762976933105478914
0.6458036461391643 1.0431949590091658 -11.27542633974720525820054162156869 1.00000013941681822317999307488189
0.6522616811704262 1.0434569710346418 -11.27542633992778105746636749075898 1.00000013941678381200065591903470
0.6587197157797681 1.0437189449490930 -11.27542634010834422307038014742308 1.00000013941830155074674719880567
0.6651777500386882 1.0439808803183883 -11.27542634028889402391995177699479 1.00000013941674055648588156286524
0.6716357840186547 1.0442427767084605 -11.27542634046944198143847410150602 1.00000013941672161088647110523962
0.6780938177911659 1.0445046336853053 -11.27542634064999137760464565852177 1.00000013941670702003668710151049
0.6845518514277097 1.0447664508163036 -11.27542634083054051355344948932135 1.00000014446301703918305866305492
0.6910098850323637 1.0450282276649378 -11.27542634101108960218575534415157 1.00000013941835477259092244173764
0.6974679186114440 1.0452899637987173 -11.27542634119164635008063361640128 1.00000013941819232133160409492465
0.7039259522689883 1.0455516587838975 -11.27542634137220983719526689975271 1.00000013941804908080041388327046
0.7103839860764623 1.0458133121868001 -11.27542634155277835964054027225280 1.00000013941792333018759567545623
0.7168420201053330 1.0460749235738147 -11.27542634173335024008133550259556 1.00000013941781354468423581217730
0.7233000544270686 1.0463364925113981 -11.27542634191392382480287926899711 1.00000013941526007351657811307581
0.7297580891131223 1.0465980185660782 -11.27542634209449949894663000992053 1.00000013941762344405189980568482
0.7362161242349959 1.0468595013044502 -11.27542634227509112723881440059501 1.00000013941755263615771745031030
0.7426741598641445 1.0471209402931804 -11.27542634245569878155590377145014 1.00000013941749342119799467336908
0.7491321960720399 1.0473823350990057 -11.27542634263632077462516467313386 1.00000013941744494529401317517899
0.7555902329301544 1.0476436852887349 -11.27542634281695542424569051888951 1.00000013941740645025923139230067
0.7620482705099611 1.0479049904292488 -11.27542634299760105284547557349764 1.00000013941737726256905504143245
0.7685063088829339 1.0481662500875012 -11.27542634317825598710269415711175 1.00000013941735678360925434013894
0.7749643481205469 1.0484274638305194 -11.27542634335891855762099012157630 1.00000013941734448105539457842680
0.7814223882942749 1.0486886312254050 -11.27542634353958709865016261810706 1.00000013941733988125216201443333
0.7878804294755931 1.0489497518053200 -11.27542634372025994784498420810094 1.00000013941730623697220480694619
0.7943384708946477 1.0492108250837015 -11.27542634390093542251821841798669 1.00000013941722199699403479056684
0.8007965112911425 1.0494718506279269 -11.27542634408161182927499869418557 1.00000013941714432748533105035847
0.8072545507365578 1.0497328280054510 -11.27542634426228751483559733586963 1.00000013941707292943363039563800
0.8137125893023735 1.0499937567838075 -11.27542634444296082863678952530238 1.00000013941700753576622103740661
0.8201706270600697 1.0502546365306091 -11.27542634462363012270719112524205 1.00000013941694790771488758758750
0.8266286640811262 1.0505154668135484 -11.27542634480429375155614151796066 1.00000013941689383157928768313274
0.8330867004370228 1.0507762472003986 -11.27542634498495007207408679890597 1.00000013941684511589309533092749
0.8395447361992393 1.0510369772590139 -11.27542634516559744344278217592153 1.00000013941680158889412322784452
0.8460027714392554 1.0512976565573308 -11.27542634534623422705393834708933 1.00000013941676309629450442817872
0.8524608062285506 1.0515582846633681 -11.27542634552685878643519344131805 1.00000013941672949930558707684530
0.8589188406386047 1.0518188611452284 -11.27542634570746948718250702864035 1.00000013941886060800170071346563
0.8653768747409112 1.0520793855710968 -11.27542634588806813051798397947943 1.00000013941668898876492714828532
0.8718349086069219 1.0523398575092445 -11.27542634606866805019153818793136 1.00000013941667080902166533387277
0.8782929423081302 1.0526002765267776 -11.27542634624926877801372752267873 1.00000013461725464067057089264939
0.8847509758850211 1.0528606421946382 -11.27542634642986893658131062777698 1.00000013941845331121976482783220
0.8912090094710713 1.0531209540801040 -11.27542634661047408901280682533088 1.00000013941828126940992938226732
0.8976670431067416 1.0533812117517899 -11.27542634679108653744720404080186 1.00000013941812912184985624947282
0.9041250768634892 1.0536414147783990 -11.27542634697170453437920593667704 1.00000013941799506590654217667910
0.9105831108127726 1.0539015627287230 -11.27542634715232636093226869230719 1.00000013941787750492860287565975
0.9170411450260517 1.0541616551716431 -11.27542634733295032385350585161886 1.00000013941770998315289606462987
0.9234991795747868 1.0544216916761305 -11.27542634751357479033609522639412 1.00000013941748723633793633504782
0.9299572145304393 1.0546816718112473 -11.27542634769420772241253349129712 1.00000013941759552849620323376470
0.9364152499644740 1.0549415951461467 -11.27542634787485761687982212863863 1.00000013941752984726915392325879
0.9428732859483532 1.0552014612500742 -11.27542634805552285274414673301613 1.00000013941747521015698885767313
0.9493313225535414 1.0554612696923681 -11.27542634823620171324723027526743 1.00000013941743082510532417974902
0.9557893598515036 1.0557210200424600 -11.27542634841689248642432943829079 1.00000013941739598900089806365039
0.9622473979137057 1.0559807118698755 -11.27542634859759346480656683341685 1.00000013941737007740644842475445
0.9687054368116141 1.0562403447442353 -11.27542634877830294517113224045292 1.00000013941735253548685243336951
0.9751634766166959 1.0564999182352553 -11.27542634895901922833087696379116 1.00000013941734286998854939481539
0.9816215174004187 1.0567594319127475 -11.27542634913974061895619854098150 1.00000013941734064214985455732254
0.9880795592342504 1.0570188852607377 -11.27542634932046542542328237246686 1.00000013941725315204627943520255
0.9945376000516959 1.0572782778478910 -11.27542634950119189985334455760297 1.00000013941717085433908331539661
1.0009956398893222 1.0575376092443744 -11.27542634968191835668455652347884 1.00000013941709494604079744266128
1.0074536788186021 1.0577968790204546 -11.27542634986264311469864618303800 1.00000013941702515050845362989354
1.0139117169110083 1.0580560867464986 -11.27542635004336449595616967299364 1.00000013941696122072993922927001
1.0203697542380134 1.0583152319929744 -11.27542635022408082571751543282468 1.00000013941690293593707994193305
1.0268277908710896 1.0585743143304517 -11.27542635040479043237099170124239 1.00000013941685009860992455143080
1.0332858268817094 1.0588333333296026 -11.27542635058549164736653118527927 1.00000013941680253182641675497620
1.0397438623413449 1.0590922885612022 -11.27542635076618280515385083427863 1.00000013941676007691795551823109
1.0462018973214683 1.0593511795961294 -11.27542635094686224312415886621649 1.00000013941672259139416150577614
1.0526599318935515 1.0596100060053673 -11.27542635112752830155471286968144 1.00000013941674160742376268086998
1.0591179661290670 1.0598687673600043 -11.27542635130817934975132012294805 1.00000013941685821188298588893601
1.0655760000994873 1.0601274632312343 -11.27542635148882341627073500056042 1.00000013941665242235466679160107
1.0720340338762824 1.0603860931903578 -11.27542635166946924148729018541212 1.00000013941663517488850733557947
1.0784920675309254 1.0606446568100021 -11.27542635185011518094776894692301 1.00000014413438710084003547745997
1.0849501011653559 1.0609031536592428 -11.27542635203076310161548777726308 1.00000013941834240563635027772772
1.0914081347901181 1.0611615833109221 -11.27542635221141858565817497051095 1.00000013941818582568930224931097
1.0978661685071134 1.0614199453367721 -11.27542635239208023756488745918011 1.00000013941804746574990539274925
1.1043242023877928 1.0616782393086344 -11.27542635257274630203699226886463 1.00000013941792571304073727149764
1.1107822365036088 1.0619364647984614 -11.27542635275341505050905920306524 1.00000013941781913907332122322993
1.1172402709260149 1.0621946213783158 -11.27542635293408477852765370512623 1.00000013941510280088392584551877
1.1236983057264486 1.0624527086203741 -11.27542635311475571768665426596007 1.00000013941763187095061572978332
1.1301563409763994 1.0627107260969234 -11.27542635329544270419386353270120 1.00000013941756208549403679373887
1.1366143767473066 1.0629686733803646 -11.27542635347614606241846504531750 1.00000013941750342136100648303410
1.1430724131106276 1.0632265500432125 -11.27542635365686404555857258252630 1.00000013941745507828903953350771
1.1495304501378203 1.0634843556580962 -11.27542635383759491138739071901610 1.00000013941741634608875372005032
1.1559884879003435 1.0637420897977600 -11.27542635401833692206621085026127 1.00000013941738659424549067228597
1.1624465264696565 1.0639997520350643 -11.27542635419908834399549461238058 1.00000013941736526272747756296505
1.1689045659172195 1.0642573419429857 -11.27542635437984744769630429704938 1.00000013941735185386078536446456
1.1753626063144931 1.0645148590946181 -11.27542635456061250771564752523411 1.00000013941734592514700261575940
1.1818206477329386 1.0647723030128892 -11.27542635474138180255041408309024 1.00000013941729261311249864297047
1.1882786889824510 1.0650296732348682 -11.27542635492215357927195324280909 1.00000013941720669948760475425018
1.1947367292233990 1.0652869693340799 -11.27542635510292609859887087583733 1.00000013941712720990671182139868
1.2011947685272491 1.0655441908841697 -11.27542635528369765054912429524689 1.00000013941705386598972662262092
1.2076528069654675 1.0658013374589045 -11.27542635546446652889927536717559 1.00000013941698641934605088573112
1.2141108446095205 1.0660584086321731 -11.27542635564523103114987097278923 1.00000013941692464814290280178687
1.2205688815308739 1.0663154039779871 -11.27542635582598945849287617860773 1.00000013941686835407033762680921
1.2270269178009934 1.0665723230704812 -11.27542635600674011578003275584398 1.00000013941681735965597381674142
1.2334849534913446 1.0668291654839143 -11.27542635618748131149129501563009 1.00000013941677150588925484180668
1.2399429886733930 1.0670859307926702 -11.27542635636821135770272672612896 1.00000013941673065011903518334296
1.2464010234186040 1.0673426185712576 -11.27542635654892857005343430205952 1.00000013941669466419276683211238
1.2528590577984429 1.0675992283943121 -11.27542635672963126771126862847031 1.00000013941885581917668329299771
1.2593170918843891 1.0678557598365943 -11.27542635691031901756749373881102 1.00000013941664988479670536412945
1.2657751257478796 1.0681122124729938 -11.27542635709100567173315788918917 1.00000013941662961077377206136399
1.2722331594603938 1.0683685858773633 -11.27542635727169346933123810495548 1.00000013487565172791608068722917
1.2786911930640711 1.0686248796271776 -11.27542635745238132590806947236978 1.00000013941844560164393906164360
1.2851492266890363 1.0688810932965465 -11.27542635763307579415867711570122 1.00000013941827920330159585960281
1.2916072603774051 1.0691372264608741 -11.27542635781377712748370242983273 1.00000013941813184789631886647901
1.2980652942006217 1.0693932786956954 -11.27542635799448353205631145299215 1.00000013941800182419351673444746
1.3045233282301314 1.0696492495766770 -11.27542635817519324253047327352271 1.00000013941788761690755619315447
1.3109813625373807 1.0699051386796172 -11.27542635835590451931846855636076 1.00000013941763908436619088911298
1.3174393971938162 1.0701609455804473 -11.27542635853661573198604848655281 1.00000013941758826958592847412275
1.3238974322708876 1.0704166698552318 -11.27542635871733579507810828405955 1.00000013941761106174754099869338
1.3303554678400447 1.0706723110801696 -11.27542635889807321736266789768431 1.00000013941754642131367094564431
1.3368135039727373 1.0709278688315938 -11.27542635907882627837367537436324 1.00000013941749245517167799410523
1.3432715407404165 1.0711833426859732 -11.27542635925959320840045876567753 1.00000013941744841144338879133158
1.3497295782145343 1.0714387322199126 -11.27542635944037224211175859608297 1.00000013941741362295987546330005
1.3561876164665434 1.0716940370101536 -11.27542635962116161846357374087980 1.00000013941738749747793633436954
1.3626456555678972 1.0719492566335748 -11.27542635980195958063520372035948 1.00000013941736950903270261584747
1.3691036955900496 1.0722043906671933 -11.27542635998276437598684406384632 1.00000013941735919029416071779012
1.3755617366044555 1.0724594386729448 -11.27542636016357425603325700242460 1.00000013941733948382785268778439
1.3820197782971276 1.0727144001576004 -11.27542636034438746563729146714143 1.00000013941724950476452887207856
1.3884778189524927 1.0729692746986833 -11.27542636052520221455242155182813 1.00000013941716608175675941318192
1.3949358586420118 1.0732240618738579 -11.27542636070601676669890212311344 1.00000013941708892180112495975396
1.4013938974371452 1.0734787612609311 -11.27542636088682939013242955934616 1.00000013941701776373212098709921
1.4078519354093534 1.0737333724378524 -11.27542636106763835704569185136409 1.00000013941695237457263705303991
1.4143099726300962 1.0739878949827149 -11.27542636124844194376924931099974 1.00000013941689254630626451302442
1.4207680091708334 1.0742423284737559 -11.27542636142923843077065659853477 1.00000013941683809302257196418174
1.4272260451030246 1.0744966724893574 -11.27542636161002610265102720155645 1.00000013941678884839107694423145
1.4336840804981292 1.0747509266080469 -11.27542636179080324813848203079978 1.00000013941674466342667655231757
1.4401421154276064 1.0750050904084981 -11.27542636197156816007812198194136 1.00000013941670540451188112293039
1.4466001499629155 1.0752591634695314 -11.27542636215231913541832659230690 1.00000013941667095164633056530834
1.4530581841755155 1.0755131453701152 -11.27542636233305447519331280965516 1.00000013941794094953657518671331
1.4595162181368738 1.0757670356893647 -11.27542636251377924672922654787104 1.00000013941663004618553514664767
1.4659742519184326 1.0760208340065452 -11.27542636269450543753618934317279 1.00000013941661120397114318554348
1.4724322855916592 1.0762745399022128 -11.27542636287523200311237169893426 1.00000014391742862852353922565890
1.4788903192570791 1.0765281529536480 -11.27542636305596235220870907621665 1.00000013941833994245483334350686
1.4853483529280259 1.0767816727417067 -11.27542636323670029663529087831705 1.00000013941818805635962767261130
1.4918063867049876 1.0770350988462549 -11.27542636341744402733806387120157 1.00000013941805372614309681977963
1.4982644206594034 1.0771031903973100 -11.27542636359819174711792461896129 1.00000001006948041898680788697975
1.4999999997755053 1.0771031903973100 -11.27542636364676765707305408106904 1.00