0.0000000000000000 1.0126915348530974 -11.27542632170075369048408031526706 1.00000001440602186737284704445336
0.0020759346646880 1.0127762212334785 -11.27542632170075369048408031525972 1.00000001440601721406362570438975
0.0041518689941007 1.0128609089525643 -11.27542632170075369048408031526000 1.00000001440601261020515817580013
0.0062278029918010 1.0129455979959011 -11.27542632170075369048408031526218 1.00000001440600805579768269233610
0.0083037366613519 1.0130302883490347 -11.27542632170075369048408031526011 1.00000001440600355084135905385641
0.0103796700063162 1.0131149799975112 -11.27542632170075369048408031526104 1.00000001440599909533614090311864
0.0124556030302571 1.0131996729268760 -11.27542632170075369048408031526106 1.00000001440599468928269270859268
0.0145315357367375 1.0132843671226746 -11.27542632170075369048408031526102 1.00000001440599033268107027095591
0.0166074681293204 1.0133690625704523 -11.27542632170075369048408031526036 1.00000001440598602553155846942488
0.0186834002115690 1.0134537592557540 -11.27542632170075369048408031525902 1.00000001440598176783446436293804
0.0207593319870461 1.0135384571641246 -11.27542632170075369048408031525894 1.00000001440597755958989195049695
0.0228352634593150 1.0136231562811088 -11.27542632170075369048408031526506 1.00000001440597340079802380524319
0.0249111946319386 1.0137078565922509 -11.27542632170075369048408031526413 1.00000001440596929145962178279242
0.0269871255084803 1.0137925580830953 -11.27542632170075369048408031526359 1.00000001440596523157429490531478
0.0290630560925030 1.0138772607391860 -11.27542632170075369048408031526373 1.00000001440596122114254912659392
0.0311389863875699 1.0139619645460670 -11.27542632170075369048408031526184 1.00000001440595726016460962403565
0.0332149163972443 1.0140466694892820 -11.27542632170075369048408031526164 1.00000001440595334864060815356414
0.0352908461250892 1.0141313755543744 -11.27542632170075369048408031526146 1.00000001440594948657072421124157
0.0373667755746680 1.0142160827268877 -11.27542632170075369048408031525997 1.00000001440594567395568426447976
0.0394427047495438 1.0143007909923651 -11.27542632170075369048408031525916 1.00000001440594191079503750641973
0.0415186336532799 1.0143855003363496 -11.27542632170075369048408031525791 1.00000001440593819708923525979429
0.0435945622894396 1.0144702107443840 -11.27542632170075369048408031525781 1.00000001440593453283855266617499
0.0456704906615860 1.0145549222020111 -11.27542632170075369048408031525851 1.00000001440593091804329816193946
0.0477464187732826 1.0146396346947734 -11.27542632170075369048408031525720 1.00000001440592735270330334865327
0.0498223466280926 1.0147243482082132 -11.27542632170075369048408031525927 1.00000001440592383681920859815542
0.0518982742295794 1.0148090627278728 -11.27542632170075369048408031525922 1.00000001440592037039100580952185
0.0539742015813063 1.0148937782392941 -11.27542632170075369048408031526045 1.00000001440591695341891089957464
0.0560501286868366 1.0149784947280192 -11.27542632170075369048408031525982 1.00000001440591358590315945858664
0.0581260555497337 1.0150632121795897 -11.27542632170075369048408031526045 1.00000001440591026784381132267817
0.0602019821735611 1.0151479305795472 -11.27542632170075369048408031526044 1.00000001440590699924123246504253
0.0622779085618821 1.0152326499134332 -11.27542632170075369048408031525961 1.00000001440590378009551661230765
0.0643538347182601 1.0153173701667889 -11.27542632170075369048408031525952 1.00000001440590061040682573630146
0.0664297606462586 1.0154020913251556 -11.27542632170075369048408031525949 1.00000001440589749017518726886144
0.0685056863494410 1.0154868133740743 -11.27542632170075369048408031525996 1.00000001440589441940154731696195
0.0705816118313708 1.0155715362990857 -11.27542632170075369048408031526027 1.00000001440589139808494781731355
0.0726575370956114 1.0156562600857307 -11.27542632170075369048408031525923 1.00000001440588842622628136441000
0.0747334621457264 1.0157409847195499 -11.27542632170075369048408031526048 1.00000001440588550382556370263295
0.0768093869852792 1.0158257101860836 -11.27542632170075369048408031525967 1.00000001440588263088296415728862
0.0788853116178333 1.0159104364708724 -11.27542632170075369048408031526022 1.00000001440587980739858526703965
0.0809612360469524 1.0159951635594563 -11.27542632170075369048408031526067 1.00000001440587703337266362084331
0.0830371602761998 1.0160798914373755 -11.27542632170075369048408031526077 1.00000001440587430880533276387800
0.0851130843091392 1.0161646200901700 -11.27542632170075369048408031526092 1.00000001440587163369673678640855
0.0871890081493342 1.0162493495033795 -11.27542632170075369048408031526117 1.00000001440586900804700655033849
0.0892649318003483 1.0163340796625438 -11.27542632170075369048408031526185 1.00000001440586643185638151033320
0.0913408552657450 1.0164188105532025 -11.27542632170075369048408031526221 1.00000001440586390512490539688655
0.0934167785490881 1.0165035421608952 -11.27542632170075369048408031526286 1.00000001440586142785276831390418
0.0954927016539411 1.0165882744711611 -11.27542632170075369048408031526252 1.00000001440585900004012141418865
0.0975686245838676 1.0166730074695396 -11.27542632170075369048408031526250 1.00000001440585662168709330165496
0.0996445473424312 1.0167577411415699 -11.27542632170075369048408031526079 1.00000001440585429279383607163706
0.1017204699331957 1.0168424754727909 -11.27542632170075369048408031526155 1.00000001440585201336038036800152
0.1037963923597247 1.0169272104487417 -11.27542632170075369048408031526153 1.00000001440584978338701344307275
0.1058723146255817 1.0170119460549611 -11.27542632170075369048408031526143 1.00000001440584760287378528446765
0.1079482367343306 1.0170966822769878 -11.27542632170075369048408031526086 1.00000001440584547182079001554872
0.1100241586895350 1.0171814191003606 -11.27542632170075369048408031526023 1.00000001440584339022819325707034
0.1121000804947585 1.0172661565106180 -11.27542632170075369048408031526029 1.00000001440584135809610865308041
0.1141760021535649 1.0173508944932984 -11.27542632170075369048408031526050 1.00000001440583937542464407589347
0.1162519236695179 1.0174356330339404 -11.27542632170075369048408031526054 1.00000001440583744221392139913899
0.1183278450461813 1.0175203721180820 -11.27542632170075369048408031526052 1.00000001440583555846402586658671
0.1204037662871186 1.0176051117312617 -11.27542632170075369048408031526109 1.00000001440583372417512226930989
0.1224796873958938 1.0176898518590175 -11.27542632170075369048408031526099 1.00000001440583193934724165010834
0.1245556083760704 1.0177745924868874 -11.27542632170075369048408031526100 1.00000001440583020398053644297737
0.1266315292312124 1.0178593336004095 -11.27542632170075369048408031526112 1.00000001440582851807509039945636
0.1287074499648834 1.0179440751851217 -11.27542632170075369048408031526070 1.00000001440582688163101030114269
0.1307833705806472 1.0180288172265617 -11.27542632170075369048408031526063 1.00000001440582529464836667019928
0.1328592910820676 1.0181135597102673 -11.27542632170075369048408031525993 1.00000001440582375712726069341859
0.1349352114727084 1.0181983026217762 -11.27542632170075369048408031526040 1.00000001440582226906784172917481
0.1370111317561333 1.0182830459466261 -11.27542632170075369048408031525694 1.00000001440582083047002915573986
0.1390870519359062 1.0183677896703545 -11.27542632170075369048408031525801 1.00000001440581944133400803935795
0.1411629720155909 1.0184525337784988 -11.27542632170075369048408031525472 1.00000001440581810166002588063628
0.1432388919987512 1.0185372782565966 -11.27542632170075369048408031525483 1.00000001440581681144778963106837
0.1453148118889508 1.0186220230901851 -11.27542632170075369048408031525487 1.00000001440581557069768894637195
0.1473907316897537 1.0187067682648017 -11.27542632170075369048408031525487 1.00000001440581437940958565140765
0.1494666514047236 1.0187915137659837 -11.27542632170075369048408031526002 1.00000001440581323758369637454969
0.1515425710374243 1.0188762595792683 -11.27542632170075369048408031527106 1.00000001440581214521989323124986
0.1536184905914198 1.0189610056901927 -11.27542632170075369048408031527203 1.00000001440581110231881438950736
0.1556944100702739 1.0190457520842939 -11.27542632170075369048408031527475 1.00000001440581010887972820920174
0.1577703294775503 1.0191304987471091 -11.27542632170075369048408031527442 1.00000001440580916490322074292549
0.1598462488168130 1.0192152456641752 -11.27542632170075369048408031527457 1.00000001440580827038911748585896
0.1619221680916258 1.0192999928210293 -11.27542632170075369048408031526870 1.00000001440580742533756035651378
0.1639980873055526 1.0193847402032084 -11.27542632170075369048408031526840 1.00000001440580662974840928982071
0.1660740064621572 1.0194694877962493 -11.27542632170075369048408031526946 1.00000001440580588362191843865904
0.1681499255650035 1.0195542355856890 -11.27542632170075369048408031526387 1.00000001440580518695827347957950
0.1702258446176554 1.0196389835570643 -11.27542632170075369048408031527640 1.00000001440580453975670567440404
0.1723017636236767 1.0197237316959120 -11.27542632170075369048408031527674 1.00000001440580394201861191556487
0.1743776825866314 1.0198084799877690 -11.27542632170075369048408031527669 1.00000001440580339374299081150129
0.1764536015100833 1.0198932284181719 -11.27542632170075369048408031527691 1.00000001440580289493012645924925
0.1785295203975962 1.0199779769726577 -11.27542632170075369048408031527673 1.00000001440580244558011986617425
0.1806054392527341 1.0200627256367630 -11.27542632170075369048408031527645 1.00000001440580204569289841111441
0.1826813580790609 1.0201474743960245 -11.27542632170075369048408031527760 1.00000001440580169526856070505478
0.1847572768801404 1.0202322232359789 -11.27542632170075369048408031527318 1.00000001440580139430727304963668
0.1868331956595366 1.0203169721421630 -11.27542632170075369048408031527332 1.00000001440580114280863893071398
0.1889091144208133 1.0204017211001135 -11.27542632170075369048408031527186 1.00000001440580094077303705122468
0.1909850331675344 1.0204864700953669 -11.27542632170075369048408031527185 1.00000001440580078820033924194554
0.1930609519032638 1.0205712191134601 -11.27542632170075369048408031527141 1.00000001440580068509060644086434
0.1951368706315654 1.0206559681399295 -11.27542632170075369048408031527139 1.00000001440580063144378568239926
0.1972127893560031 1.0207407171603120 -11.27542632170075369048408031527253 1.00000001440580062725993748199092
0.1992887080801408 1.0208254661601442 -11.27542632170075369048408031527207 1.00000001440580067253903183201064
0.2013646268075424 1.0209102151249627 -11.27542632170075369048408031527194 1.00000001440580076728107173824017
0.2034405455417717 1.0209949640403042 -11.27542632170075369048408031527197 1.00000001440580091148604646789538
0.2055164642863928 1.0210797128917054 -11.27542632170075369048408031527204 1.00000001440580110515396621349903
0.2075923830449694 1.0211644616647031 -11.27542632170075369048408031527096 1.00000001440580134828503550119187
0.2096683018210654 1.0212492103448339 -11.27542632170075369048408031526185 1.00000001440580164087853866146910
0.2117442206182449 1.0213339589176344 -11.27542632170075369048408031526080 1.00000001440580198293518601714952
0.2138201394400715 1.0214187073686416 -11.27542632170075369048408031526150 1.00000001440580237445465569391800
0.2158960582901093 1.0215034556833921 -11.27542632170075369048408031526123 1.00000001440580281543701045795696
0.2179719771719221 1.0215882038474227 -11.27542632170075369048408031526121 1.00000001440580330588218060344136
0.2200478960890738 1.0216729518462702 -11.27542632170075369048408031526222 1.00000001440580384579011586985450
0.2221238150451282 1.0217576996654714 -11.27542632170075369048408031526213 1.00000001440580443516088546503610
0.2241997340436493 1.0218424472905632 -11.27542632170075369048408031526278 1.00000001440580507399429431443638
0.2262756530882010 1.0219271947070825 -11.27542632170075369048408031526322 1.00000001440580576229048832692763
0.2283515721823471 1.0220119419005662 -11.27542632170075369048408031526335 1.00000001440580650004934584173837
0.2304274913296514 1.0220966888565513 -11.27542632170075369048408031525971 1.00000001440580728727074921893508
0.2325034105336779 1.0221814355605746 -11.27542632170075369048408031525989 1.00000001440580812395471276266639
0.2345793297979905 1.0222661819981734 -11.27542632170075369048408031526003 1.00000001440580901010122028912238
0.2366552491261529 1.0223509281548846 -11.27542632170075369048408031525847 1.00000001440580994571022434105744
0.2387311685217290 1.0224356740162453 -11.27542632170075369048408031525831 1.00000001440581093078160407446274
0.2408070879882827 1.0225204195677928 -11.27542632170075369048408031526415 1.00000001440581196531521446104859
0.2428830075293778 1.0226051647950642 -11.27542632170075369048408031526391 1.00000001440581304931139524116040
0.2449589271485783 1.0226899096835968 -11.27542632170075369048408031526341 1.00000001440581418276972602154689
0.2470348468494478 1.0227746542189279 -11.27542632170075369048408031526381 1.00000001440581536569018871374100
0.2491107666355503 1.0228593983865948 -11.27542632170075369048408031526360 1.00000001440581659807275540060909
0.2511866865104495 1.0229441421721351 -11.27542632170075369048408031526323 1.00000001440581787991739202012161
0.2532626064777094 1.0230288855610862 -11.27542632170075369048408031526605 1.00000001440581921122388439105633
0.2553385265408936 1.0231136285389856 -11.27542632170075369048408031526599 1.00000001440582059199241905992546
0.2574144467035661 1.0231983710913709 -11.27542632170075369048408031526589 1.00000001440582202222265812337426
0.2594903669692906 1.0232831132037799 -11.27542632170075369048408031526816 1.00000001440582350191471192215878
0.2615662873416310 1.0233678548617502 -11.27542632170075369048408031525540 1.00000001440582503106865142885388
0.2636422078241509 1.0234525960508198 -11.27542632170075369048408031525391 1.00000001440582660968360486227383
0.2657181284204143 1.0235373367565264 -11.27542632170075369048408031525406 1.00000001440582823776058714755598
0.2677940491339849 1.0236220769644081 -11.27542632170075369048408031523880 1.00000001440582991529826807990663
0.2698699699684264 1.0237068166600029 -11.27542632170075369048408031523882 1.00000001440583164229759922408731
0.2719458909273026 1.0237915558288489 -11.27542632170075369048408031523855 1.00000001440583341875809833567138
0.2740218120141772 1.0238762944564844 -11.27542632170075369048408031523878 1.00000001440583524467966790396157
0.2760977332326141 1.0239610325284476 -11.27542632170075369048408031523954 1.00000001440583712006220539497091
0.2781736545861770 1.0240457700302769 -11.27542632170075369048408031523953 1.00000001440583904490562655275982
0.2802495760784295 1.0241305069475107 -11.27542632170075369048408031524011 1.00000001440584101920979915861546
0.2823254977129355 1.0242152432656878 -11.27542632170075369048408031523941 1.00000001440584304297462471030472
0.2844014194932585 1.0242999789703466 -11.27542632170075369048408031524101 1.00000001440584511619995703011885
0.2864773414229624 1.0243847140470259 -11.27542632170075369048408031524082 1.00000001440584723888572979163945
0.2885532635056108 1.0244694484812646 -11.27542632170075369048408031523539 1.00000001440584941103190143894874
0.2906291857447674 1.0245541822586017 -11.27542632170075369048408031523533 1.00000001440585163263794939197970
0.2927051081439959 1.0246389153645762 -11.27542632170075369048408031523842 1.00000001440585390370401120802204
0.2947810307068599 1.0247236477847272 -11.27542632170075369048408031521996 1.00000001440585622423128235006148
0.2968569534369231 1.0248083795045940 -11.27542632170075369048408031525609 1.00000001440585859421516872272217
0.2989328763377491 1.0248931105097160 -11.27542632170075369048408031525544 1.00000001440586101366188187955610
0.3010087994129017 1.0249778407856326 -11.27542632170075369048408031525598 1.00000001440586348256695726405446
0.3030847226659443 1.0250625703178835 -11.27542632170075369048408031525627 1.00000001440586600093139603999997
0.3051606461004406 1.0251472990920084 -11.27542632170075369048408031525646 1.00000001440586856875503335302350
0.3072365697199543 1.0252320270935470 -11.27542632170075369048408031525539 1.00000001440587118603782266357044
0.3093124935280488 1.0253167543080395 -11.27542632170075369048408031525706 1.00000001440587385277938071211042
0.3113884175282879 1.0254014807210258 -11.27542632170075369048408031525655 1.00000001440587656897985821061273
0.3134643417242349 1.0254862063180461 -11.27542632170075369048408031525592 1.00000001440587933463890551184773
0.3155402661194536 1.0255709310846407 -11.27542632170075369048408031525560 1.00000001440588214975638334594154
0.3176161907175074 1.0256556550063502 -11.27542632170075369048408031525375 1.00000001440588501433220837441176
0.3196921155219599 1.0257403780687151 -11.27542632170075369048408031525380 1.00000001440588792836607370695808
0.3217680405363745 1.0258251002572762 -11.27542632170075369048408031525370 1.00000001440589089185796899106838
0.3238439657643149 1.0259098215575742 -11.27542632170075369048408031525355 1.00000001440589390480768055755672
0.3259198912093444 1.0259945419551503 -11.27542632170075369048408031525640 1.00000001440589696721486750514162
0.3279958168750265 1.0260792614355454 -11.27542632170075369048408031525646 1.00000001440590007907971977373333
0.3300717427649248 1.0261639799843010 -11.27542632170075369048408031525744 1.00000001440590324040173306107945
0.3321476688826026 1.0262486975869585 -11.27542632170075369048408031525362 1.00000001440590645118098437550600
0.3342235952316234 1.0263334142290594 -11.27542632170075369048408031525326 1.00000001440590971141690601624232
0.3362995218155507 1.0264181298961454 -11.27542632170075369048408031525329 1.00000001440591302110966157512989
0.3383754486379477 1.0265028445737585 -11.27542632170075369048408031525305 1.00000001440591638025893381423039
0.3404513757023779 1.0265875582474407 -11.27542632170075369048408031525461 1.00000001440591978886459309314240
0.3425273030124047 1.0266722709027341 -11.27542632170075369048408031525434 1.00000001440592324692633610454898
0.3446032305715915 1.0267569825251812 -11.27542632170075369048408031525652 1.00000001440592675444409553546932
0.3466791583835015 1.0268416931003244 -11.27542632170075369048408031525665 1.00000001440593031141758093997527
0.3487550864516981 1.0269264026137063 -11.27542632170075369048408031525672 1.00000001440593391784672560721263
0.3508310147797447 1.0270111110508700 -11.27542632170075369048408031525777 1.00000001440593757373078872868260
0.3529069433712045 1.0270958183973582 -11.27542632170075369048408031525895 1.00000001440594127907050276154408
0.3549828722296407 1.0271805246387143 -11.27542632170075369048408031526075 1.00000001440594503386482167585004
0.3570588013586168 1.0272652297604816 -11.27542632170075369048408031526088 1.00000001440594883811400767209068
0.3591347307616958 1.0273499337482036 -11.27542632170075369048408031526103 1.00000001440595269181761890165454
0.3612106604424411 1.0274346365874241 -11.27542632170075369048408031526347 1.00000001440595659497543574675288
0.3632865904044158 1.0275193382636868 -11.27542632170075369048408031526405 1.00000001440596054758742642044609
0.3653625206511831 1.0276040387625359 -11.27542632170075369048408031526385 1.00000001440596454965317406760374
0.3674384511863062 1.0276887380695156 -11.27542632170075369048408031526395 1.00000001440596860117250902011337
0.3695143820133484 1.0277734361701704 -11.27542632170075369048408031526355 1.00000001440597270214518411205981
0.3715903131358726 1.0278581330500448 -11.27542632170075369048408031526569 1.00000001440597685257097671853769
0.3736662445574421 1.0279428286946838 -11.27542632170075369048408031526557 1.00000001440598105244973342832972
0.3757421762816199 1.0280275230896322 -11.27542632170075369048408031526549 1.00000001440598530178107273182243
0.3778181083119691 1.0281122162204354 -11.27542632170075369048408031526523 1.00000001440598960056495094586806
0.3798940406520528 1.0281969080726386 -11.27542632170075369048408031526729 1.00000001440599394880059645388622
0.3819699733054341 1.0282815986317876 -11.27542632170075369048408031526720 1.00000001440599834648859516204871
0.3840459062756759 1.0283662878834280 -11.27542632170075369048408031526661 1.00000001440600279362807003055646
0.3861218395663412 1.0284509758131060 -11.27542632170075369048408031526836 1.00000001440600729021892351088269
0.3881977731809931 1.0285356624063677 -11.27542632170075369048408031529271 1.00000001440601183626040937311385
0.3902737071231946 1.0286203476487595 -11.27542632170075369048408031529286 1.00000001440601643175391913132056
0.3923496413965084 1.0287050315258281 -11.27542632170075369048408031529222 1.00000001440602107669752429488682
0.3944255760044977 1.0287897140002508 -11.27542632170075369048408031529239 1.00000001440601798996291640688896
0.3965015103900877 1.0288743950529468 -11.27542632170075369048408031528973 1.00000001440601337773949937527461
0.3985774444433653 1.0289590746694649 -11.27542632170075369048408031528977 1.00000001440600881496693924609104
0.4006533781678937 1.0290437528353541 -11.27542632170075369048408031528951 1.00000001440600430164547786506061
0.4027293115672357 1.0291284295361634 -11.27542632170075369048408031528929 1.00000001440599983777536930480406
0.4048052446449543 1.0292131047574424 -11.27542632170075369048408031528963 1.00000001440599542335681217860969
0.4068811774046125 1.0292977784847407 -11.27542632170075369048408031528915 1.00000001440599105839014364873708
0.4089571098497734 1.0293824507036084 -11.27542632170075369048408031529360 1.00000001440598674287552270544692
0.4110330419840000 1.0294671213995956 -11.27542632170075369048408031528852 1.00000001440598247681345540119721
0.4131089738108552 1.0295517905582528 -11.27542632170075369048408031528868 1.00000001440597826020378325544633
0.4151849053339024 1.0296364581651308 -11.27542632170075369048408031528932 1.00000001440597409304689408578718
0.4172608365567044 1.0297211242057806 -11.27542632170075369048408031528933 1.00000001440596997534322537164874
0.4193367674828245 1.0298057886657535 -11.27542632170075369048408031528948 1.00000001440596590709280388012593
0.4214126981158257 1.0298904515306010 -11.27542632170075369048408031528944 1.00000001440596188829592654943064
0.4234886284592713 1.0299751127858750 -11.27542632170075369048408031528941 1.00000001440595791895280729181299
0.4255645585167243 1.0300597724171276 -11.27542632170075369048408031529185 1.00000001440595399906368586322734
0.4276404882917481 1.0301444304099113 -11.27542632170075369048408031529275 1.00000001440595012862882933599794
0.4297164177879057 1.0302290867497786 -11.27542632170075369048408031529228 1.00000001440594630764840027975300
0.4317923470087604 1.0303137414222825 -11.27542632170075369048408031529235 1.00000001440594253612262768578187
0.4338682759578755 1.0303983944129763 -11.27542632170075369048408031529130 1.00000001440593881405172434223433
0.4359442046388143 1.0304830457074136 -11.27542632170075369048408031529187 1.00000001440593514143591513363861
0.4380201330551399 1.0305676952911481 -11.27542632170075369048408031529164 1.00000001440593151827558208243107
0.4400960612104157 1.0306523431497339 -11.27542632170075369048408031528360 1.00000001440592794457039679765203
0.4421719891082050 1.0307369892687256 -11.27542632170075369048408031528791 1.00000001440592442032100259329625
0.4442479167520711 1.0308216336336777 -11.27542632170075369048408031528760 1.00000001440592094552774383724202
0.4463238441455773 1.0309062762301454 -11.27542632170075369048408031528774 1.00000001440591752019046405613254
0.4483997712922871 1.0309909170436839 -11.27542632170075369048408031528923 1.00000001440591414430947958389634
0.4504756981957637 1.0310755560598488 -11.27542632170075369048408031528918 1.00000001440591081788506749396949
0.4525516248595706 1.0311601932641961 -11.27542632170075369048408031528917 1.00000001440590754091728588688595
0.4546275512872712 1.0312448286422820 -11.27542632170075369048408031528933 1.00000001440590431340640713264465
0.4567034774824289 1.0313294621796631 -11.27542632170075369048408031528958 1.00000001440590113535258909764378
0.4587794034486071 1.0314140938618961 -11.27542632170075369048408031528979 1.00000001440589800675600249031638
0.4608553291893692 1.0314987236745384 -11.27542632170075369048408031528989 1.00000001440589492761688638529685
0.4629312547082787 1.0315833516031473 -11.27542632170075369048408031529049 1.00000001440589189793531934043667
0.4650071800088991 1.0316679776332807 -11.27542632170075369048408031529070 1.00000001440588891771152222857614
0.4670831050947939 1.0317526017504967 -11.27542632170075369048408031529412 1.00000001440588598694569773715495
0.4691590299695266 1.0318372239403538 -11.27542632170075369048408031529335 1.00000001440588310563801780429427
0.4712349546366607 1.0319218441884108 -11.27542632170075369048408031529198 1.00000001440588027378861572446871
0.4733108790997596 1.0320064624802268 -11.27542632170075369048408031529203 1.00000001440587749139758658289541
0.4753868033623870 1.0320910788013612 -11.27542632170075369048408031529310 1.00000001440587475846513762054263
0.4774627274281064 1.0321756931373738 -11.27542632170075369048408031529344 1.00000001440587207499150324003894
0.4795386513004814 1.0322603054738247 -11.27542632170075369048408031529361 1.00000001440586944097678590737524
0.4816145749830755 1.0323449157962744 -11.27542632170075369048408031529335 1.00000001440586685642110747387415
0.4836904984794523 1.0324295240902837 -11.27542632170075369048408031529302 1.00000001440586432132464780723194
0.4857664217931754 1.0325141303414137 -11.27542632170075369048408031529337 1.00000001440586183568748515995168
0.4878423449278085 1.0325987345352259 -11.27542632170075369048408031529254 1.00000001440585939950988245953480
0.4899182678869151 1.0326833366572822 -11.27542632170075369048408031529301 1.00000001440585701279185567271979
0.4919941906740588 1.0327679366931446 -11.27542632170075369048408031529385 1.00000001440585467553364659312658
0.4940701132928034 1.0328525346283758 -11.27542632170075369048408031529385 1.00000001440585238773530131997820
0.4961460357467125 1.0329371304485386 -11.27542632170075369048408031529392 1.00000001440585014939694219367018
0.4982219580393497 1.0330217241391962 -11.27542632170075369048408031529770 1.00000001440584796051890065958371
0.5002978801742787 1.0331063156859124 -11.27542632170075369048408031529736 1.00000001440584582110105849266447
0.5023738021550632 1.0331909050742509 -11.27542632170075369048408031529749 1.00000001440584373114362037872436
0.5044497239852669 1.0332754922897762 -11.27542632170075369048408031529600 1.00000001440584169064676925444620
0.5065256456684534 1.0333600773180529 -11.27542632170075369048408031529325 1.00000001440583969961051238039050
0.5086015672081866 1.0334446601446462 -11.27542632170075369048408031529401 1.00000001440583775803494887249167
0.5106774886080300 1.0335292407551213 -11.27542632170075369048408031529395 1.00000001440583586592032826584927
0.5127534098715475 1.0336138191350441 -11.27542632170075369048408031529365 1.00000001440583402326672417034831
0.5148293310023028 1.0336983952699809 -11.27542632170075369048408031529254 1.00000001440583223007413201425810
0.5169052520038596 1.0337829691454980 -11.27542632170075369048408031529352 1.00000001440583048634272261286463
0.5189811728797817 1.0338675407471625 -11.27542632170075369048408031529353 1.00000001440582879207265715803862
0.5210570936336329 1.0339521100605417 -11.27542632170075369048408031529333 1.00000001440582714726390080755053
0.5231330142689768 1.0340366770712033 -11.27542632170075369048408031527158 1.00000001440582555191731036326950
0.5252089347893773 1.0341212417647153 -11.27542632170075369048408031527083 1.00000001440582400603106899129920
0.5272848551983982 1.0342058041266461 -11.27542632170075369048408031527032 1.00000001440582250960707604218017
0.5293607754996032 1.0342903641425648 -11.27542632170075369048408031527060 1.00000001440582106264480661707703
0.5314366956965562 1.0343749217980404 -11.27542632170075369048408031527071 1.00000001440581966514437297575748
0.5335126157928209 1.0344594770786427 -11.27542632170075369048408031527080 1.00000001440581831710586175274602
0.5355885357919612 1.0345440299699416 -11.27542632170075369048408031527103 1.00000001440581701852931297945349
0.5376644556975409 1.0346285804575077 -11.27542632170075369048408031527090 1.00000001440581576941483774107907
0.5397403755131238 1.0347131285269117 -11.27542632170075369048408031527177 1.00000001440581456976244891274834
0.5418162952422737 1.0347976741637249 -11.27542632170075369048408031526990 1.00000001440581341957237642659574
0.5438922148885545 1.0348822173535190 -11.27542632170075369048408031526993 1.00000001440581231884445250696309
0.5459681344555299 1.0349667580818659 -11.27542632170075369048408031526527 1.00000001440581126757895628496305
0.5480440539467639 1.0350512963343382 -11.27542632170075369048408031526636 1.00000001440581026577573501821791
0.5501199733658203 1.0351358320965088 -11.27542632170075369048408031510218 1.00000001440580931343884322475252
0.5521958927162629 1.0352203653539509 -11.27542632170075369048408031510194 1.00000001440580841055673939705909
0.5542718120016557 1.0353048960922382 -11.27542632170075369048408031510169 1.00000001440580755714106800451995
0.5563477312255623 1.0353894242969449 -11.27542632170075369048408031510219 1.00000001440580675318795939279334
0.5584236503915468 1.0354739499536455 -11.27542632170075369048408031510233 1.00000001440580599869754623969364
0.5604995695031730 1.0355584730479150 -11.27542632170075369048408031510242 1.00000001440580529366960261612605
0.5625754885640047 1.0356429935653288 -11.27542632170075369048408031508492 1.00000001440580463810541292053658
0.5646514075776059 1.0357275114914628 -11.27542632170075369048408031508490 1.00000001440580403200244227002650
0.5667273265475403 1.0358120268118931 -11.27542632170075369048408031508804 1.00000001440580347536311491335450
0.5688032454773719 1.0358965395121965 -11.27542632170075369048408031508920 1.00000001440580296818651206300669
0.5708791643706646 1.0359810495779501 -11.27542632170075369048408031508851 1.00000001440580251047274972120459
0.5729550832309823 1.0360655569947315 -11.27542632170075369048408031508905 1.00000001440580210222188416502904
0.5750310020618888 1.0361500617481186 -11.27542632170075369048408031508896 1.00000001440580174343397816570911
0.5771069208669480 1.0362345638236900 -11.27542632170075369048408031508981 1.00000001440580143410894941797577
0.5791828396497238 1.0363190632070245 -11.27542632170075369048408031508932 1.00000001440580117424692779827325
0.5812587584137801 1.0364035598837014 -11.27542632170075369048408031508914 1.00000001440580096384797851370221
0.5833346771626809 1.0364880538393005 -11.27542632170075369048408031508299 1.00000001440580080291171518148716
0.5854105958999899 1.0365725450594021 -11.27542632170075369048408031507917 1.00000001440580069143871606291408
0.5874865146292711 1.0366570335295869 -11.27542632170075369048408031507832 1.00000001440580062942850683440779
0.5895624333540883 1.0367415192354360 -11.27542632170075369048408031507839 1.00000001440580061688137284024014
0.5916383520780056 1.0368260021625309 -11.27542632170075369048408031507837 1.00000001440580065379724771513462
0.5937142708045867 1.0369104822964538 -11.27542632170075369048408031507741 1.00000001440580074017618526709516
0.5957901895373955 1.0369949596227872 -11.27542632170075369048408031507744 1.00000001440580087601801450688921
0.5978661082799961 1.0370794341271141 -11.27542632170075369048408031507794 1.00000001440580106132288317716080
0.5999420270359521 1.0371639057950179 -11.27542632170075369048408031507821 1.00000001440580129609072207037104
0.6020179458088276 1.0372483746120825 -11.27542632170075369048408031507769 1.00000001440580158032156320443826
0.6040938646021865 1.0373328405638924 -11.27542632170075369048408031507547 1.00000001440580191401531626498674
0.6061697834195925 1.0374173036360324 -11.27542632170075369048408031507538 1.00000001440580229717196490034112
0.6082457022646097 1.0375017638140879 -11.27542632170075369048408031507527 1.00000001440580272979155820587883
0.6103216211408019 1.0375862210836446 -11.27542632170075369048408031507490 1.00000001440580321187403309278604
0.6123975400517329 1.0376706754302889 -11.27542632170075369048408031507656 1.00000001440580374341930185745664
0.6144734590009667 1.0377551268396075 -11.27542632170075369048408031507731 1.00000001440580432442748514831606
0.6165493779920672 1.0378395752971878 -11.27542632170075369048408031507897 1.00000001440580495489843436253645
0.6186252970285982 1.0379240207886174 -11.27542632170075369048408031507896 1.00000001440580563483215460806694
0.6207012161141235 1.0380084632994847 -11.27542632170075369048408031507811 1.00000001440580636422855673236300
0.6227771352522072 1.0380929028153783 -11.27542632170075369048408031507744 1.00000001440580714308768187060765
0.6248530544464130 1.0381773393218876 -11.27542632170075369048408031507721 1.00000001440580797140939821629581
0.6269289737003048 1.0382617728046021 -11.27542632170075369048408031507720 1.00000001440580884919370665159674
0.6290048930174464 1.0383462032491121 -11.27542632170075369048408031507720 1.00000001440580977644057106502427
0.6310808124014018 1.0384306306410085 -11.27542632170075369048408031507619 1.00000001440581075314991430031145
0.6331567318557348 1.0385150549658822 -11.27542632170075369048408031507426 1.00000001440581177932170517009543
0.6352326513840092 1.0385994762093252 -11.27542632170075369048408031507372 1.00000001440581285495580915833251
0.6373085709897888 1.0386838943569297 -11.27542632170075369048408031507343 1.00000001440581398005225062411586
0.6393844906766376 1.0387683093942883 -11.27542632170075369048408031507384 1.00000001440581515461091601231181
0.6414604104481193 1.0388527213069944 -11.27542632170075369048408031507380 1.00000001440581637863176137897203
0.6435363303077978 1.0389371300806417 -11.27542632170075369048408031507523 1.00000001440581765211497205233592
0.6456122502592368 1.0390215357008246 -11.27542632170075369048408031506591 1.00000001440581897505976097038868
0.6476881703060003 1.0391059381531377 -11.27542632170075369048408031506504 1.00000001440582034746676671839785
0.6497640904516520 1.0391903374231765 -11.27542632170075369048408031506480 1.00000001440582176933557901275083
0.6518400106997558 1.0392747334965368 -11.27542632170075369048408031506566 1.00000001440582324066622092405236
0.6539159310538754 1.0393591263588150 -11.27542632170075369048408031505614 1.00000001440582476145885994852893
0.6559918515175746 1.0394435159956079 -11.27542632170075369048408031505614 1.00000001440582633171261736843299
0.6580677720944172 1.0395279023925130 -11.27542632170075369048408031505611 1.00000001440582795142816575129706
0.6601436927879670 1.0396122855351283 -11.27542632170075369048408031505526 1.00000001440582962060517909041062
0.6622196136017878 1.0396966654090523 -11.27542632170075369048408031505531 1.00000001440583133924351666836150
0.6642955345394433 1.0397810419998840 -11.27542632170075369048408031505548 1.00000001440583310734309048814252
0.6663714556044972 1.0398654152932229 -11.27542632170075369048408031505606 1.00000001440583492490388025368138
0.6684473768005135 1.0399497852746692 -11.27542632170075369048408031505618 1.00000001440583679192567916139495
0.6705232981310556 1.0400341519298236 -11.27542632170075369048408031505978 1.00000001440583870840838920673525
0.6725992195996875 1.0401185152442872 -11.27542632170075369048408031505978 1.00000001440584067435206455801101
0.6746751412099728 1.0402028752036617 -11.27542632170075369048408031505919 1.00000001440584268975640412621589
0.6767510629654753 1.0402872317935496 -11.27542632170075369048408031505900 1.00000001440584475462132653786400
0.6788269848697586 1.0403715849995537 -11.27542632170075369048408031505956 1.00000001440584686894675030961008
0.6809029069263864 1.0404559348072772 -11.27542632170075369048408031505972 1.00000001440584903273256360460956
0.6829788291389225 1.0405402812023243 -11.27542632170075369048408031505919 1.00000001440585124597884492753606
0.6850547515109304 1.0406246241702994 -11.27542632170075369048408031506528 1.00000001440585350868438924891490
0.6871306740459740 1.0407089636968076 -11.27542632170075369048408031506810 1.00000001440585582085095357463863
0.6892065967476168 1.0407932997674546 -11.27542632170075369048408031506811 1.00000001440585818247701195156373
0.6912825196194224 1.0408776323678465 -11.27542632170075369048408031506780 1.00000001440586059356273919126094
0.6933584426649546 1.0409619614835902 -11.27542632170075369048408031507087 1.00000001440586305410809167295335
0.6954343658877769 1.0410462871002930 -11.27542632170075369048408031507016 1.00000001440586556411295158252151
0.6975102892914530 1.0411306092035628 -11.27542632170075369048408031507007 1.00000001440586812357705246044739
0.6995862128795464 1.0412149277790081 -11.27542632170075369048408031506987 1.00000001440587073250032045554430
0.7016621366556208 1.0412992428122380 -11.27542632170075369048408031506905 1.00000001440587339088263295263199
0.7037380606232397 1.0413835542888621 -11.27542632170075369048408031506933 1.00000001440587609872375027677100
0.7058139847859667 1.0414678621944907 -11.27542632170075369048408031506932 1.00000001440587885602405127645370
0.7078899091473653 1.0415521665147345 -11.27542632170075369048408031505220 1.00000001440588166278201603857688
0.7099658337109992 1.0416364672352051 -11.27542632170075369048408031505190 1.00000001440588451899861776420163
0.7120417584804317 1.0417207643415143 -11.27542632170075369048408031506110 1.00000001440588742467384381150572
0.7141176834592265 1.0418050578192747 -11.27542632170075369048408031506153 1.00000001440589037980694724991514
0.7161936086509471 1.0418893476540996 -11.27542632170075369048408031506108 1.00000001440589338439793492105054
0.7182695340591569 1.0419736338316027 -11.27542632170075369048408031506103 1.00000001440589643844663906215532
0.7203454596874194 1.0420579163373984 -11.27542632170075369048408031506840 1.00000001440589954195269472194470
0.7224213855392981 1.0421421951571015 -11.27542632170075369048408031506827 1.00000001440590269491649062305355
0.7244973116183564 1.0422264702763278 -11.27542632170075369048408031506697 1.00000001440590589733738752036125
0.7265732379281578 1.0423107416806933 -11.27542632170075369048408031506776 1.00000001440590914921513197975534
0.7286491644722656 1.0423950093558148 -11.27542632170075369048408031506331 1.00000001440591245054983573105335
0.7307250912542434 1.0424792732873097 -11.27542632170075369048408031506326 1.00000001440591580134105044594302
0.7328010182776545 1.0425635334607961 -11.27542632170075369048408031505794 1.00000001440591920158890800988493
0.7348769455460622 1.0426477898618925 -11.27542632170075369048408031505694 1.00000001440592265129278448652718
0.7369528730630300 1.0427320424762181 -11.27542632170075369048408031505698 1.00000001440592615045276531509635
0.7390288008321211 1.0428162912893927 -11.27542632170075369048408031505757 1.00000001440592969906866979685292
0.7411047288568989 1.0429005362870369 -11.27542632170075369048408031505005 1.00000001440593329714032357646900
0.7431806571409268 1.0429847774547717 -11.27542632170075369048408031504917 1.00000001440593694466717317416935
0.7452565856877680 1.0430690147782188 -11.27542632170075369048408031504928 1.00000001440594064164936848361069
0.7473325145009857 1.0431532482430006 -11.27542632170075369048408031504824 1.00000001440594438808660751182993
0.7494084435841434 1.0432374778347400 -11.27542632170075369048408031504813 1.00000001440594818397865551341266
0.7514843729408041 1.0433217035390605 -11.27542632170075369048408031504777 1.00000001440595202932532341073886
0.7535603025745313 1.0434059253415865 -11.27542632170075369048408031504690 1.00000001440595592412634003140838
0.7556362324888879 1.0434901432279427 -11.27542632170075369048408031504726 1.00000001440595986838143406256187
0.7577121626874374 1.0435743571837547 -11.27542632170075369048408031504692 1.00000001440596386209061543191861
0.7597880931737427 1.0436585671946486 -11.27542632170075369048408031504752 1.00000001440596790525338172617685
0.7618640239513672 1.0437427732462512 -11.27542632170075369048408031504753 1.00000001440597199786966189534511
0.7639399550238739 1.0438269753241898 -11.27542632170075369048408031504711 1.00000001440597613993920114549419
0.7660158863948260 1.0439111734140927 -11.27542632170075369048408031504748 1.00000001440598033146168648098435
0.7680918180677866 1.0439953675015884 -11.27542632170075369048408031504804 1.00000001440598457243695205923760
0.7701677500463187 1.0440795575723063 -11.27542632170075369048408031504760 1.00000001440598886286478077480870
0.7722436823339855 1.0441637436118766 -11.27542632170075369048408031504772 1.00000001440599320274481491406257
0.7743196149343499 1.0442479256059297 -11.27542632170075369048408031504787 1.00000001440599759207691612997537
0.7763955478509751 1.0443321035400971 -11.27542632170075369048408031504564 1.00000001440600203086081935751046
0.7784714810874240 1.0444162774000108 -11.27542632170075369048408031504604 1.00000001440600651909619704761122
0.7805474146472596 1.0445004471713034 -11.27542632170075369048408031504796 1.00000001440601105678273587223342
0.7826233485340448 1.0445846128396083 -11.27542632170075369048408031504757 1.00000001440601564392048665462426
0.7846992827513427 1.0446687743905594 -11.27542632170075369048408031504712 1.00000001440602028050889153998814
0.7867752173027162 1.0447529317916641 -11.27542632170075369048408031504734 1.00000001440601876037184635651468
0.7888511517445673 1.0448370850193606 -11.27542632170075369048408031504761 1.00000001440601413979342210579636
0.7909270858535063 1.0449212340592889 -11.27542632170075369048408031504759 1.00000001440600956866585856507585
0.7930030196330962 1.0450053788970900 -11.27542632170075369048408031504068 1.00000001440600504698954211979564
0.7950789530868999 1.0450895195184052 -11.27542632170075369048408031504026 1.00000001440600057476430002637775
0.7971548862184803 1.0451736559088767 -11.27542632170075369048408031504018 1.00000001440599615199085558394694
0.7992308190314006 1.0452577880541476 -11.27542632170075369048408031503982 1.00000001440599177866928735634237
0.8013067515292236 1.0453419159398614 -11.27542632170075369048408031503937 1.00000001440598745479982950079724
0.8033826837155124 1.0454260395516624 -11.27542632170075369048408031503921 1.00000001440598318038278730871435
0.8054586155938302 1.0455101588751958 -11.27542632170075369048408031503684 1.00000001440597895541842465700773
0.8075345471677399 1.0455942738961074 -11.27542632170075369048408031503687 1.00000001440597477990682662664506
0.8096104784408047 1.0456783846000436 -11.27542632170075369048408031503474 1.00000001440597065384837502540195
0.8116864094165876 1.0457624909726517 -11.27542632170075369048408031503357 1.00000001440596657724326629809055
0.8137623400986519 1.0458465929995797 -11.27542632170075369048408031503324 1.00000001440596255009171199658470
0.8158382704905606 1.0459306906664762 -11.27542632170075369048408031503167 1.00000001440595857239403529947514
0.8179142005958769 1.0460147839589908 -11.27542632170075369048408031502989 1.00000001440595464415036456144220
0.8199901304181641 1.0460988728627735 -11.27542632170075369048408031502985 1.00000001440595076536090725363888
0.8220660599609852 1.0461829573634752 -11.27542632170075369048408031502969 1.00000001440594693602596782777921
0.8241419892279036 1.0462670374467477 -11.27542632170075369048408031502932 1.00000001440594315614572378038723
0.8262179182224825 1.0463511130982433 -11.27542632170075369048408031502927 1.00000001440593942572042864557456
0.8282938469482851 1.0464351843036151 -11.27542632170075369048408031503172 1.00000001440593574475017430478198
0.8303697754088748 1.0465192510485171 -11.27542632170075369048408031503115 1.00000001440593211323537816350022
0.8324457036078147 1.0466033133186037 -11.27542632170075369048408031503125 1.00000001440592853117610143799618
0.8345216315486682 1.0466873710995305 -11.27542632170075369048408031503118 1.00000001440592499857258398667513
0.8365975592349987 1.0467714243769534 -11.27542632170075369048408031502964 1.00000001440592151542501624736309
0.8386734866703694 1.0468554731365295 -11.27542632170075369048408031502970 1.00000001440591808173357124258528
0.8407494138583437 1.0469395173639163 -11.27542632170075369048408031502862 1.00000001440591469749854058539672
0.8428253408024850 1.0470235570447722 -11.27542632170075369048408031502854 1.00000001440591136271999778578729
0.8449012675063567 1.0471075921647564 -11.27542632170075369048408031502851 1.00000001440590807739844628105801
0.8469771939735222 1.0471916227095289 -11.27542632170075369048408031501943 1.00000001440590484153338336339708
0.8490531202075448 1.0472756486647502 -11.27542632170075369048408031501909 1.00000001440590165512565022340877
0.8511290462119880 1.0473596700160819 -11.27542632170075369048408031501948 1.00000001440589851817519904538957
0.8532049719904153 1.0474436867491862 -11.27542632170075369048408031501901 1.00000001440589543068225315025887
0.8552808975463900 1.0475276988497260 -11.27542632170075369048408031501740 1.00000001440589239264696908519034
0.8573568228834758 1.0476117063033653 -11.27542632170075369048408031501809 1.00000001440588940406953244871371
0.8594327480052360 1.0476957090957684 -11.27542632170075369048408031501332 1.00000001440588646494994700280579
0.8615086729152342 1.0477797072126008 -11.27542632170075369048408031501331 1.00000001440588357528856612358186
0.8635845976170338 1.0478637006395285 -11.27542632170075369048408031501538 1.00000001440588073508562136097135
0.8656605221141984 1.0479476893622184 -11.27542632170075369048408031501521 1.00000001440587794434111812626587
0.8677364464102915 1.0480316733663384 -11.27542632170075369048408031501538 1.00000001440587520305525754324586
0.8698123705088767 1.0481156526375567 -11.27542632170075369048408031501504 1.00000001440587251122823154206524
0.8718882944135176 1.0481996271615426 -11.27542632170075369048408031501468 1.00000001440586986886014211809889
0.8739642181277776 1.0482835969239663 -11.27542632170075369048408031501465 1.00000001440586727595115741511608
0.8760401416552205 1.0483675619104986 -11.27542632170075369048408031501339 1.00000001440586473250152745204377
0.8781160649994097 1.0484515221068111 -11.27542632170075369048408031501355 1.00000001440586223851119246440133
0.8801919881639089 1.0485354774985762 -11.27542632170075369048408031501293 1.00000001440585979398043064968583
0.8822679111522818 1.0486194280714673 -11.27542632170075369048408031501206 1.00000001440585739890940845607929
0.8843438339680918 1.0487033738111583 -11.27542632170075369048408031500465 1.00000001440585505329833989206089
0.8864197566149028 1.0487873147033242 -11.27542632170075369048408031500433 1.00000001440585275714688837759031
0.8884956790962783 1.0488712507336405 -11.27542632170075369048408031500743 1.00000001440585051045566593135860
0.8905716014157820 1.0489551818877839 -11.27542632170075369048408031500824 1.00000001440584831322488726013477
0.8926475235769775 1.0490391081514314 -11.27542632170075369048408031500931 1.00000001440584616545412833977933
0.8947234455834286 1.0491230295102614 -11.27542632170075369048408031500929 1.00000001440584406714410954435972
0.8967993674386990 1.0492069459499526 -11.27542632170075369048408031501037 1.00000001440584201829454522111166
0.8988752891463523 1.0492908574561849 -11.27542632170075369048408031501083 1.00000001440584001890574138401108
0.9009512107099522 1.0493747640146388 -11.27542632170075369048408031501070 1.00000001440583806897777071463499
0.9030271321330625 1.0494586656109957 -11.27542632170075369048408031501079 1.00000001440583616851070577186993
0.9051030534192469 1.0495425622309378 -11.27542632170075369048408031501160 1.00000001440583431750468588163812
0.9071789745720691 1.0496264538601482 -11.27542632170075369048408031501172 1.00000001440583251595984190900210
0.9092548955950929 1.0497103404843107 -11.27542632170075369048408031501280 1.00000001440583076387621439875030
0.9113308164918820 1.0497942220891100 -11.27542632170075369048408031501297 1.00000001440582906125398435045023
0.9134067372660002 1.0498780986602317 -11.27542632170075369048408031501323 1.00000001440582740809318267381681
0.9154826579210113 1.0499619701833622 -11.27542632170075369048408031501300 1.00000001440582580439389797375882
0.9175585784604790 1.0500458366441887 -11.27542632170075369048408031501482 1.00000001440582425015632942627472
0.9196344988879671 1.0501296980283992 -11.27542632170075369048408031501497 1.00000001440582274538045227906394
0.9217104192070394 1.0502135543216827 -11.27542632170075369048408031501646 1.00000001440582129006634319194370
0.9237863394212597 1.0502974055097289 -11.27542632170075369048408031501597 1.00000001440581988421421953178387
0.9258622595341918 1.0503812515782284 -11.27542632170075369048408031501606 1.00000001440581852782401350017245
0.9279381795493995 1.0504650925128727 -11.27542632170075369048408031501619 1.00000001440581722089586725713595
0.9300140994704467 1.0505489282993542 -11.27542632170075369048408031501621 1.00000001440581596342987250685434
0.9320900193008970 1.0506327589233658 -11.27542632170075369048408031501581 1.00000001440581475542607867334880
0.9341659390443145 1.0507165843706017 -11.27542632170075369048408031501756 1.00000001440581359688451893346829
0.9362418587042628 1.0508004046267568 -11.27542632170075369048408031501850 1.00000001440581248780532344208997
0.9383177782843059 1.0508842196775268 -11.27542632170075369048408031501841 1.00000001440581142818856035245258
0.9403936977880076 1.0509680295086082 -11.27542632170075369048408031501855 1.00000001440581041803425663896726
0.9424696172189316 1.0510518341056987 -11.27542632170075369048408031501842 1.00000001440580945734245369095633
0.9445455365806420 1.0511356334544965 -11.27542632170075369048408031501841 1.00000001440580854611322792779077
0.9466214558767025 1.0512194275407008 -11.27542632170075369048408031501910 1.00000001440580768434661698632301
0.9486973751106770 1.0513032163500117 -11.27542632170075369048408031502046 1.00000001440580687204268725634084
0.9507732942861293 1.0513869998681302 -11.27542632170075369048408031502759 1.00000001440580610920136750879488
0.9528492134066234 1.0514707780807581 -11.27542632170075369048408031502755 1.00000001440580539582315952974657
0.9549251324757230 1.0515545509735982 -11.27542632170075369048408031502597 1.00000001440580473190753639120121
0.9570010514969921 1.0516383185323541 -11.27542632170075369048408031502490 1.00000001440580411745472230492022
0.9590769704739946 1.0517220807427302 -11.27542632170075369048408031502655 1.00000001440580355246488782785955
0.9611528894102943 1.0518058375904319 -11.27542632170075369048408031502613 1.00000001440580303693794170470619
0.9632288083094551 1.0518895890611655 -11.27542632170075369048408031502568 1.00000001440580257087392695511398
0.9653047271750408 1.0519733351406381 -11.27542632170075369048408031502531 1.00000001440580215427289639084429
0.9673806460106155 1.0520570758145578 -11.27542632170075369048408031502511 1.00000001440580178713485961317908
0.9694565648197429 1.0521408110686335 -11.27542632170075369048408031502497 1.00000001440580146945984759806077
0.9715324836059869 1.0522245408885751 -11.27542632170075369048408031502183 1.00000001440580120124795204591298
0.9736084023729115 1.0523082652600933 -11.27542632170075369048408031502078 1.00000001440580098249896863543525
0.9756843211240805 1.0523919841688998 -11.27542632170075369048408031502059 1.00000001440580081321308707882000
0.9777602398630579 1.0524756976007071 -11.27542632170075369048408031502091 1.00000001440580069339030950645108
0.9798361585934075 1.0525594055412286 -11.27542632170075369048408031502090 1.00000001440580062303061386022178
0.9819120773186932 1.0526431079761787 -11.27542632170075369048408031502173 1.00000001440580060213397213710603
0.9839879960424789 1.0527268048912728 -11.27542632170075369048408031502339 1.00000001440580063070049692661963
0.9860639147683285 1.0528104962722270 -11.27542632170075369048408031502287 1.00000001440580070873013017675519
0.9881398334998059 1.0528941821047583 -11.27542632170075369048408031502791 1.00000001440580083622255390568633
0.9902157522404750 1.0529778623745849 -11.27542632170075369048408031502794 1.00000001440580101317847172614906
0.9922916709938997 1.0530615370674256 -11.27542632170075369048408031502806 1.00000001440580123959727452754297
0.9943675897636439 1.0531452061690004 -11.27542632170075369048408031502801 1.00000001440580151547914087072085
0.9964435085532714 1.0532288696650300 -11.27542632170075369048408031502774 1.00000001440580184082403260146351
0.9985194273663462 1.0533125275412361 -11.27542632170075369048408031502764 1.00000001440580221563198122193915
1.0005953462064322 1.0533961797833414 -11.27542632170075369048408031502641 1.00000001440580263990290838915520
1.0026712650770932 1.0534798263770695 -11.27542632170075369048408031502641 1.00000001440580311363677362885590
1.0047471839818931 1.0535634673081448 -11.27542632170075369048408031502566 1.00000001440580363683368638946959
1.0068231029243959 1.0536471025622929 -11.27542632170075369048408031502626 1.00000001440580420949340835234318
1.0088990219081653 1.0537307321252401 -11.27542632170075369048408031502618 1.00000001440580483161586368455106
1.0109749409367653 1.0538143559827137 -11.27542632170075369048408031505056 1.00000001440580550320126563902328
1.0130508600137598 1.0538979741204421 -11.27542632170075369048408031505178 1.00000001440580622424989026796791
1.0151267791427125 1.0539815865241543 -11.27542632170075369048408031505266 1.00000001440580699476101962302723
1.0172026983271875 1.0540651931795806 -11.27542632170075369048408031505253 1.00000001440580781473489012116147
1.0192786175707485 1.0541487940724521 -11.27542632170075369048408031505247 1.00000001440580868417143088115709
1.0213545368769595 1.0542323891885009 -11.27542632170075369048408031505335 1.00000001440580960307055343479782
1.0234304562493842 1.0543159785134599 -11.27542632170075369048408031505323 1.00000001440581057143234554266323
1.0255063756915865 1.0543995620330631 -11.27542632170075369048408031504970 1.00000001440581158925666802252998
1.0275822952071303 1.0544831397330455 -11.27542632170075369048408031504944 1.00000001440581265654334842758230
1.0296582147995795 1.0545667115991430 -11.27542632170075369048408031504973 1.00000001440581377329250349429964
1.0317341344724978 1.0546502776170924 -11.27542632170075369048408031504920 1.00000001440581493950402015322086
1.0338100542294491 1.0547338377726314 -11.27542632170075369048408031504765 1.00000001440581615517785830457738
1.0358859740739973 1.0548173920514990 -11.27542632170075369048408031504927 1.00000001440581742031375027228308
1.0379618940097061 1.0549009404394348 -11.27542632170075369048408031504898 1.00000001440581873491200858057136
1.0400378140401394 1.0549844829221796 -11.27542632170075369048408031505044 1.00000001440582009897207576217780
1.0421137341688609 1.0550680194854751 -11.27542632170075369048408031505107 1.00000001440582151249429525150307
1.0441896543994346 1.0551515501150639 -11.27542632170075369048408031505096 1.00000001440582297547844035028317
1.0462655747354242 1.0552350747966897 -11.27542632170075369048408031505590 1.00000001440582448792429780380290
1.0483414951803935 1.0553185935160971 -11.27542632170075369048408031505601 1.00000001440582604983199231611048
1.0504174157379062 1.0554021062590318 -11.27542632170075369048408031505599 1.00000001440582766120139098968962
1.0524933364115262 1.0554856130112403 -11.27542632170075369048408031505302 1.00000001440582932203226093021199
1.0545692572048173 1.0555691137584702 -11.27542632170075369048408031505339 1.00000001440583103232457615517334
1.0566451781213431 1.0556526084864702 -11.27542632170075369048408031505451 1.00000001440583279207822422782351
1.0587210991646675 1.0557360971809897 -11.27542632170075369048408031505479 1.00000001440583460129327857500188
1.0607970203383542 1.0558195798277794 -11.27542632170075369048408031507574 1.00000001440583645996882712042615
1.0628729416459670 1.0559030564125907 -11.27542632170075369048408031506457 1.00000001440583836810690497451792
1.0649488630910695 1.0559865269211763 -11.27542632170075369048408031506263 1.00000001440584032570478579624624
1.0670247846772256 1.0560699913392896 -11.27542632170075369048408031506420 1.00000001440584233276367918121299
1.0691007064079989 1.0561534496526854 -11.27542632170075369048408031506390 1.00000001440584438928348519454451
1.0711766282869531 1.0562369018471190 -11.27542632170075369048408031505116 1.00000001440584649526542449072850
1.0732525503176520 1.0563203479083472 -11.27542632170075369048408031505176 1.00000001440584865070310220115160
1.0753284725036591 1.0564037878221274 -11.27542632170075369048408031505150 1.00000001440585085560572469881115
1.0774043948485383 1.0564872215742183 -11.27542632170075369048408031505177 1.00000001440585310996711970754854
1.0794803173558532 1.0565706491503794 -11.27542632170075369048408031505154 1.00000001440585541378863852929093
1.0815562400291674 1.0566540705363714 -11.27542632170075369048408031505205 1.00000001440585776707013112981980
1.0836321628720445 1.0567374857179559 -11.27542632170075369048408031505174 1.00000001440586016981151330870267
1.0857080858880483 1.0568208946808956 -11.27542632170075369048408031505415 1.00000001440586262201244815558249
1.0877840090807423 1.0569042974109542 -11.27542632170075369048408031505443 1.00000001440586512367316086738984
1.0898599324536902 1.0569876938938964 -11.27542632170075369048408031505430 1.00000001440586767479318834110874
1.0919358560104555 1.0570710841154878 -11.27542632170075369048408031505540 1.00000001440587027537252683743480
1.0940117797546019 1.0571544680614953 -11.27542632170075369048408031505526 1.00000001440587292541101390049268
1.0960877036896929 1.0572378457176867 -11.27542632170075369048408031505521 1.00000001440587562490843631656948
1.0981636278192922 1.0573212170698308 -11.27542632170075369048408031505568 1.00000001440587837386471089040843
1.1002395521469632 1.0574045821036974 -11.27542632170075369048408031505578 1.00000001440588117227966455315366
1.1023154766762695 1.0574879408050575 -11.27542632170075369048408031505591 1.00000001440588402015312014424289
1.1043914014107747 1.0575712931596829 -11.27542632170075369048408031505587 1.00000001440588691748493402274419
1.1064673263540423 1.0576546391533468 -11.27542632170075369048408031505564 1.00000001440588986427493148014042
1.1085432515096357 1.0577379787718231 -11.27542632170075369048408031505543 1.00000001440589286052292196794365
1.1106191768811185 1.0578213120008868 -11.27542632170075369048408031505481 1.00000001440589590622884875040475
1.1126951024720541 1.0579046388263142 -11.27542632170075369048408031505205 1.00000001440589900139237823921392
1.1147710282860061 1.0579879592338824 -11.27542632170075369048408031505150 1.00000001440590214601335117772155
1.1168469543265378 1.0580712732093696 -11.27542632170075369048408031505214 1.00000001440590534009164943520861
1.1189228805972128 1.0581545807385551 -11.27542632170075369048408031505924 1.00000001440590858362701224539958
1.1209988071015944 1.0582378818072193 -11.27542632170075369048408031505916 1.00000001440591187661964805555892
1.1230747338432460 1.0583211764011436 -11.27542632170075369048408031505824 1.00000001440591521906879985380704
1.1251506608257310 1.0584044645061103 -11.27542632170075369048408031505850 1.00000001440591861097455293447841
1.1272265880526129 1.0584877461079032 -11.27542632170075369048408031505838 1.00000001440592205233669840207089
1.1293025155274550 1.0585710211923068 -11.27542632170075369048408031505846 1.00000001440592554315501863137648
1.1313784432538206 1.0586542897451067 -11.27542632170075369048408031505760 1.00000001440592908342934522357406
1.1334543712352731 1.0587375517520896 -11.27542632170075369048408031505830 1.00000001440593267316005596097442
1.1355302994753757 1.0588208071990435 -11.27542632170075369048408031503113 1.00000001440593631234506711385518
1.1376062279776918 1.0589040560717572 -11.27542632170075369048408031503079 1.00000001440594000098613906480597
1.1396821567457848 1.0589872983560207 -11.27542632170075369048408031503041 1.00000001440594373908230610062932
1.1417580857832177 1.0590705340376249 -11.27542632170075369048408031503103 1.00000001440594752663342250643222
1.1438340150935540 1.0591537631023621 -11.27542632170075369048408031503141 1.00000001440595136363931603165212
1.1459099446803568 1.0592369855360255 -11.27542632170075369048408031503135 1.00000001440595525009967400817462
1.1479858745471893 1.0593202013244094 -11.27542632170075369048408031503090 1.00000001440595918601436081320912
1.1500618046976148 1.0594034104533091 -11.27542632170075369048408031503020 1.00000001440596317138307806193220
1.1521377351351964 1.0594866129085212 -11.27542632170075369048408031502401 1.00000001440596720620578765297096
1.1542136658634973 1.0595698086758432 -11.27542632170075369048408031502397 1.00000001440597129048181899631398
1.1562895968860806 1.0596529977410739 -11.27542632170075369048408031502391 1.00000001440597542421134453907261
1.1583655282065095 1.0597361800900129 -11.27542632170075369048408031502392 1.00000001440597960739401632438081
1.1604414598283471 1.0598193557084612 -11.27542632170075369048408031502364 1.00000001440598384002963063437731
1.1625173917551565 1.0599025245822207 -11.27542632170075369048408031502378 1.00000001440598812211773252174690
1.1645933239905007 1.0599856866970945 -11.27542632170075369048408031502869 1.00000001440599245365847407718625
1.1666692565379429 1.0600688420388868 -11.27542632170075369048408031502902 1.00000001440599683465130798774742
1.1687451894010459 1.0601519905934030 -11.27542632170075369048408031502910 1.00000001440600126509602534613385
1.1708211225833729 1.0602351323464493 -11.27542632170075369048408031502884 1.00000001440600574499241949060120
1.1728970560884868 1.0603182672838334 -11.27542632170075369048408031502878 1.00000001440601027434023529890638
1.1749729899199507 1.0604013953913639 -11.27542632170075369048408031502804 1.00000001440601485313915148952601
1.1770489240813274 1.0604845166548505 -11.27542632170075369048408031502577 1.00000001440601948139482030182257
1.1791248585761799 1.0605676310467449 -11.27542632170075369048408031084328 1.00000001440601952797366370129654
1.1812007930743881 1.0606507385392344 -11.27542632170075369048408031084437 1.00000001440601489896268587543417
1.1832767272390844 1.0607338391181388 -11.27542632170075369048408031084419 1.00000001440601031949672448501188
1.1853526610738318 1.0608169327692792 -11.27542632170075369048408031084634 1.00000001440600578948187827418773
1.1874285945821932 1.0609000194784776 -11.27542632170075369048408031084653 1.00000001440600130891854300333725
1.1895045277677317 1.0609830992315575 -11.27542632170075369048408031084580 1.00000001440599687780687787905232
1.1915804606340101 1.0610661720143433 -11.27542632170075369048408031084532 1.00000001440599249614711347212618
1.1936563931845916 1.0611492378126607 -11.27542632170075369048408031084595 1.00000001440598816393952501198347
1.1957323254230390 1.0612322966123366 -11.27542632170075369048408031084575 1.00000001440598388118442152828349
1.1978082573529156 1.0613153483991989 -11.27542632170075369048408031084604 1.00000001440597964788196766934617
1.1998841889777844 1.0613983931590768 -11.27542632170075369048408031084607 1.00000001440597546403246658503018
1.2019601203012085 1.0614814308778008 -11.27542632170075369048408031084628 1.00000001440597132963613789049278
1.2040360513267509 1.0615644615412022 -11.27542632170075369048408031086051 1.00000001440596724469279744648275
1.2061119820579748 1.0616474851351139 -11.27542632170075369048408031086103 1.00000001440596320920386192559099
1.2081879124984434 1.0617305016453697 -11.27542632170075369048408031086109 1.00000001440595922316842491017565
1.2102638426517198 1.0618135110578047 -11.27542632170075369048408031086064 1.00000001440595528658710237724398
1.2123397725213672 1.0618965133582551 -11.27542632170075369048408031086060 1.00000001440595139946006052531746
1.2144157021109488 1.0619795085325585 -11.27542632170075369048408031086054 1.00000001440594756178757900112403
1.2164916314240278 1.0620624965665533 -11.27542632170075369048408031086037 1.00000001440594377356989814959309
1.2185675604641676 1.0621454774460795 -11.27542632170075369048408031085882 1.00000001440594003480718847951590
1.2206434892349312 1.0622284511569780 -11.27542632170075369048408031085846 1.00000001440593634549960212282723
1.2227194177398820 1.0623114176850912 -11.27542632170075369048408031085860 1.00000001440593270564747619914937
1.2247953459825833 1.0623943770162623 -11.27542632170075369048408031085862 1.00000001440592911525094698722185
1.2268712739665984 1.0624773291363361 -11.27542632170075369048408031085666 1.00000001440592557431032571201613
1.2289472016954905 1.0625602740311583 -11.27542632170075369048408031085658 1.00000001440592208282560123828031
1.2310231291728231 1.0626432116865760 -11.27542632170075369048408031085312 1.00000001440591864079723275430155
1.2330990564021595 1.0627261420884373 -11.27542632170075369048408031085876 1.00000001440591524822497815452323
1.2351749833870630 1.0628090652225919 -11.27542632170075369048408031085899 1.00000001440591190510969597924317
1.2372509101310971 1.0628919810748902 -11.27542632170075369048408031085823 1.00000001440590861145110442052118
1.2393268366378251 1.0629748896311841 -11.27542632170075369048408031085796 1.00000001440590536724961422324015
1.2414027629108104 1.0630577908773268 -11.27542632170075369048408031085915 1.00000001440590217250488614047494
1.2434786889536165 1.0631406847991726 -11.27542632170075369048408031085872 1.00000001440589902721798007390533
1.2455546147698067 1.0632235713825769 -11.27542632170075369048408031085854 1.00000001440589593138844941932611
1.2476305403629447 1.0633064506133965 -11.27542632170075369048408031085808 1.00000001440589288501665081864745
1.2497064657365938 1.0633893224774895 -11.27542632170075369048408031085777 1.00000001440588988810272165195913
1.2517823908943174 1.0634721869607149 -11.27542632170075369048408031085781 1.00000001440588694064687149621522
1.2538583158396792 1.0635550440489332 -11.27542632170075369048408031085776 1.00000001440588404264928430154935
1.2559342405762426 1.0636378937280061 -11.27542632170075369048408031085534 1.00000001440588119411010850645823
1.2580101651075711 1.0637207359837965 -11.27542632170075369048408031085454 1.00000001440587839502942148596876
1.2600860894372283 1.0638035708021685 -11.27542632170075369048408031085417 1.00000001440587564540748970450241
1.2621620135687777 1.0638863981689874 -11.27542632170075369048408031085403 1.00000001440587294524444925883167
1.2642379375057829 1.0639692180701199 -11.27542632170075369048408031085787 1.00000001440587029454035510839277
1.2663138612518074 1.0640520304914339 -11.27542632170075369048408031085794 1.00000001440586769329562530376911
1.2683897848104148 1.0641348354187984 -11.27542632170075369048408031085789 1.00000001440586514151017215483237
1.2704657081851688 1.0642176328380837 -11.27542632170075369048408031085628 1.00000001440586263918414869226699
1.2725416313796329 1.0643004227351615 -11.27542632170075369048408031085643 1.00000001440586018631781420889897
1.2746175543973707 1.0643832050959046 -11.27542632170075369048408031085631 1.00000001440585778291120546146119
1.2766934772419459 1.0644659799061871 -11.27542632170075369048408031085634 1.00000001440585542896449640716102
1.2787693999169221 1.0645487471518844 -11.27542632170075369048408031085627 1.00000001440585312447784049610082
1.2808453224258630 1.0646315068188731 -11.27542632170075369048408031085624 1.00000001440585086945136166934163
1.2829212447723322 1.0647142588930310 -11.27542632170075369048408031085669 1.00000001440584866388517110134061
1.2849971669598934 1.0647970033602372 -11.27542632170075369048408031085481 1.00000001440584650777947300583425
1.2870730889921103 1.0648797402063723 -11.27542632170075369048408031085477 1.00000001440584440113421963852347
1.2891490108725465 1.0649624694173178 -11.27542632170075369048408031085444 1.00000001440584234394968795118550
1.2912249326047657 1.0650451909789567 -11.27542632170075369048408031085888 1.00000001440584033622585242749473
1.2933008541923318 1.0651279048771732 -11.27542632170075369048408031085560 1.00000001440583837796333165283459
1.2953767756388083 1.0652106110978527 -11.27542632170075369048408031084910 1.00000001440583646916128904028757
1.2974526969477591 1.0652933096268821 -11.27542632170075369048408031084866 1.00000001440583460982059392999114
1.2995286181227478 1.0653760004501494 -11.27542632170075369048408031084850 1.00000001440583279994112258269112
1.3016045391673381 1.0654586835535438 -11.27542632170075369048408031084859 1.00000001440583103952309182350658
1.3036804600850940 1.0655413589229561 -11.27542632170075369048408031084449 1.00000001440582932856631581972164
1.3057563808795790 1.0656240265442780 -11.27542632170075369048408031084448 1.00000001440582766707115626892002
1.3078323015543570 1.0657066864034027 -11.27542632170075369048408031084448 1.00000001440582605503760825628209
1.3099082221129917 1.0657893384862247 -11.27542632170075369048408031084476 1.00000001440582449246582752916236
1.3119841425590469 1.0658719827786398 -11.27542632170075369048408031084638 1.00000001440582297935580862969002
1.3140600628960865 1.0659546192665449 -11.27542632170075369048408031084614 1.00000001440582151570779976346297
1.3161359831276741 1.0660372479358385 -11.27542632170075369048408031084268 1.00000001440582010152167176059361
1.3182119032573737 1.0661198687724202 -11.27542632170075369048408031084273 1.00000001440581873679760730936821
1.3202878232887490 1.0662024817621908 -11.27542632170075369048408031084282 1.00000001440581742153571135432891
1.3223637432253638 1.0662850868910527 -11.27542632170075369048408031084219 1.00000001440581615573600679802481
1.3244396630707819 1.0663676841449094 -11.27542632170075369048408031084152 1.00000001440581493939864117562126
1.3265155828285673 1.0664502735096657 -11.27542632170075369048408031084104 1.00000001440581377252359829799733
1.3285915025022836 1.0665328549712277 -11.27542632170075369048408031084127 1.00000001440581265511099546844779
1.3306674220954948 1.0666154285155031 -11.27542632170075369048408031084204 1.00000001440581158716087443457975
1.3327433416117646 1.0666979941284005 -11.27542632170075369048408031084175 1.00000001440581056867333149044342
1.3348192610546570 1.0667805517958300 -11.27542632170075369048408031084137 1.00000001440580959964837575787149
1.3368951804277358 1.0668631015037031 -11.27542632170075369048408031083975 1.00000001440580868008613118633447
1.3389710997345647 1.0669456432379325 -11.27542632170075369048408031084751 1.00000001440580780998637031789524
1.3410470189787078 1.0670281769844323 -11.27542632170075369048408031084857 1.00000001440580698934971543308525
1.3431229381637289 1.0671107027291178 -11.27542632170075369048408031084888 1.00000001440580621817576462346103
1.3451988572931917 1.0671932204579057 -11.27542632170075369048408031084789 1.00000001440580549646471394236313
1.3472747763706603 1.0672757301567141 -11.27542632170075369048408031084258 1.00000001440580482421653680578499
1.3493506953996984 1.0673582318114624 -11.27542632170075369048408031084136 1.00000001440580420143121348825752
1.3514266143838700 1.0674407254080712 -11.27542632170075369048408031084327 1.00000001440580362810892173423850
1.3535025333267389 1.0675232109324627 -11.27542632170075369048408031084147 1.00000001440580310424969714562885
1.3555784522318690 1.0676056883705601 -11.27542632170075369048408031084238 1.00000001440580262985336022268639
1.3576543711028241 1.0676881577082881 -11.27542632170075369048408031084228 1.00000001440580220492024088859121
1.3597302899431683 1.0677706189315729 -11.27542632170075369048408031084243 1.00000001440580182945017159374551
1.3618062087564653 1.0678530720263419 -11.27542632170075369048408031084241 1.00000001440580150344322559606535
1.3638821275462790 1.0679355169785237 -11.27542632170075369048408031082801 1.00000001440580122689972683606562
1.3659580463161734 1.0680179537740485 -11.27542632170075369048408031082686 1.00000001440580099981873773096660
1.3680339650697124 1.0681003823988477 -11.27542632170075369048408031082539 1.00000001440580082220125498885890
1.3701098838104597 1.0681828028388541 -11.27542632170075369048408031082686 1.00000001440580069404684103957720
1.3721858025419794 1.0682652150800019 -11.27542632170075369048408031082703 1.00000001440580061535574959342495
1.3742617212678353 1.0683476191082266 -11.27542632170075369048408031082644 1.00000001440580058612776935485157
1.3763376399915914 1.0684300149094650 -11.27542632170075369048408031082638 1.00000001440580060636299795222537
1.3784135587168114 1.0685124024696554 -11.27542632170075369048408031082456 1.00000001440580067606144000113364
1.3804894774470593 1.0685947817747374 -11.27542632170075369048408031082352 1.00000001440580079522306422398962
1.3825653961858990 1.0686771528106519 -11.27542632170075369048408031082164 1.00000001440580096384776654200730
1.3846413149368944 1.0687595155633413 -11.27542632170075369048408031082453 1.00000001440580118193568762394168
1.3867172337036094 1.0688418700187493 -11.27542632170075369048408031082454 1.00000001440580144948680759061979
1.3887931524896079 1.0689242161628208 -11.27542632170075369048408031082431 1.00000001440580176650109356964682
1.3908690712984537 1.0690065539815025 -11.27542632170075369048408031082435 1.00000001440580213297844128483892
1.3929449901337109 1.0690888834607421 -11.27542632170075369048408031082458 1.00000001440580254891891406765493
1.3950209089989431 1.0691712045864888 -11.27542632170075369048408031082438 1.00000001440580301432243224786850
1.3970968278977144 1.0692535173446932 -11.27542632170075369048408031085535 1.00000001440580352918836505603297
1.3991727468335886 1.0693358217213072 -11.27542632170075369048408031085522 1.00000001440580409351869584443704
1.4012486658101296 1.0694181177022843 -11.27542632170075369048408031085330 1.00000001440580470731136613714947
1.4033245848309013 1.0695004052735791 -11.27542632170075369048408031085252 1.00000001440580537056710424387044
1.4054005038994675 1.0695826844211478 -11.27542632170075369048408031086668 1.00000001440580608328488879264529
1.4074764230193922 1.0696649551309479 -11.27542632170075369048408031086688 1.00000001440580684546680098573870
1.4095523421942391 1.0697472173889383 -11.27542632170075369048408031086674 1.00000001440580765711101519868678
1.4116282614275722 1.0698294711810794 -11.27542632170075369048408031086674 1.00000001440580851821802842241696
1.4137041807229554 1.0699117164933328 -11.27542632170075369048408031086662 1.00000001440580942878778380605256
1.4157801000839525 1.0699939533116618 -11.27542632170075369048408031086828 1.00000001440581038882018141521536
1.4178560195141272 1.0700761816220307 -11.27542632170075369048408031086817 1.00000001440581139831533170553505
1.4199319390170436 1.0701584014104055 -11.27542632170075369048408031087247 1.00000001440581245727287406782157
1.4220078585962655 1.0702406126627536 -11.27542632170075369048408031087321 1.00000001440581356569315048274420
1.4240837782553566 1.0703228153650436 -11.27542632170075369048408031089480 1.00000001440581472357527628819454
1.4261596979978808 1.0704050095032458 -11.27542632170075369048408031089462 1.00000001440581593092084441645674
1.4282356178274020 1.0704871950633317 -11.27542632170075369048408031089467 1.00000001440581718772818243794588
1.4303115377474840 1.0705693720312743 -11.27542632170075369048408031089419 1.00000001440581849399766707939916
1.4323874577616906 1.0706515403930480 -11.27542632170075369048408031089247 1.00000001440581984972974799060405
1.4344633778735855 1.0707337001346286 -11.27542632170075369048408031089292 1.00000001440582125492340874870192
1.4365392980867327 1.0708158512419934 -11.27542632170075369048408031089283 1.00000001440582270957936412395323
1.4386152184046960 1.0708979937011210 -11.27542632170075369048408031089176 1.00000001440582421369719827615678
1.4406911388310390 1.0709801274979916 -11.27542632170075369048408031089181 1.00000001440582576727689136614830
1.4427670593693257 1.0710622526185866 -11.27542632170075369048408031089096 1.00000001440582737031831809377255
1.4448429800231198 1.0711443690488891 -11.27542632170075369048408031089290 1.00000001440582902282138651294360
1.4469189007959850 1.0712264767748833 -11.27542632170075369048408031089289 1.00000001440583072478614671094233
1.4489948216914851 1.0713085757825552 -11.27542632170075369048408031089325 1.00000001440583247621230997665436
1.4510707427131840 1.0713906660578921 -11.27542632170075369048408031089317 1.00000001440583427709988515415035
1.4531466638646453 1.0714727475868825 -11.27542632170075369048408031089331 1.00000001440583612744891279289929
1.4552225851494328 1.0715548203555168 -11.27542632170075369048408031089736 1.00000001440583802725845525694351
1.4572985065711102 1.0716368843497864 -11.27542632170075369048408031089740 1.00000001440583997652980917969650
1.4593744281332413 1.0717189395556844 -11.27542632170075369048408031089728 1.00000001440584197526186806006764
1.4614503498393897 1.0718009859592054 -11.27542632170075369048408031089735 1.00000001440584402345472257390685
1.4635262716931192 1.0718830235463452 -11.27542632170075369048408031089708 1.00000001440584612110833808432295
1.4656021936979935 1.0719650523031013 -11.27542632170075369048408031089804 1.00000001440584826822255411907947
1.4676781158575763 1.0720470722154725 -11.27542632170075369048408031089720 1.00000001440585046479723199687025
1.4697540381754312 1.0721290832694591 -11.27542632170075369048408031089631 1.00000001440585271083230055466903
1.4718299606551220 1.0722110854510629 -11.27542632170075369048408031089613 1.00000001440585500632755136985296
1.4739058833002122 1.0722930787462871 -11.27542632170075369048408031089616 1.00000001440585735128292207999907
1.4759818061142656 1.0723750631411365 -11.27542632170075369048408031089598 1.00000001440585974569827063655151
1.4780577291008457 1.0724570386216171 -11.27542632170075369048408031089618 1.00000001440586218957342633950162
1.4801336522635163 1.0725390051737367 -11.27542632170075369048408031089629 1.00000001440586468290828994793281
1.4822095756058409 1.0726209627835044 -11.27542632170075369048408031089528 1.00000001440586722570270189848696
1.4842854991313831 1.0727029114369306 -11.27542632170075369048408031089479 1.00000001440586981795653038848248
1.4863614228437065 1.0727848511200276 -11.27542632170075369048408031089468 1.00000001440587245966957383696443
1.4884373467463748 1.0728667818188087 -11.27542632170075369048408031089478 1.00000001440587515084172566611369
1.4905132708429514 1.0729487035192890 -11.27542632170075369048408031089463 1.00000001440587789147284495741055
1.4925891951370000 1.0730306162074851 -11.27542632170075369048408031089487 1.00000001440588068156275048342203
1.4946651196320840 1.0731125198694149 -11.27542632170075369048408031089729 1.00000001440588352111124987195461
1.4967410443317671 1.0731944144910978 -11.27542632170075369048408031089421 1.00000001440588641011843151238711
1.4988169692396128 1.0732410806501395 -11.27542632170075369048408031089337 1.00000000467852324977143815522177
1.4999999999884922 1.0732410806501395 -11.27542632170075369048408031089357 1.00