0.0000000000000000 1.0132707337113031 -11.27542632170075369048408031526706 1.00000088525049945980660778297235
0.0162733201149798 1.0139346949186281 -11.27542632170075369048408031526708 1.00000088524905939052427455284383
0.0325466269938720 1.0145987264611414 -11.27542632170075369048408031526711 1.00000088524774368180449730031500
0.0488199217808877 1.0152628213514386 -11.27542632170075369048408031526945 1.00000088524655233877388233923109
0.0650932056202874 1.0159269726014875 -11.27542632170075369048408031526745 1.00000088524548536612386952166690
0.0813664796563757 1.0165911732226982 -11.27542632170075369048408031526913 1.00000088524454276811101113379123
0.0976397450334973 1.0172554162259919 -11.27542632170075369048408031526954 1.00000088524372454855723072308747
0.1139130028960320 1.0179196946218708 -11.27542632170075369048408031527110 1.00000088524303071084997939982473
0.1301862543883902 1.0185840014204871 -11.27542632170075369048408031527093 1.00000088524246125794237528078191
0.1464595006550081 1.0192483296317124 -11.27542632170075369048408031527251 1.00000088524201619235325478653708
0.1627327428403430 1.0199126722652073 -11.27542632170075369048408031527213 1.00000088524169551616719604893573
0.1790059820888691 1.0205770223304908 -11.27542632170075369048408031527253 1.00000088524149923103445109510332
0.1952792195450723 1.0212413728370093 -11.27542632170075369048408031527223 1.00000088524142733817086013827540
0.2115524563534460 1.0219057167942066 -11.27542632170075369048408031527154 1.00000088524147983835768239314900
0.2278256936584859 1.0225700472115927 -11.27542632170075369048408031527172 1.00000088524165673194136642836722
0.2440989326046862 1.0232343570988135 -11.27542632170075369048408031528177 1.00000088524195801883331114500520
0.2603721743365340 1.0238986394657201 -11.27542632170075369048408031528201 1.00000088524238369850948339956206
0.2766454199985056 1.0245628873224384 -11.27542632170075369048408031528176 1.00000088524293377001007778967332
0.2929186707350610 1.0252270936794381 -11.27542632170075369048408031528105 1.00000088524360823193905348371818
0.3091919276906398 1.0258912515476024 -11.27542632170075369048408031528223 1.00000088524440708246364080909695
0.3254651920096564 1.0265553539382971 -11.27542632170075369048408031528447 1.00000088524533031931378426929129
0.3417384648364954 1.0272193938634405 -11.27542632170075369048408031528425 1.00000088524637793978155418700874
0.3580117473155069 1.0278833643355720 -11.27542632170075369048408031528453 1.00000088524754994072045197421976
0.3742850405910015 1.0285472583679222 -11.27542632170075369048408031528438 1.00000088524884631854472141919204
0.3905583458072465 1.0292110689744817 -11.27542632170075369048408031528410 1.00000088525026706922856620559491
0.4068316641084604 1.0298747881920458 -11.27542632170075369048408031528943 1.00000088524920308693460835690233
0.4231049726575061 1.0305384088885626 -11.27542632170075369048408031529156 1.00000088524786799717859373254394
0.4393782689635630 1.0312019240813121 -11.27542632170075369048408031529142 1.00000088524665728747969173648600
0.4556515541708885 1.0318653267886881 -11.27542632170075369048408031529170 1.00000088524557096365635414298408
0.4719248294237852 1.0325286100302673 -11.27542632170075369048408031529136 1.00000088524460903108494901381499
0.4881980958665965 1.0331917668268787 -11.27542632170075369048408031529135 1.00000088524377149469953245281281
0.5044713546437019 1.0338547902006732 -11.27542632170075369048408031529047 1.00000088524305835899157207248476
0.5207446068995124 1.0345176731751922 -11.27542632170075369048408031529036 1.00000088524246962800961701692396
0.5370178537784657 1.0351804087754375 -11.27542632170075369048408031529024 1.00000088524200530535891276992498
0.5532910964250215 1.0358429900279402 -11.27542632170075369048408031529065 1.00000088524166539420096727731305
0.5695643359836572 1.0365054099608298 -11.27542632170075369048408031529066 1.00000088524144989725306728587089
0.5858375735988629 1.0371676616039038 -11.27542632170075369048408031529064 1.00000088524135881678774166434640
0.6021108104151370 1.0378297379886966 -11.27542632170075369048408031529089 1.00000088524139215463217166879594
0.6183840475769812 1.0384916321485488 -11.27542632170075369048408031529086 1.00000088524154991216756157775598
0.6346572862288963 1.0391533371186763 -11.27542632170075369048408031528746 1.00000088524183209032844709232792
0.6509305275153772 1.0398148459362394 -11.27542632170075369048408031528520 1.00000088524223868960195741278436
0.6672037725809086 1.0404761516404121 -11.27542632170075369048408031528482 1.00000088524276971002704339501051
0.6834770225699600 1.0411372472724509 -11.27542632170075369048408031528449 1.00000088524342515119363476290011
0.6997502786269810 1.0417981258757644 -11.27542632170075369048408031528451 1.00000088524420501224176215814489
0.7160235418963972 1.0424587804959816 -11.27542632170075369048408031528496 1.00000088524510929186063294591442
0.7322968135226050 1.0431192041810219 -11.27542632170075369048408031528502 1.00000088524613798828765252199828
0.7485700946499671 1.0437793899811633 -11.27542632170075369048408031528524 1.00000088524729109930740775359597
0.7648433864228079 1.0444393309491118 -11.27542632170075369048408031528517 1.00000088524856862225059557879623
0.7811166899854087 1.0450990201400704 -11.27542632170075369048408031528505 1.00000088524997055399291359233309
0.7973900064820034 1.0457584497875139 -11.27542632170075369048408031528485 1.00000088524928331375292391899379
0.8136633167108903 1.0464176126584258 -11.27542632170075369048408031529759 1.00000088524792947720540531317659
0.8299366145458199 1.0470765018173569 -11.27542632170075369048408031529765 1.00000088524670005766694284786473
0.8462099011310513 1.0477351103317057 -11.27542632170075369048408031529720 1.00000088524559506179687004884747
0.8624831776108900 1.0483934312717881 -11.27542632170075369048408031529743 1.00000088524461449579585160893788
0.8787564451296829 1.0490514577109055 -11.27542632170075369048408031529778 1.00000088524375836540536746274464
0.8950297048318138 1.0497091827254141 -11.27542632170075369048408031529775 1.00000088524302667590714981726365
0.9113029578616987 1.0503665993947933 -11.27542632170075369048408031529751 1.00000088524241943212258128486146
0.9275762053637812 1.0510237008017144 -11.27542632170075369048408031529077 1.00000088524193663841204993218745
0.9438494484825277 1.0516804800321095 -11.27542632170075369048408031529093 1.00000088524157829867424935737753
0.9601226883624229 1.0523369301752398 -11.27542632170075369048408031529126 1.00000088524134441634547771055514
0.9763959261479652 1.0529930443237647 -11.27542632170075369048408031529139 1.00000088524123499439883899883971
0.9926691629836618 1.0536488155738096 -11.27542632170075369048408031529038 1.00000088524125003534345480214826
1.0089424000140241 1.0543042370250354 -11.27542632170075369048408031529162 1.00000088524138954122359813957985
1.0252156383835633 1.0549593017807061 -11.27542632170075369048408031529006 1.00000088524165351361786369191368
1.0414888792367855 1.0556140029477579 -11.27542632170075369048408031567315 1.00000088524204195363786000423907
1.0577621237181871 1.0562683336368674 -11.27542632170075369048408031567238 1.00000088524255486192853047118435
1.0740353729722501 1.0569222869625200 -11.27542632170075369048408031567220 1.00000088524319223866495434708886
1.0903086281434376 1.0575758560430784 -11.27542632170075369048408031567084 1.00000088524395408355332595815345
1.1065818903761889 1.0582290340008507 -11.27542632170075369048408031567000 1.00000088524484039582892107838014
1.1228551608149150 1.0588818139621590 -11.27542632170075369048408031567029 1.00000088524585117425517037668891
1.1391284406039941 1.0595341890574074 -11.27542632170075369048408031566886 1.00000088524698641712251521097943
1.1554017308877664 1.0601861524211504 -11.27542632170075369048408031566755 1.00000088524824612224721606664607
1.1716750328105301 1.0608376971921611 -11.27542632170075369048408031566745 1.00000088524963028697014379092606
1.1879483475165361 1.0614888158451313 -11.27542632170075369048408031566201 1.00000088524932091213423683599716
1.2042216594400444 1.0621395010928780 -11.27542632170075369048408031566246 1.00000088524794940865762442619054
1.2204949588188490 1.0627897460895234 -11.27542632170075369048408031566160 1.00000088524670237269161139173841
1.2367682467972129 1.0634395439937555 -11.27542632170075369048408031566501 1.00000088524557981128127720315121
1.2530415245194462 1.0640888879688955 -11.27542632170075369048408031566502 1.00000088524458173099215994669695
1.2693147931299010 1.0647377711829659 -11.27542632170075369048408031566493 1.00000088524370813790966714677612
1.2855880537729670 1.0653861868087582 -11.27542632170075369048408031566404 1.00000088524295903763849862187039
1.3018613075930667 1.0660341280239007 -11.27542632170075369048408031566704 1.00000088524233443530200395799507
1.3181345557346509 1.0666815880109264 -11.27542632170075369048408031566966 1.00000088524183433554153985453145
1.3344077993421938 1.0673285599573401 -11.27542632170075369048408031566820 1.00000088524145874251576055145098
1.3506810395601884 1.0679750370556867 -11.27542632170075369048408031566811 1.00000088524120765989990750180591
1.3669542775331421 1.0686210125036184 -11.27542632170075369048408031566774 1.00000088524108109088506141562605
1.3832275144055717 1.0692664795039625 -11.27542632170075369048408031566830 1.00000088524107903817735615668703
1.3995007513219988 1.0699114312647885 -11.27542632170075369048408031566832 1.00000088524120150399717207283115
1.4157739894269453 1.0705558609994759 -11.27542632170075369048408031566837 1.00000088524144849007829578436774
1.4320472298649287 1.0711997619267812 -11.27542632170075369048408031566850 1.00000088524181999766705532265816
1.4483204737804572 1.0718431272709059 -11.27542632170075369048408031566835 1.00000088524231602752142414305825
1.4645937223180252 1.0724859502615630 -11.27542632170075369048408031566865 1.00000088524293657991009881681068
1.4808669766221090 1.0731282241340448 -11.27542632170075369048408031566800 1.00000088524368165461154751711136
1.4971402378371613 1.0732410360042222 -11.27542632170075369048408031566799 1.00000002733848777027284382392811
1.4999999975465974 1.0732410360042222 -11.27542632170075369048408031566555 1.00