0.0000000000000000 1.0128439564848865 -11.27542632170075369048408031526706 1.00000011265601825541395835765165
0.0058122565803077 1.0130810736138876 -11.27542632225356588878594091698747 1.00000011180061335954839785068915
0.0116245109863636 1.0133182007846973 -11.27542632280637577894256251468733 1.00000011190270380982303862684429
0.0174367632882022 1.0135553377161449 -11.27542632335918301935387657798690 1.00000011359701903935463780798521
0.0232490135618296 1.0137924840991356 -11.27542632391198728748504695544537 1.00000011214864476757417506912057
0.0290612618523824 1.0140296396285897 -11.27542632446478822906282930160772 1.00000011357996747552488997423553
0.0348735082435422 1.0142668039773570 -11.27542632501758580374243735721361 1.00000011194920775855634108531748
0.0406857527810521 1.0145039768372351 -11.27542632557038360603162705191592 1.00000011472144482229130698596114
0.0464979955572868 1.0147411578813282 -11.27542632612318295552446885507351 1.00000011125950339898043435070370
0.0523102365994199 1.0149783467976483 -11.27542632667598379618867304770330 1.00000011374435288389950056598570
0.0581224760089545 1.0152155432718104 -11.27542632722878607788979018704759 1.00000011248600186930439185964523
0.0639347138280260 1.0154527469697660 -11.27542632778158973934431914828166 1.00000011290048596138358314931158
0.0697469501320529 1.0156899575863545 -11.27542632833439472933041715891639 1.00000011266247173376217034090002
0.0755591849821240 1.0159271747733142 -11.27542632888720098908690906712716 1.00000011195370173037928094542098
0.0813714184403419 1.0161643982836457 -11.27542632944000846310064043754795 1.00000011271158316942289527796489
0.0871836505809300 1.0164016277277721 -11.27542632999281709550631441032000 1.00000011210743023698170531726125
0.0929958814613868 1.0166388628622041 -11.27542633054562682794273676500828 1.00000011339995571060613413607234
0.0988081111579185 1.0168761033302513 -11.27542633109843760483041234233114 1.00000011398118324983687381964319
0.1046203397315843 1.0171133487790402 -11.27542633165124936486587940957049 1.00000011315008189579349884359563
0.1104325672393694 1.0173505989638821 -11.27542633220406204816462695784390 1.00000011440113854394356512994298
0.1162447937587348 1.0175878534909051 -11.27542633275687559502170690881141 1.00000011307289186887513664468745
0.1220570193398832 1.0178251121203536 -11.27542633330968994222031069202251 1.00000011319526002794604781324383
0.1278692440563075 1.0180623744556799 -11.27542633386250502609009466084019 1.00000011296055520000545764944826
0.1336814679718400 1.0182996402568008 -11.27542633441532078384919720377725 1.00000011266292996451748938221460
0.1394936911506569 1.0185369091703373 -11.27542633496813714866775511969116 1.00000011308786395223867751977866
0.1453059136610257 1.0187741808740367 -11.27542633552095405390868407909558 1.00000011342862090839303979121128
0.1511181355676652 1.0190114550099512 -11.27542633607377143077009184890915 1.00000011240034619333105657145800
0.1569303569278448 1.0192487313427346 -11.27542633662658920976228960994925 1.00000011228817404878203697122884
0.1627425778126318 1.0194860094713938 -11.27542633717940731834479831858524 1.00000011226332809206822495516572
0.1685547982872360 1.0197232891602271 -11.27542633773222568444203626342003 1.00000011202244866956510781403785
0.1743670184160945 1.0199605701828987 -11.27542633828504423354136401001385 1.00000011150303137315403483400807
0.1801792382627751 1.0201978519549931 -11.27542633883786288929991294157017 1.00000011397466455042930286440781
0.1859914579098515 1.0204351342884952 -11.27542633939068157535783933795928 1.00000011321796022585649148929424
0.1918036774042008 1.0206724168245155 -11.27542633994350021096824547876208 1.00000011258382224080289990660515
0.1976158968117435 1.0209096992842136 -11.27542634049631871478181847192530 1.00000011240698135051644941519373
0.2034281162000441 1.0211469813523262 -11.27542634104913700425804587824677 1.00000011343961455948665533927004
0.2092403356412003 1.0213842627565289 -11.27542634160195499627941135130187 1.00000011265583668187530665902658
0.2150525551897485 1.0216215430907239 -11.27542634215477260314866317495221 1.00000011297801316324379351170469
0.2208647749174054 1.0218588221262612 -11.27542634270758973813458778805660 1.00000011299566641194425072619798
0.2266769948871122 1.0220960994995372 -11.27542634326040631125437104476050 1.00000011261698799475262423493184
0.2324892151622270 1.0223333748489640 -11.27542634381322223122956354920066 1.00000011287220693938384833979774
0.2383014358116221 1.0225706479440477 -11.27542634436603740536675142937630 1.00000011351027058138961408649546
0.2441136569027106 1.0228079184194500 -11.27542634491885173882219305448071 1.00000011288374707610456061463073
0.2499258784934320 1.0230451861575817 -11.27542634547166513502252255957011 1.00000011120803340218995524049374
0.2557381006429058 1.0232824504035374 -11.27542634602447749357282666814447 1.00000011231631895694503657703004
0.2615503234329424 1.0235197110998061 -11.27542634657728871715416305667778 1.00000011302084439285913216436384
0.2673625469256440 1.0237569679068411 -11.27542634713009870312534362518764 1.00000011193278090163227142096673
0.2731747711754709 1.0239942205111428 -11.27542634768290734697463433457795 1.00000011232256618787751641761873
0.2789869962562830 1.0242314686455723 -11.27542634823571454210747928347733 1.00000011271190774344688113957234
0.2847992222335183 1.0244687119359575 -11.27542634878852018239073436930687 1.00000011185409930813777107257010
0.2906114491652524 1.0247059500231479 -11.27542634934132415627387821719291 1.00000011339982309729172670350399
0.2964236771302773 1.0249431826764384 -11.27542634989412635406084902886530 1.00000011279865582998704144481586
0.3022359061817439 1.0251804095403846 -11.27542635044692665944284832196582 1.00000011384171128852438969152532
0.3080481363948176 1.0254176302869149 -11.27542635099972495755676815768140 1.00000011326095025335251166930157
0.3138603678247737 1.0256548445600387 -11.27542635155252112839295340279906 1.00000011240572581537512727501557
0.3196726005356608 1.0258920521310093 -11.27542635210531505167450625772463 1.00000011234943413646776286324489
0.3254848345967042 1.0261292526428611 -11.27542635265810660433456175086199 1.00000011278378704135004217422650
0.3312970700758984 1.0263664457635484 -11.27542635321089566109831387637201 1.00000011408553849812750202510556
0.3371093070433249 1.0266036311822175 -11.27542635376368209405265569198077 1.00000011460123509763728797173917
0.3429215455597332 1.0268408085411525 -11.27542635431646577161431598751892 1.00000011226725841358140075708540
0.3487337856745309 1.0270779776151808 -11.27542635486924655886764946787262 1.00000011193680872667675388752593
0.3545460274637849 1.0273151380356947 -11.27542635542202431972410265276917 1.00000011179657056499524188186023
0.3603582709936803 1.0275522897074625 -11.27542635597479891644440096017320 1.00000011272587875422716001390055
0.3661705163358370 1.0277894318155737 -11.27542635652757020482973504894745 1.00000011259099084983254264072653
0.3719827635499223 1.0280265643071266 -11.27542635708033803902496906746228 1.00000011380385250802888461078992
0.3777950127080192 1.0282636868690586 -11.27542635763310227083722387299063 1.00000011328746246047228433634709
0.3836072638654841 1.0285007992836607 -11.27542635818586312960123784195156 1.00000011266456940907265342828669
0.3894195170867089 1.0287379010586643 -11.27542635873862344067506697192092 1.00000011245663719560732978309359
0.3952317724394994 1.0289749919204913 -11.27542635929138374027251986361160 1.00000011251657388856191582652343
0.4010440280600579 1.0292120714172134 -11.27542635984414418647247049343478 1.00000011200394766770980021887851
0.4068562815366768 1.0294491391553114 -11.27542636039690486376712169310693 1.00000011240664347825667351613793
0.4126685329390063 1.0296861949494441 -11.27542636094966585737638070342826 1.00000011117075624756031750401831
0.4184807823235497 1.0299232384035770 -11.27542636150242724099728624458460 1.00000011327434434880585285137978
0.4242930297749074 1.0301602691690239 -11.27542636205518908428105928065263 1.00000011315182572165336614374006
0.4301052753453388 1.0303972870154123 -11.27542636260795145094274284297399 1.00000011256707226381690156168692
0.4359175190973507 1.0306342915695226 -11.27542636316071440177445338473330 1.00000011408571342863836285316049
0.4417297611083756 1.0308712824960009 -11.27542636371347799443361773858427 1.00000011426492488771375409810375
0.4475420014358369 1.0311082595634979 -11.27542636426624259776733373484390 1.00000011402308169701619675624039
0.4533542401422890 1.0313452223704294 -11.27542636481900881508473479318466 1.00000011260920612112307841922189
0.4591664772861253 1.0315821706444333 -11.27542636537177660973047718850769 1.00000011340699680307498270282486
0.4649787129447101 1.0318191039814062 -11.27542636592454591322918711302166 1.00000011485178077303502959760201
0.4707909471870233 1.0320560222488138 -11.27542636647731665601543296883702 1.00000011347968334679245434845640
0.4766031800627947 1.0322929250494271 -11.27542636703008876376447249605254 1.00000011291950098661497726817726
0.4824154116411445 1.0325298118402284 -11.27542636758286216573394444403594 1.00000011206494436131605657096098
0.4882276419854167 1.0327666826263218 -11.27542636813563678890012910861084 1.00000011171197442488292496720599
0.4940398711645925 1.0330035369009203 -11.27542636868841255930032264487676 1.00000011289028986068188867838495
0.4998520992529221 1.0332403743890181 -11.27542636924118940290147951741319 1.00000011306285064844690795992150
0.5056643263096115 1.0334771947897073 -11.27542636979396724271578523690352 1.00000011193535934298223581114095
0.5114765523915916 1.0337139978022333 -11.27542637034674600115176175791600 1.00000011295285650285383117402678
0.5172887775772848 1.0339507832448081 -11.27542637089952560127487937680212 1.00000011274949835564933189306976
0.5231010019242271 1.0341875504416880 -11.27542637145230596266756418047642 1.00000011378443527171953125906741
0.5289132255055445 1.0344242993474352 -11.27542637200508700531794585979294 1.00000011163976836456477089798090
0.5347254483678308 1.0346610295509743 -11.27542637255786864522770844865245 1.00000011465812003327560186199369
0.5405376706063152 1.0348977407620470 -11.27542637311065080066466830210608 1.00000011397282864289438448945423
0.5463498922646645 1.0351344326812014 -11.27542637366343338479002125282943 1.00000011293286974647893567322119
0.5521621134055113 1.0353711049572611 -11.27542637421621631153254744525953 1.00000011179100542658608713505260
0.5579743340934902 1.0356077572910740 -11.27542637476899949140245108665587 1.00000011396059090019632435637447
0.5637865544130783 1.0358443893365903 -11.27542637532178283856040573177162 1.00000011149961403954285245087209
0.5695987744030646 1.0360810007852056 -11.27542637587456625714858906593516 1.00000011482169140099219008289657
0.5754109941617190 1.0363175912177068 -11.27542637642734965952214650624528 1.00000011194903933126694435282109
0.5812232137182622 1.0365541606399978 -11.27542637698013294732414813063017 1.00000011300457463933999229588556
0.5870354331607213 1.0367907084691362 -11.27542637753291602761130988751315 1.00000011486184726213016061093061
0.5928476525589952 1.0370272343751774 -11.27542637808569880349301483420565 1.00000011371396917006817329252147
0.5986598719609504 1.0372637381831353 -11.27542637863848117506668773919315 1.00000011321424155601963599246207
0.6044720914355767 1.0375002193841409 -11.27542637919126309394294659524138 1.00000011256432120815383578742897
0.6102843110475926 1.0377366779320180 -11.27542637974404473884790199504076 1.00000011270552313694350004624908
0.6160965308668122 1.0379731133478749 -11.27542638029682602137829560102636 1.00000011339024803813712520204884
0.6219087509612189 1.0382095253018508 -11.27542638084960682351433815049823 1.00000011205434040702560045683772
0.6277209713843063 1.0384459135369827 -11.27542638140238702221162443224867 1.00000011254163572744399424148449
0.6335331922118816 1.0386822774943224 -11.27542638195516649356323974102704 1.00000011268405617106529163461952
0.6393454135070178 1.0389186173556702 -11.27542638250794510960519680354384 1.00000011367665652534184349143303
0.6451576353394086 1.0391549326582162 -11.27542638306072274037263214526364 1.00000011370442397993415238727922
0.6509698577685828 1.0393912225528147 -11.27542638361349925313656316097570 1.00000011366294961270876873770231
0.6567820808592938 1.0396274872792547 -11.27542638416627451281417449108382 1.00000011315359474121501968641194
0.6625943046740737 1.0398637262716656 -11.27542638471904838280729774585585 1.00000011331911612267896014207813
0.6684065292820625 1.0400999392665590 -11.27542638527182072558852808971830 1.00000011396248590998133414275836
0.6742187547513170 1.0403361261171243 -11.27542638582459140204574036753064 1.00000011270457548394084141336015
0.6800309811365747 1.0405722865940510 -11.27542638637736057438076417338675 1.00000011322555981485091591749782
0.6858432085125782 1.0408084196020198 -11.27542638693012893483681554187640 1.00000011232383238552831729411936
0.6916554369362572 1.0410445257403862 -11.27542638748289651910833291962897 1.00000011429920090556711144355914
0.6974676664897042 1.0412806042252972 -11.27542638803566332214836750564305 1.00000011307168074435498469753955
0.7032798972201080 1.0415166548777045 -11.27542638858842933990760081045290 1.00000011257547061731640161000913
0.7090921291961444 1.0417526771159391 -11.27542638914119457651964421673226 1.00000011123341352852182564424238
0.7149043624789314 1.0419886714212897 -11.27542638969395904060331361889536 1.00000011122958278676873479639395
0.7207165971413870 1.0422246363886235 -11.27542639024672274722252318490525 1.00000011229101812214347734496164
0.7265288332541014 1.0424605727172705 -11.27542639079948571481253106051430 1.00000011335389140590885265592843
0.7323410708822856 1.0426964791321501 -11.27542639135224796716642127830126 1.00000011234729964752618960259035
0.7381533100800261 1.0429323558927547 -11.27542639190500953141954647078265 1.00000011303272823553645748442255
0.7439655509214824 1.0431682026957928 -11.27542639245777043916476649592645 1.00000011276313557363706306438633
0.7497777934662055 1.0434040189949436 -11.27542639301053072576316110385938 1.00000011280725629845556708078160
0.7555900377813895 1.0436398046120452 -11.27542639356329043044624255047754 1.00000011394510146284941191413032
0.7614022839386168 1.0438755591025309 -11.27542639411604959551909643167238 1.00000011111372705580581816039886
0.7672145319800081 1.0441112823495606 -11.27542639466880826390917183549554 1.00000011499932103977252813469325
0.7730267820105600 1.0443469739971746 -11.27542639522156648524691449064828 1.00000011475099642037344823285282
0.7788390340716501 1.0445826334739197 -11.27542639577432434449467552477956 1.00000011593476476494519938168730
0.7846512882365774 1.0448182608725736 -11.27542639632708232781373257253829 1.00000011359287600805421782281761
0.7904635445492317 1.0450538557735980 -11.27542639687984067561610711846897 1.00000011270796474373932209308512
0.7962757992223992 1.0452894169596463 -11.27542639743259939349844263299679 1.00000011137626214990519630180425
0.8020880517752951 1.0455249450587187 -11.27542639798535858634846491447217 1.00000011367005989831763400908405
0.8079003022937498 1.0457604393745709 -11.27542639853811830068573194786487 1.00000011408186380660120981953635
0.8137125508324265 1.0459958996721298 -11.27542639909087857606026594002605 1.00000011459046124992015703498394
0.8195247974579839 1.0462313255442490 -11.27542639964363945110178940952557 1.00000011413932996604153320004067
0.8253370422297794 1.0464667167984910 -11.27542640019640096831443637468231 1.00000011298913999855952370814788
0.8311492852079118 1.0467020729960679 -11.27542640074916317861374357013706 1.00000011219710764817334126537412
0.8369615264598836 1.0469373938659891 -11.27542640130192611695189020166869 1.00000011346070909650836953645746
0.8427737660626513 1.0471726791340223 -11.27542640185468981382353591466365 1.00000011470205784933693281198176
0.8485860040812966 1.0474079285436673 -11.27542640240745429256615957423121 1.00000011313150621227979677914037
0.8543982405639473 1.0476431416683145 -11.27542640296021957067750565497060 1.00000011325382458146555801701696
0.8602104755858835 1.0478783182507699 -11.27542640351298566297963282969300 1.00000011269747476319900037706995
0.8660227092089332 1.0481134578602690 -11.27542640406575257777899913292313 1.00000011501602784633115340254826
0.8718349415141900 1.0483485603522096 -11.27542640461852032051471325393170 1.00000011297182115481013360122498
0.8776471725424776 1.0485836252701174 -11.27542640517128888624780251976627 1.00000011236336260771431366387252
0.8834594023664793 1.0488186523827324 -11.27542640572405826660284252597190 1.00000011341141927486878893390205
0.8892716310611067 1.0490536415300544 -11.27542640627682844821560469910595 1.00000011179308953774074470565864
0.8950838586761034 1.0492885917994960 -11.27542640682959940884735476305500 1.00000011032783122707135256751878
0.9008960852776260 1.0495235036318831 -11.27542640738237112267975849716306 1.00000011340875520121635409982570
0.9067083109574996 1.0497583762308865 -11.27542640793514355818363182301117 1.00000011140528668207224319826360
0.9125205357514177 1.0499932095152071 -11.27542640848791667207336096413615 1.00000011341635299706912466407405
0.9183327597485195 1.0502280030191152 -11.27542640904069042132141599162645 1.00000011344470126454973204415500
0.9241449830018878 1.0504627564872881 -11.27542640959346475188727404247053 1.00000011216534251657006180556814
0.9299572055691489 1.0506974695456556 -11.27542641014623960515917677443349 1.00000011322110147385597734977774
0.9357694275290955 1.0509321420051700 -11.27542641069901491696339067986375 1.00000011303547914103943432880786
0.9415816489404720 1.0511667734609785 -11.27542641125179061733669355472822 1.00000011419940183066676285958643
0.9473938698757972 1.0514013636817265 -11.27542641180456662914369608644255 1.00000011322298559507146517945269
0.9532060903883687 1.0516359122392899 -11.27542641235734286913276139854278 1.00000010854906731137086943308149
0.9590183105212198 1.0518704191047857 -11.27542641291011924728700115707493 1.00000011263326420616482589206615
0.9648305303905350 1.0521048832903646 -11.27542641346289567552708164045303 1.00000011481072644953264539826073
0.9706427500504668 1.0523393052286428 -11.27542641401567205431178850278618 1.00000011228849906591904285872253
0.9764549695389419 1.0525736840023657 -11.27542641456844827797049774149840 1.00000011396319020917594434111297
0.9822671889455917 1.0528080200892693 -11.27542641512122424036419564633431 1.00000011059469480942941702736806
0.9880794083063432 1.0530423123982559 -11.27542641567399982627586529396884 1.00000011212465239207443922115598
0.9938916277149099 1.0532765606926891 -11.27542641622677492200901301500015 1.00000011311970061313188420686308
0.9997038472333997 1.0535107652733775 -11.27542641677954941831063353264326 1.00000011357544910039724966358712
1.0055160669239070 1.0537449251911959 -11.27542641733232350421377502225908 1.00000011272020340042555218914306
1.0113282868440534 1.0539790404608229 -11.27542641788509731326654236489374 1.00000011444816824001196505399882
1.0171405070740768 1.0542131106119042 -11.27542641843787078523047035421431 1.00000011200251368672351874104326
1.0229527276549528 1.0544471356384066 -11.27542641899064385863142104322288 1.00000011130988908868487361981703
1.0287649486621322 1.0546811145012773 -11.27542641954341647879769205983184 1.00000011207083757297571839075087
1.0345771701692722 1.0549150476721573 -11.27542642009618859276726463798653 1.00000011226208076186563572654709
1.0403893922382905 1.0551489344726656 -11.27542642064896015122718445922633 1.00000011407355450779046359780659
1.0462016149438067 1.0553827743642559 -11.27542642120173110912832157869843 1.00000011234270795191192039337676
1.0520138383304667 1.0556165678072302 -11.27542642175450142384179439101888 1.00000011531114415212734300900391
1.0578260624907967 1.0558503137665341 -11.27542642230727106134517081546686 1.00000011193437900731222597002990
1.0636382874531535 1.0560840121689742 -11.27542642286003998695158769744953 1.00000011411554077887688722724465
1.0694505133150750 1.0563176624111220 -11.27542642341280817683814150371269 1.00000011433805835825363036651685
1.0752627401303719 1.0565512649763791 -11.27542642396557560878199140765428 1.00000011703147151146329530017383
1.0810749679786234 1.0567848187600876 -11.27542642451834226799363121675545 1.00000011574359566066353388443612
1.0868871969019037 1.0570183237579181 -11.27542642507110814149281381310889 1.00000011541276334461103446540416
1.0926994269709878 1.0572517795939853 -11.27542642562387322338262726844370 1.00000011230899793634198987591762
1.0985116582349997 1.0574851859851883 -11.27542642617663751357852160893568 1.00000011421162408037727691080191
1.1043238907882502 1.0577185426361726 -11.27542642672940101958269368351040 1.00000011368002983639930708013013
1.1101361246818460 1.0579518489367887 -11.27542642728216375128160179586613 1.00000011245273163058841845593471
1.1159483599769425 1.0581851053710322 -11.27542642783492572401697460506392 1.00000011405116507054729961170515
1.1217605967551863 1.0584183107976613 -11.27542642838768695963830085433397 1.00000011286485028814467463412877
1.1275728350655926 1.0586514653209450 -11.27542642894044748170214415706238 1.00000011373405962606769022708911
1.1333850749853453 1.0588845683979159 -11.27542642949320732110903107696804 1.00000011309948575810549781755488
1.1391973165709429 1.0591176198659768 -11.27542643004596651028292396317330 1.00000011457843178831939103834775
1.1450095598996925 1.0593506192816284 -11.27542643059872508751777340032293 1.00000011469992474243836972098026
1.1508218050288435 1.0595835668624615 -11.27542643115148309208883876149817 1.00000011145385576160967624664131
1.1566340520032998 1.0598164616094597 -11.27542643170424056526746359562767 1.00000011400506968472299709008825
1.1624463009226783 1.0600493034457887 -11.27542643225699755640813056279197 1.00000011273552325089204381749244
1.1682585518301613 1.0602820921121164 -11.27542643280975410967095688460646 1.00000011434433269088233958416880
1.1740708048076457 1.0605148272686700 -11.27542643336251027585876161646211 1.00000011203779194597601868153377
1.1798830598973585 1.0607475085524880 -11.27542643391526615955053813761924 1.00000011250499981473988463227812
1.1856953157844053 1.0609801355040948 -11.27542643446802235009818063907409 1.00000011259908287117802280575816
1.1915075695220062 1.0612127076567663 -11.27542643502077881183382443701864 1.00000011307951432032804916323985
1.1973198211785645 1.0614452252998229 -11.27542643557353578092087464126620 1.00000011292039587742076356186985
1.2031320708147025 1.0616776874700932 -11.27542643612629337004638719927200 1.00000011259551462430365407822653
1.2089443184944646 1.0619100940912490 -11.27542643667905160786007591559742 1.00000011211800762470787068022879
1.2147565642824361 1.0621424448470733 -11.27542643723181052160983018517950 1.00000011328193520753736288983729
1.2205688082531978 1.0623747394258666 -11.27542643778457013483335484770137 1.00000011264885030053147229635049
1.2263810504617469 1.0626069775165137 -11.27542643833733046815360825325330 1.00000011205434794734120819345904
1.2321932909735439 1.0628391588084081 -11.27542643889009156208829254323322 1.00000011370832806369042733489607
1.2380055298665342 1.0630712829899064 -11.27542643944285344054907410936731 1.00000011392158403475598735030861
1.2438177671979087 1.0633033499144462 -11.27542643999561611407850862763751 1.00000011066620967797791269380987
1.2496300030123949 1.0635353587448500 -11.27542644054837958687200581109148 1.00000011155895599635256165285013
1.2554422373996817 1.0637673096922047 -11.27542644110114386237351131664857 1.00000011288358702407667382729554
1.2612544704279876 1.0639992023908328 -11.27542644165390893655109293770542 1.00000011253950542236835235784446
1.2670667021522046 1.0642310363703119 -11.27542644220667479750915287125134 1.00000011456283420417054349066852
1.2728789326511581 1.0644628113730002 -11.27542644275944143050409655728911 1.00000011287073496348371633939272
1.2786911619685752 1.0646945270920023 -11.27542644331220881086832490883266 1.00000011302984040763295452126328
1.2845033901803781 1.0649261832692268 -11.27542644386497691186910162182085 1.00000011519671499068490888528735
1.2903156173634702 1.0651577795143135 -11.27542644441774570032808380209598 1.00000011208325518962663208684702
1.2961278435523840 1.0653893155153772 -11.27542644497051513214451766661680 1.00000011371113653495672245001171
1.3019400688399458 1.0656207908907608 -11.27542644552328516388351620638833 1.00000011138724284922997721076009
1.3077522932682760 1.0658522052309064 -11.27542644607605573894398952069698 1.00000011322782290298962631131108
1.3135645169267689 1.0660835590427538 -11.27542644662882680036993315439397 1.00000011200704021594137388393519
1.3193767398629195 1.0663148510390704 -11.27542644718159828117689821983919 1.00000011444394012926778031669182
1.3251889621632300 1.0665460812599419 -11.27542644773437011095138178655171 1.00000011345572334107769937840821
1.3310011838729685 1.0667772494028313 -11.27542644828714220962086556817162 1.00000011582862734138795250731044
1.3368134050768691 1.0670083549027299 -11.27542644883991449535813011031820 1.00000011269851587941825619472219
1.3426256258081862 1.0672393981997477 -11.27542644939268687572708867057379 1.00000011260798325810982514812244
1.3484378461504802 1.0674703782466310 -11.27542644994545925687938550572996 1.00000011243687374264724382275949
1.3542500661678126 1.0677012947530334 -11.27542645049823153799541592540471 1.00000011385862057331028889013331
1.3600622859353731 1.0679321481640330 -11.27542645105100377885514928351189 1.00000011262837741436203048623980
1.3658745055024197 1.0681629373078989 -11.27542645160377617740613287035786 1.00000011374438308458724441111022
1.3716867249477366 1.0683936622609623 -11.27542645215654868238967560844511 1.00000011083730470336708232226304
1.3774989443131621 1.0686243226171284 -11.27542645270932122553429929507830 1.00000011531139244676790118340176
1.3833111637068658 1.0688549181680936 -11.27542645326209374399440164257746 1.00000011279840448225943393954756
1.3891233831534671 1.0690854485307189 -11.27542645381486616749242780043762 1.00000011361031194788998251867636
1.3949356027375625 1.0693159131791637 -11.27542645436763843046049186091203 1.00000011255067642313498144208922
1.4007478225135041 1.0695463124694254 -11.27542645492041046871733142704042 1.00000011243341983506279429275914
1.4065600425520434 1.0697766454186086 -11.27542645547318221805786223772339 1.00000011209848119382679899396468
1.4123722629171068 1.0700069117983246 -11.27542645602595361726687312809576 1.00000011072711575225813408325361
1.4181844836679387 1.0702371118473765 -11.27542645657872460783320278283928 1.00000011130583873684679132675914
1.4239967048811625 1.0704672446773835 -11.27542645713149513509788194331999 1.00000011281819385869922374905238
1.4298089266274381 1.0706973101761383 -11.27542645768426514702488506771051 1.00000011430895089670610622586201
1.4356211489719095 1.0709273080074686 -11.27542645823703459493033572922850 1.00000011326961769086172325189184
1.4414333719650483 1.0711572381112839 -11.27542645878980343367824088174139 1.00000011462908972386421037746570
1.4472455956860057 1.0713870995057782 -11.27542645934257162484226824747822 1.00000011265795651270937695311491
1.4530578201805749 1.0716168927471088 -11.27542645989533913156198080580189 1.00000011492583493221753086562809
1.4588700455386794 1.0718466169536250 -11.27542646044810592592658666866998 1.00000011488072070758703666973472
1.4646822718121030 1.0720762719541257 -11.27542646100087198207423440256858 1.00000011384618331998866598564256
1.4704944990603275 1.0723058574507277 -11.27542646155363727991140148217934 1.00000011375949751461542915597894
1.4763067273540922 1.0725353731950192 -11.27542646210640180548204574297576 1.00000011066705333327548539177119
1.4821189567411666 1.0727648186369190 -11.27542646265916554867318157443467 1.00000011282173862738326960872963
1.4879311873172769 1.0729941940209003 -11.27542646321192850891243004741702 1.00000011301304008254356794751489
1.4937434191361879 1.0732234985348591 -11.27542646376469068766578510129069 1.00000011397514842524255678740175
1.4995556522676262 1.0732410260222317 -11.27542646431745209236821901554348 1.00000000079237887726059776487801
1.4999999999497075 1.0732410260222317 -11.27542646435971089880521977095612 1.00