0.0000000000000000 1.0187213983026227 -11.27542632170075369048408031526694 1.00000002195692074805756197326430
0.0025628728080143 1.0188260228593598 -11.27542632170517534554187775809961 1.00000002195691669925266277291391
0.0051257455326511 1.0189306478843983 -11.27542632170959702584172220780184 1.00000002195691292766609989529220
0.0076886181783812 1.0190352733504324 -11.27542632171401872487056608927984 1.00000002195690941650704865946564
0.0102514907496755 1.0191398992301559 -11.27542632171844043615902390451638 1.00000002195690615047143505805074
0.0128143632510048 1.0192445254962629 -11.27542632172286215327647083179720 1.00000002195690311560651587833389
0.0153772356868399 1.0193491521214469 -11.27542632172728386982666402695917 1.00000002195692053777403947926979
0.0179401080616517 1.0194537790784018 -11.27542632173170558563263430800887 1.00000002195689754966184614723011
0.0205029803799110 1.0195584063398210 -11.27542632173612734837944108401706 1.00000002195689514794226108756179
0.0230658526460885 1.0196630338783982 -11.27542632174054916105532122881981 1.00000002195689293197774090695192
0.0256287248646550 1.0197676616668267 -11.27542632174497101771357614839151 1.00000002195689089300699974996436
0.0281915970400814 1.0198722896778000 -11.27542632174939291239535142628614 1.00000002195688902302632393599463
0.0307544691768384 1.0199769178840113 -11.27542632175381483912962249970285 1.00000002195688731472479827510661
0.0333173412793968 1.0200815462581540 -11.27542632175823679193324643962897 1.00000002195688576141732127038495
0.0358802133522273 1.0201861747729213 -11.27542632176265876481106960182953 1.00000002195688435699609802550894
0.0384430853998008 1.0202908034010064 -11.27542632176708075175608225844840 1.00000002195688309587186407736849
0.0410059574265878 1.0203954321151025 -11.27542632177150274674961249662426 1.00000002195688197293140378619977
0.0435688294370593 1.0205000608879028 -11.27542632177592474376155270528301 1.00000002195688098349451627527283
0.0461317014356859 1.0206046896921003 -11.27542632178034673675061287724319 1.00000002195688012327558935951858
0.0486945734269383 1.0207093185004094 -11.27542632178476871966459574755493 1.00000002215938636044999016261636
0.0512574454158062 1.0208139472854809 -11.27542632178919071515153657705704 1.00000002195689949329883015421504
0.0538203174057223 1.0209185760200291 -11.27542632179361276332073145512530 1.00000002195689678923489972968666
0.0563831894016758 1.0210232046767471 -11.27542632179803485941543673797845 1.00000002195689440057996306674075
0.0589460614081367 1.0211278332283280 -11.27542632180245699694437383935951 1.00000002195689230603981132692963
0.0615089334295754 1.0212324616474650 -11.27542632180687916949482816007073 1.00000002195689048629178963402489
0.0640718054704621 1.0213370899068514 -11.27542632181130137072362575551849 1.00000002195688892379979198989287
0.0666346775352671 1.0214417179791803 -11.27542632181572359434905827867549 1.00000002195688760264603184660659
0.0691975496284606 1.0215463458371452 -11.27542632182014583414365697994010 1.00000002195688650837913333459690
0.0717604217545129 1.0216509734534392 -11.27542632182456808392772700013165 1.00000002195688562787681371934859
0.0743232939178943 1.0217556008007560 -11.27542632182899033756356254456287 1.00000002195688494922081209167673
0.0768861661230751 1.0218602278517888 -11.27542632183341258895027189103167 1.00000002195688446158445956191563
0.0794490383745255 1.0219648545792314 -11.27542632183783483201914866699409 1.00000002195688305582280398621341
0.0820119106767160 1.0220694809557772 -11.27542632184225706097692129419769 1.00000002195688122374825623640463
0.0845747830341167 1.0221741069541201 -11.27542632184667930662089203587598 1.00000002195688404494769749495857
0.0871376554511980 1.0222787325469538 -11.27542632185110160310838642575561 1.00000002195688422449506873661993
0.0897005279324302 1.0223833577069723 -11.27542632185552394505677851379367 1.00000002195688455470256040862616
0.0922634004822836 1.0224879824068695 -11.27542632185994632645904456875183 1.00000002195688502940176758127033
0.0948262731052285 1.0225926066193397 -11.27542632186436874130462773332868 1.00000002195688564297929905011526
0.0973891458057351 1.0226972303170770 -11.27542632186879118357882221009870 1.00000002195688639032573908069521
0.0999520185882739 1.0228018534679269 -11.27542632187321364726226303215830 1.00000002195688523153473159370377
0.1025148913385347 1.0229064760424424 -11.27542632187763612612554133540926 1.00000002195688329865892332692111
0.1050777640085228 1.0230110980133181 -11.27542632188205861404826799303467 1.00000002195688148680379778339772
0.1076406366027089 1.0231157193532490 -11.27542632188648110499491064743033 1.00000002195687979245005983057570
0.1102035091255632 1.0232203400349303 -11.27542632189090359292405786656427 1.00000002195687821238904404679292
0.1127663815815565 1.0233249600310572 -11.27542632189532607178827066452059 1.00000002195687674369397515081194
0.1153292539751589 1.0234295793143252 -11.27542632189974853553398170733505 1.00000002195690015860563801395651
0.1178921263108413 1.0235341978574299 -11.27542632190417098374299966343277 1.00000002195687417520518788015553
0.1204549985930737 1.0236388156330672 -11.27542632190859347433206749973393 1.00000002195687303185176898690720
0.1230178708263269 1.0237434326139331 -11.27542632191301601289247464104252 1.00000002195687198985325219205337
0.1255807430150712 1.0238480487727238 -11.27542632191743859319152656779079 1.00000002195687104740352680160762
0.1281436151637771 1.0239526640821359 -11.27542632192186120897443686187277 1.00000002195687020285124346846270
0.1307064872769151 1.0240572785148660 -11.27542632192628385396611526563300 1.00000002195686945468498458964232
0.1332693593589556 1.0241618920436110 -11.27542632193070652187282779321002 1.00000002195686880152080804671573
0.1358322314143691 1.0242665046410680 -11.27542632193512920638373914009649 1.00000002195686824209060824642971
0.1383951034476261 1.0243711162799345 -11.27542632193955190117234683234265 1.00000002195686777523188062465784
0.1409579754631970 1.0244757269329079 -11.27542632194397459989781581298838 1.00000002195686739987760593568338
0.1435208474655522 1.0245803365726863 -11.27542632194839729620622147559341 1.00000002195686711504843137390947
0.1460837194591623 1.0246849451719862 -11.27542632195281998373170851933983 1.00000002213403390284478402706413
0.1486465914489517 1.0247895527034691 -11.27542632195724266399990599460052 1.00000002195689382262694936875846
0.1512094634384827 1.0248941591398520 -11.27542632196166538494127076745260 1.00000002195689118941310492746940
0.1537723354326793 1.0249987644538339 -11.27542632196608814507994278009609 1.00000002195688886059788277162488
0.1563352074360115 1.0251033686181141 -11.27542632197051093796113891438637 1.00000002195688681612826204325129
0.1588980794529495 1.0252079716053921 -11.27542632197493375721512921706862 1.00000002195688503780315420899909
0.1614609514879631 1.0253125733883676 -11.27542632197935659654808073002475 1.00000002195688350909989589141826
0.1640238235455226 1.0254171739397408 -11.27542632198377944973381732310467 1.00000002195688221501644165338120
0.1665866956300980 1.0255217732322122 -11.27542632198820231060640142904710 1.00000002195688114192707234825704
0.1691495677461594 1.0256263712384825 -11.27542632199262517305345344833215 1.00000002195688027745642323911006
0.1717124398981769 1.0257309679312527 -11.27542632199704803101013342117822 1.00000002195687961035946794733091
0.1742753120906207 1.0258355632832244 -11.27542632200147087845371746261164 1.00000002195687913041710289647861
0.1768381843279608 1.0259401572670992 -11.27542632200589370939870852395863 1.00000002195687882833944674280787
0.1794010566146675 1.0260447498555793 -11.27542632201031651789242736669494 1.00000002195686969084890121476469
0.1819639289552108 1.0261493410213672 -11.27542632201473930007034904697928 1.00000002195687864238387377528379
0.1845268013540609 1.0262539307371656 -11.27542632201916210191837639438759 1.00000002195687881799113236681530
0.1870896738156880 1.0263585189756777 -11.27542632202358494966550167518029 1.00000002195687914287471760582424
0.1896525463445621 1.0264631057096072 -11.27542632202800783719199261939808 1.00000002195687961116971636078330
0.1922154189451535 1.0265676909116579 -11.27542632203243075837544507548059 1.00000002195688021753446230873656
0.1947782916219323 1.0266722745545343 -11.27542632203685370709044265057799 1.00000002195688095710318278227202
0.1973411643793687 1.0267768566082345 -11.27542632204127667720827909672470 1.00000002195688068900360035106153
0.1999040371556088 1.0268814370411828 -11.27542632204569966248227350323114 1.00000002195687874799438606838962
0.2024669098502099 1.0269860158260852 -11.27542632205012265659545820022108 1.00000002195687692802056096102966
0.2050297824676420 1.0270905929356478 -11.27542632205454565340810051444455 1.00000002195687522571987589805541
0.2075926550123755 1.0271951683425775 -11.27542632205896864677654543769549 1.00000002195687363801971188406094
0.2101555274888806 1.0272997420195813 -11.27542632206339163055314612401451 1.00000002195687216211362861181974
0.2127183999016276 1.0274043139393670 -11.27542632206781459858622091319143 1.00000002195687079543695573122541
0.2152812722550867 1.0275088840746425 -11.27542632207223754472003337842203 1.00000002195689512929219220191937
0.2178441445537283 1.0276134523981165 -11.27542632207666047666830478053481 1.00000002195686847419749887688679
0.2204070168020225 1.0277180188824979 -11.27542632208108345657490725446677 1.00000002195686743002425890432521
0.2229698890044395 1.0278225835004961 -11.27542632208550648393551810091996 1.00000002195686648600784234628092
0.2255327611654497 1.0279271462248213 -11.27542632208992955227879407296120 1.00000002195686564056392428551963
0.2280956332895233 1.0280317070281836 -11.27542632209435265510958313193404 1.00000002195686489223925697953346
0.2306585053811305 1.0281362658832942 -11.27542632209877578591116991431816 1.00000002195686423969972636059808
0.2332213774447417 1.0282408227628645 -11.27542632210319893814735471815451 1.00000002195686368171962067325395
0.2357842494848270 1.0283453776396063 -11.27542632210762210526437953972351 1.00000002195686321717186802479889
0.2383471215058567 1.0284499304862321 -11.27542632211204528069271359529105 1.00000002195686284501909334940744
0.2409099935123011 1.0285544812754548 -11.27542632211646845784870975450737 1.00000002195686256430536092035524
0.2434728655086304 1.0286590299799710 -11.27542632212089163013614238440622 1.00000002179333567587330804319874
0.2460357374988958 1.0287635765725288 -11.27542632212531479338235619634914 1.00000002195689509044471693005232
0.2485986094884057 1.0288681210258257 -11.27542632212973798217587154396140 1.00000002195689229212173248138229
0.2511614814812110 1.0289726633125767 -11.27542632213416120903135510396925 1.00000002195688980239497138602408
0.2537243534817816 1.0290772034054975 -11.27542632213858446727511344720357 1.00000002195688760104603460476772
0.2562872254945873 1.0291817412773044 -11.27542632214300775033123837658371 1.00000002195688566972332654025249
0.2588500975240980 1.0292862769007141 -11.27542632214743105171213563135416 1.00000002195688399176628996415026
0.2614129695747837 1.0293908102484440 -11.27542632215185436500996746100766 1.00000002195688255204670555773726
0.2639758416511143 1.0294953412932120 -11.27542632215627768388891537004659 1.00000002195688133682444617239246
0.2665387137575597 1.0295998700077367 -11.27542632216070100207817920135182 1.00000002195688033361744722381108
0.2691015858985898 1.0297043963647371 -11.27542632216512431336563755046650 1.00000002195687953108360968168896
0.2716644580786746 1.0298089203369330 -11.27542632216954761159210239546252 1.00000002195687891891413962477611
0.2742273303022841 1.0299134418970447 -11.27542632217397089064610788574275 1.00000002195687848773683698534568
0.2767902025738883 1.0300179610177932 -11.27542632217839414445917954606013 1.00000002195687822902854643993722
0.2793530748979570 1.0301224776719000 -11.27542632218281736700153579797774 1.00000002195684964807894202586732
0.2819159472789603 1.0302269918320874 -11.27542632218724056246805720334919 1.00000002195687808607885434823192
0.2844788197213683 1.0303315034710781 -11.27542632219166379746300852769251 1.00000002195687829122502104177441
0.2870416922296509 1.0304360125615956 -11.27542632219608707438468174431430 1.00000002195687864277731458708964
0.2896045648082781 1.0305405190763641 -11.27542632220051038697079470885871 1.00000002195687913532802523662337
0.2921674374617200 1.0306450229881083 -11.27542632220493372895826053936906 1.00000002195687976394866799291353
0.2947303101944465 1.0307495242689879 -11.27542632220935709408308331705286 1.00000002195688028639565082047337
0.2972931829970523 1.0308540228853131 -11.27542632221378047605633481307327 1.00000002195687824010312278298089
0.2998560557166520 1.0309585188098112 -11.27542632221820386834041258491070 1.00000002195687631754904929255982
0.3024189283577157 1.0310630120152103 -11.27542632222262726466823623673433 1.00000002195687451531767937169317
0.3049818009247137 1.0311675024742391 -11.27542632222705065877164729441847 1.00000002195687283028913612037646
0.3075446734221159 1.0312719901596269 -11.27542632223147404438140742114376 1.00000002195687125961165993247980
0.3101075458543924 1.0313764750441040 -11.27542632223589741522720715166967 1.00000002195686980067710047353760
0.3126704182260134 1.0314809571004012 -11.27542632224032076503768305106567 1.00000002195686845109879104497118
0.3152332905414489 1.0315854363012500 -11.27542632224474408754044158958836 1.00000002195687380025389792504368
0.3177961628051690 1.0316899126193828 -11.27542632224916741498637408004609 1.00000002195686618775223537730737
0.3203590350216439 1.0317943860275327 -11.27542632225359079372391173187390 1.00000002195686516345589773058432
0.3229219071953436 1.0318988564984333 -11.27542632225801421864857759989119 1.00000002195686423989535548546599
0.3254847793307381 1.0320033240048194 -11.27542632226243768311288195439861 1.00000002195686341558854293334945
0.3280476514322977 1.0321077885194261 -11.27542632226686118044489005531990 1.00000002195686268917605418181154
0.3306105235044923 1.0322122500149897 -11.27542632227128470395069975701453 1.00000002195686205940501703145418
0.3331733955517921 1.0323167084642468 -11.27542632227570824691673600806963 1.00000002195686152512201496169321
0.3357362675786672 1.0324211638399352 -11.27542632228013180261187695258849 1.00000002195686108526378932568201
0.3382991395895877 1.0325256161147934 -11.27542632228455536428942514969284 1.00000002195686073884835607620663
0.3408620115890236 1.0326300652615604 -11.27542632228897892518893633422036 1.00000002195686048496856669523293
0.3434248835814450 1.0327345112529927 -11.27542632229340247853791713685304 1.00000002211433860475911811950820
0.3459877555717257 1.0328389540617984 -11.27542632229782604395631601433463 1.00000002195689327435728329300559
0.3485506275635285 1.0329433936607354 -11.27542632230224964758025146134900 1.00000002195689071514668433658930
0.3511134995617266 1.0330478300225462 -11.27542632230667328314536422261452 1.00000002195688844246687813592438
0.3536763715707898 1.0331522631199741 -11.27542632231109694388965237158532 1.00000002195688643820196706137560
0.3562392435951878 1.0332566929257632 -11.27542632231552062314597706933456 1.00000002195688468590778637645450
0.3588021156393903 1.0333611194126583 -11.27542632231994431433360303819243 1.00000002195688317065485685249065
0.3613649877078672 1.0334655425534054 -11.27542632232436801095053549527585 1.00000002195688187888561377115877
0.3639278598050882 1.0335699623207511 -11.27542632232879170656657156039597 1.00000002195688079828564461196300
0.3664907319355232 1.0336743786874428 -11.27542632233321539481699283270932 1.00000002195687991766796303619282
0.3690536041036419 1.0337787916262289 -11.27542632233763906939683359255525 1.00000002195687922686589840881186
0.3716164763139142 1.0338832011098588 -11.27542632234206272405566602369825 1.00000002195687871663826293836623
0.3741793485708099 1.0339876071110825 -11.27542632234648635259285005606178 1.00000002195687837858293042564793
0.3767422208787988 1.0340920096026510 -11.27542632235090994885320097614707 1.00000002195687744761143411147695
0.3793050932423509 1.0341964085573164 -11.27542632235533350689378008478350 1.00000002195687488987038568849863
0.3818679656659359 1.0343008039478313 -11.27542632235975706539660798994614 1.00000002195687819282174826249501
0.3844308381540238 1.0344051957469495 -11.27542632236418066784999431839507 1.00000002195687846280860662483879
0.3869937107110844 1.0345095839274258 -11.27542632236860430857257265739971 1.00000002195687887411539793079688
0.3895565833415876 1.0346139684620155 -11.27542632237302798117573539478329 1.00000002195687942188086352089801
0.3921194560500033 1.0347183493234753 -11.27542632237745167927105550003916 1.00000002195688010167398899830049
0.3946823288408013 1.0348227264791602 -11.27542632238187539647043963423494 1.00000002195687863650716996751163
0.3972452015857991 1.0349270999002582 -11.27542632238629912615731150605591 1.00000002195687663470915516296496
0.3998080742508936 1.0350314695595294 -11.27542632239072286187812035636437 1.00000002195687475384601617305003
0.4023709468405548 1.0351358354297349 -11.27542632239514659724667967062593 1.00000002195687299084275189890704
0.4049338193592526 1.0352401974836367 -11.27542632239957032587772648080424 1.00000002195687134289006140510055
0.4074966918114571 1.0353445556939978 -11.27542632240399404138705311996021 1.00000002195686980741897587043077
0.4100595642016381 1.0354489100335823 -11.27542632240841773739163089831933 1.00000002195686838207892520782179
0.4126224365342657 1.0355532604751549 -11.27542632241284140750972523312304 1.00000002195688686150780221651845
0.4151853088138099 1.0356576069914819 -11.27542632241726504984536582753291 1.00000002195686597318447791903558
0.4177481810447404 1.0357619495553300 -11.27542632242168872477604164270813 1.00000002195686487774421326930381
0.4203110532315273 1.0358662881394675 -11.27542632242611245079638594607222 1.00000002195686388381100199023641
0.4228739253786407 1.0359706227166631 -11.27542632243053622113987692956705 1.00000002195686298993513175426222
0.4254367974905503 1.0360749532596871 -11.27542632243496002901269484855054 1.00000002195686219478396669874916
0.4279996695717263 1.0361792797413104 -11.27542632243938386759656291258450 1.00000002195686149713117275897069
0.4305625416266385 1.0362836021343052 -11.27542632244380773005137792577417 1.00000002195686089584722887741900
0.4331254136597569 1.0363879204114447 -11.27542632244823160951764741575302 1.00000002195686038989060051389376
0.4356882856755514 1.0364922345455031 -11.27542632245265549911874863283137 1.00000002195685997829952786187056
0.4382511576784921 1.0365965445092557 -11.27542632245707939196302355465305 1.00000002195685966018552443082523
0.4408140296730489 1.0367008502754946 -11.27542632246150328114572288782612 1.00000002210897904924561029398118
0.4433769016640815 1.0368051518169656 -11.27542632246592717044428438724042 1.00000002195689362352809300190699
0.4459397736552803 1.0369094491064630 -11.27542632247035109648218137781615 1.00000002195689106422760317991658
0.4485026456515046 1.0370137421167664 -11.27542632247477505580723550727838 1.00000002195688878550224652142154
0.4510655176572239 1.0371180308206565 -11.27542632247919904150555633275509 1.00000002195688676978440538836410
0.4536283896769079 1.0372223151909150 -11.27542632248362304676060262695519 1.00000002195688500112974237546581
0.4561912617150263 1.0373265952003248 -11.27542632248804706484505681639470 1.00000002195688346506439555181567
0.4587541337760486 1.0374308708216699 -11.27542632249247108911345825665563 1.00000002195688214844643271130670
0.4613170058644447 1.0375351420277354 -11.27542632249689511299551652539613 1.00000002195688103934114005547025
0.4638798779846840 1.0376394087913075 -11.27542632250131912999003429796722 1.00000002195688012690746718960160
0.4664427501412365 1.0377436710851737 -11.27542632250574313365937686568859 1.00000002195687940129542919567957
0.4690056223385717 1.0378479288821225 -11.27542632251016711762443205732524 1.00000002195687885355333907507801
0.4715684945811593 1.0379521821549434 -11.27542632251459107556001031402212 1.00000002195687847554385328524468
0.4741313668734692 1.0380564308764274 -11.27542632251901500119064002206585 1.00000002195687825986754133008112
0.4766942392199710 1.0381606750193665 -11.27542632252343888828671799365338 1.00000002195684730793473073672071
0.4792571116251344 1.0382649145565537 -11.27542632252786273879488440959477 1.00000002195687815516934010550221
0.4818199840934292 1.0383691494607834 -11.27542632253228662499747313483164 1.00000002195687837582211954055180
0.4843828566293253 1.0384733797048511 -11.27542632253671055234283999402085 1.00000002195687873649472251697097
0.4869457292372923 1.0385776052615535 -11.27542632254113451433132353710398 1.00000002195687923247877509687644
0.4895086019218001 1.0386818261036885 -11.27542632254555850446339456161319 1.00000002195687985948202875917557
0.4920714746873183 1.0387860422007941 -11.27542632254998251624009125984934 1.00000002195687923945592920054675
0.4946343474581202 1.0388902535219700 -11.27542632255440654302499290610206 1.00000002195687718330315901718758
0.4971972201476512 1.0389944600400187 -11.27542632255883057816434634790908 1.00000002195687524743193167240474
0.4997600927603812 1.0390986617277439 -11.27542632256325461516324120627778 1.00000002195687342886863353981429
0.5023229653007800 1.0392028585579505 -11.27542632256767864752881373131181 1.00000002195687172489653008983693
0.5048858377733175 1.0393070505034447 -11.27542632257210266877054976607325 1.00000002195687013303299512248919
0.5074487101824635 1.0394112375370340 -11.27542632257652667240056212562707 1.00000002195686865100666101140641
0.5100115825326879 1.0395154196315271 -11.27542632258095065193384318745602 1.00000002195686727673948262425983
0.5125744548284604 1.0396195967597340 -11.27542632258537460088849362588587 1.00000002195688563133304731971198
0.5151373270742511 1.0397237688944659 -11.27542632258979853936928512333162 1.00000002195686497531728324663282
0.5177001992745296 1.0398279360085354 -11.27542632259422252906463498428955 1.00000002195686392603394228012068
0.5202630714337658 1.0399320980747563 -11.27542632259864656764666948774495 1.00000002195686297673323608203446
0.5228259435564297 1.0400362550659437 -11.27542632260307064822002264664547 1.00000002195686212613939523925612
0.5253888156469909 1.0401404069549140 -11.27542632260749476386223726471751 1.00000002195686137307862209283991
0.5279516877099194 1.0402445537144850 -11.27542632261191890762672948754881 1.00000002195686071647061231451349
0.5305145597496850 1.0403486953174756 -11.27542632261634307254553504012811 1.00000002195686015531945167202008
0.5330774317707575 1.0404528317367062 -11.27542632262076725163185440528536 1.00000002195685968870622524110170
0.5356403037776069 1.0405569629449986 -11.27542632262519143788241279121181 1.00000002195685931578170809163621
0.5382031757747028 1.0406610889151604 -11.27542632262961562427964944693704 1.00000002181078543341259608324327
0.5407660477661408 1.0407652096200465 -11.27542632263403980673142459176743 1.00000002195689509918501492514041
0.5433289197571396 1.0408693250324673 -11.27542632263846401803830833272005 1.00000002195689242120544395199322
0.5458917917517942 1.0409734351252500 -11.27542632264288826447424816228188 1.00000002195689003027413323209153
0.5484546637545742 1.0410775398712228 -11.27542632264731253896491967932243 1.00000002195688790817972255458943
0.5510175357699492 1.0411816392432155 -11.27542632265173683453871453405747 1.00000002195688603839806964476729
0.5535804078023885 1.0412857332140594 -11.27542632265616114431846923375931 1.00000002195688440593316750964965
0.5561432798563619 1.0413898217565868 -11.27542632266058546151397198101325 1.00000002195688299717324631543133
0.5587061519363388 1.0414939048436318 -11.27542632266500977941516586249356 1.00000002195688179976089584716852
0.5612690240467888 1.0415979824480296 -11.27542632266943409138597542634001 1.00000002195688080247475579394772
0.5638318961921814 1.0417020545426169 -11.27542632267385839085869148072705 1.00000002195687999512321977373353
0.5663947683769864 1.0418061211002318 -11.27542632267828267132885591331994 1.00000002195687936844760186527953
0.5689576406056732 1.0419101820937139 -11.27542632268270692635059455849758 1.00000002195687891403480565499722
0.5715205128827115 1.0420142374959040 -11.27542632268713114953235170481091 1.00000002195687862423815061435176
0.5740833852125709 1.0421182872796447 -11.27542632269155533453298480921200 1.00000002195687697207818230968028
0.5766462575997211 1.0422223314177796 -11.27542632269597947540104378510297 1.00000002195687596561040529335903
0.5792091300486316 1.0423263698831541 -11.27542632270040361521197600177986 1.00000002195687852940720479913534
0.5817720025637722 1.0424304026486148 -11.27542632270482779853137312610284 1.00000002195687882146273124997838
0.5843348751496125 1.0425344296870098 -11.27542632270925201930148925349478 1.00000002195687925030983446979595
0.5868977478106221 1.0426384509711889 -11.27542632271367627092749174155470 1.00000002195687981152423329407820
0.5894606205512707 1.0427424664728769 -11.27542632271810054681524372126802 1.00000002195688002564386132394927
0.5920234933482812 1.0428464761591043 -11.27542632272252484032399716964938 1.00000002195687790612639514582466
0.5945863660626532 1.0429504800027263 -11.27542632272694914461507111204748 1.00000002195687590792169460296388
0.5971492386988564 1.0430544779765996 -11.27542632273137345309981303067703 1.00000002195687402797289198410254
0.5997121112613606 1.0431584700535825 -11.27542632273579775919240254720795 1.00000002195687226348979534730299
0.6022749837546355 1.0432624562065346 -11.27542632274022205631028875276500 1.00000002195687061192419853492464
0.6048378561831510 1.0433664364083173 -11.27542632274464633787459118386326 1.00000002195686907094775033425506
0.6074007285513767 1.0434704106317932 -11.27542632274907059731046578078625 1.00000002195686763843148272774056
0.6099636008637823 1.0435743788498266 -11.27542632275349482804743727205618 1.00000002195688031789796778216384
0.6125264731248378 1.0436783410352835 -11.27542632275791902666689468685758 1.00000002195686521930440850970273
0.6150893453390126 1.0437822971610312 -11.27542632276234325075520107046784 1.00000002195686411527340562460650
0.6176522175107767 1.0438862471999386 -11.27542632276676752811099263399245 1.00000002195686311169276091673070
0.6202150896445997 1.0439901911248763 -11.27542632277119185175746572306275 1.00000002195686220726890190887600
0.6227779617449513 1.0440941289087162 -11.27542632277561621468804703181436 1.00000002195686140081107005558314
0.6253408338163014 1.0441980605243321 -11.27542632278004060986965444594976 1.00000002195686069122473778321211
0.6279037058631196 1.0443019859445991 -11.27542632278446503024571919380218 1.00000002195686007750282342483885
0.6304665778898757 1.0444059051423941 -11.27542632278888946873898800175148 1.00000002195685955871703677066493
0.6330294499010394 1.0445098180905953 -11.27542632279331391825412242592090 1.00000002195685913401153348012149
0.6355923219010804 1.0446137247620681 -11.27542632279773837168011113532251 1.00000002181410050404942395275829
0.6381551938941026 1.0447176251297236 -11.27542632280216282193902152072554 1.00000002195689552589432849067274
0.6407180658853076 1.0448215191664302 -11.27542632280658728960051364083782 1.00000002195689284218761582146552
0.6432809378787989 1.0449254068450727 -11.27542632281101179450543896478244 1.00000002195689044175644226973518
0.6458438098790458 1.0450292881385376 -11.27542632281543632945317454553545 1.00000002195688830672436042949821
0.6484066818905179 1.0451331630197130 -11.27542632281986088734694780205189 1.00000002195688642087111484068226
0.6509695539176845 1.0452370314614885 -11.27542632282428546118583103761607 1.00000002195688476947711789345645
0.6535324259650152 1.0453408934367554 -11.27542632282871004405748966655858 1.00000002195688333918212337655947
0.6560952980369792 1.0454447489184069 -11.27542632283313462913160442553729 1.00000002195688211785730091363877
0.6586581701380462 1.0455485978793376 -11.27542632283755920965389637537476 1.00000002195688109448978200692048
0.6612210422726856 1.0456524402924438 -11.27542632284198377894069112346692 1.00000002195688025907760523347742
0.6637839144453668 1.0457562761306235 -11.27542632284640833037396551112543 1.00000002195687960253520888610944
0.6663467866605594 1.0458601053667765 -11.27542632285083285739682610070811 1.00000002195687911660737343766605
0.6689096589227330 1.0459639279738041 -11.27542632285525735350937424046709 1.00000002195687879379168240540660
0.6714725312363569 1.0460677439246093 -11.27542632285968181226491734946140 1.00000002195687862726795593000721
0.6740354036059008 1.0461715531920970 -11.27542632286410622726649041179036 1.00000002195684579482674422957479
0.6765982760358341 1.0462753557491736 -11.27542632286853060457520613831176 1.00000002195687859468396843319523
0.6791611485306266 1.0463791515687473 -11.27542632287295502054061114924247 1.00000002195687884739150487338620
0.6817240210947477 1.0464829406237280 -11.27542632287737947690394485717085 1.00000002195687923603282845866580
0.6842868937326669 1.0465867228870273 -11.27542632288180396698184822787148 1.00000002195687975626333984378457
0.6868497664488538 1.0466904983315587 -11.27542632288622848409105786313052 1.00000002195688040412546439157717
0.6894126392477781 1.0467942669243054 -11.27542632289065302154924754666943 1.00000002195687866567476227846546
0.6919755119874023 1.0468980286371854 -11.27542632289507757242287937196180 1.00000002195687662463351049260389
0.6945383846474897 1.0470017834431185 -11.27542632289950212999113527451239 1.00000002195687470133207814480343
0.6971012572325101 1.0471055313150265 -11.27542632290392668757896308588835 1.00000002195687289303425044758044
0.6996641297469332 1.0472092722258331 -11.27542632290835123851503851973952 1.00000002195687119724138266378164
0.7022270021952286 1.0473130061484634 -11.27542632291277577613232855870608 1.00000002195686961167120087989916
0.7047898745818660 1.0474167330558448 -11.27542632291720029376860605064942 1.00000002195686813423806976502787
0.7073527469113149 1.0475204529209060 -11.27542632292162478476691790499005 1.00000002195686676303428357402316
0.7099156191880451 1.0476241657165778 -11.27542632292604924247600927845294 1.00000002195688875249597744585690
0.7124784914165263 1.0477278714157927 -11.27542632293047368500241004488905 1.00000002195686447066589623420027
0.7150413636012280 1.0478315699914852 -11.27542632293489817966505714163195 1.00000002195686342274030722609571
0.7176042357466198 1.0479352614165913 -11.27542632293932272479047752577114 1.00000002195686247374663256640796
0.7201671078571715 1.0480389456640490 -11.27542632294374731329645576660378 1.00000002195686162252804439279337
0.7227299799373527 1.0481426227067983 -11.27542632294817193807182782066331 1.00000002195686086802187823048131
0.7252928519916330 1.0482462925177808 -11.27542632295259659197978853864647 1.00000002195686020925068816348839
0.7278557240244820 1.0483499550699400 -11.27542632295702126786095866239411 1.00000002195685964531453270583461
0.7304185960403694 1.0484536103362213 -11.27542632296144595853623003574622 1.00000002195685917538376398728669
0.7329814680437649 1.0485572582895721 -11.27542632296587065680940622007347 1.00000002195685879869272926131665
0.7355443400391380 1.0486608989029559 -11.27542632297029535546965430159150 1.00000002209784459494802160027882
0.7381072120313197 1.0487645321492947 -11.27542632297472006082413936682495 1.00000002195689351615493977516707
0.7406700840240571 1.0488681580015559 -11.27542632297914480311939449335619 1.00000002195689106774552259370166
0.7432329560221806 1.0489717764326943 -11.27542632298356957761019685928870 1.00000002195688888576135932940658
0.7457958280301596 1.0490753874156665 -11.27542632298799437708070268534000 1.00000002195688695385007066772273
0.7483587000524633 1.0491789909234312 -11.27542632299241919441294161560469 1.00000002195688525717386891433527
0.7509215720935611 1.0492825869289487 -11.27542632299684402257964136446740 1.00000002195688378226721140317270
0.7534844441579224 1.0493861754051816 -11.27542632300126885463772428701200 1.00000002195688251690702609976845
0.7560473162500165 1.0494897563250940 -11.27542632300569368372240428325928 1.00000002195688144999717607328242
0.7586101883743129 1.0495933296616524 -11.27542632301011850304182012988506 1.00000002195688057146140041916321
0.7611730605352810 1.0496968953878248 -11.27542632301454330587214820021199 1.00000002195687987214831414755846
0.7637359327373901 1.0498004534765815 -11.27542632301896808555314367000021 1.00000002195687934374449687588214
0.7662988049851096 1.0499040039008945 -11.27542632302339283548406479098249 1.00000002195687897869621484994873
0.7688616772829090 1.0500075466337379 -11.27542632302781754911993971488496 1.00000002195687877013815511507942
0.7714245496352578 1.0501110816480876 -11.27542632303224221996813972982509 1.00000002195687110032918136799257
0.7739874220466254 1.0502146089169217 -11.27542632303666684332522721083225 1.00000002195687865793824707357688
0.7765502945214812 1.0503181284132202 -11.27542632304109147309133899946651 1.00000002195687886757663723593037
0.7791131670642947 1.0504216401099649 -11.27542632304551614621676566409104 1.00000002195687921329669186173293
0.7816760396795354 1.0505251439801399 -11.27542632304994085593960207914342 1.00000002195687969072688364440793
0.7842389123716727 1.0506286399967310 -11.27542632305436559549729476598550 1.00000002195688029588671025243219
0.7868017851451762 1.0507321281289285 -11.27542632305879035812769665223971 1.00000002195687941359536473243549
0.7893646579104627 1.0508356083466081 -11.27542632306321513690766567614655 1.00000002195687733004825771679590
0.7919275305948445 1.0509390806227632 -11.27542632306763992494552400926954 1.00000002195687536428803718946707
0.7944904032027912 1.0510425449303896 -11.27542632307206471548594131717646 1.00000002195687351356639301194529
0.7970532757387725 1.0511460012424848 -11.27542632307648950177749829929594 1.00000002195687177537541794581498
0.7996161482072579 1.0512494495320485 -11.27542632308091427707339799980770 1.00000002195687014742558007842442
0.8021790206127169 1.0513528897720825 -11.27542632308533903463211756103221 1.00000002195686862762524239247755
0.8047418929596192 1.0514563219355907 -11.27542632308976376771800344068495 1.00000002195686721406299417928750
0.8073047652524343 1.0515597459955788 -11.27542632309418846960181306562752 1.00000002195688112806096882661387
0.8098676374956317 1.0516631619250548 -11.27542632309861313698693137775747 1.00000002195686483159305637128984
0.8124305096936811 1.0517665696970289 -11.27542632310303783056493304151583 1.00000002195686374270054603968054
0.8149933818510519 1.0518699692845130 -11.27542632310746257867940726124658 1.00000002195686275267560977258074
0.8175562539722137 1.0519733606605215 -11.27542632311188737418284702667632 1.00000002195686186036837393942223
0.8201191260616361 1.0520767437980706 -11.27542632311631220989630846741908 1.00000002195686106472260353586607
0.8226819981237887 1.0521801186701788 -11.27542632312073707861298547960682 1.00000002195686036476800849957188
0.8252448701631409 1.0522834852498666 -11.27542632312516197310152564403704 1.00000002195685975961199905628968
0.8278077421841623 1.0523868435101568 -11.27542632312958688610910748064265 1.00000002195685924843288996870703
0.8303706141913225 1.0524901934240740 -11.27542632313401181036429743864634 1.00000002195685883047320584005731
0.8329334861890910 1.0525935349646311 -11.27542632313843673857970351599738 1.00000002182003500849365450574509
0.8354963581815867 1.0526968681048854 -11.27542632314286166692028105874003 1.00000002195689498091476142966139
0.8380592301739806 1.0528001928178541 -11.27542632314728662822849493332859 1.00000002195689240932226960185952
0.8406221021703912 1.0529035090765704 -11.27542632315171162411788675230263 1.00000002195689011225460457948084
0.8431849741752877 1.0530068168540699 -11.27542632315613664724192375881722 1.00000002195688807257331893079915
0.8457478461931395 1.0531101161233903 -11.27542632316056169035630785718456 1.00000002195688627473022567946573
0.8483107182284157 1.0532134068575715 -11.27542632316498674631157721662266 1.00000002195688470461736646103679
0.8508735902855856 1.0533166890296555 -11.27542632316941180804640973438072 1.00000002195688334943159047932784
0.8534364623691185 1.0534199626126866 -11.27542632317383686858155305584141 1.00000002195688219755245049185201
0.8559993344834838 1.0535232275797111 -11.27542632317826192101431394112666 1.00000002195688123842698774817351
0.8585622066331506 1.0536264839037778 -11.27542632318268695851354699784777 1.00000002195688046247797837203203
0.8611250788225884 1.0537297315579375 -11.27542632318711197431508926389760 1.00000002195687986100397893590795
0.8636879510562664 1.0538329705152432 -11.27542632319153696171759289672890 1.00000002195687942610134341375307
0.8662508233386540 1.0539362007487503 -11.27542632319596191407871338692388 1.00000002195687915058871777949214
0.8688136956742206 1.0540394222315163 -11.27542632320038682481161532391685 1.00000002195687902793981072230980
0.8713765680674354 1.0541426349366008 -11.27542632320481168738176186125500 1.00000002195685474129216230246711
0.8739394405227678 1.0542458388370660 -11.27542632320923652055311299586412 1.00000002195687906610226748462046
0.8765023130446874 1.0543490339059759 -11.27542632321366139442475506737304 1.00000002195687935257621691396819
0.8790651856376633 1.0544522201163972 -11.27542632321808630777028345789997 1.00000002195687977255910904767176
0.8816280583061651 1.0545553974413987 -11.27542632322251125375538417644243 1.00000002195688032189452115984135
0.8841909310546622 1.0546585658523765 -11.27542632322693622554579155076337 1.00000002195688028394066630813368
0.8867538038460204 1.0547617253171881 -11.27542632323136121623658226731775 1.00000002195687814741058315871361
0.8893166765551061 1.0548648758089107 -11.27542632323578621877311324218617 1.00000002195687612986059287741379
0.8918795491863887 1.0549680173006241 -11.27542632324021122632770112226375 1.00000002195687422842675891491047
0.8944424217443378 1.0550711497654103 -11.27542632324463623207675019969300 1.00000002195687244049693545480255
0.8970052942334229 1.0551742731763535 -11.27542632324906122920157875738602 1.00000002195687076368771781036904
0.8995681666581133 1.0552773875065405 -11.27542632325348621088917896461260 1.00000002195686919582318993594075
0.9021310390228787 1.0553804927290600 -11.27542632325791117033291360601553 1.00000002195686773491625200807753
0.9046939113321886 1.0554835888170035 -11.27542632326233610073315286811211 1.00000002195686637915055508480824
0.9072567835905122 1.0555866757434646 -11.27542632326676099529785433486401 1.00000002195688595491560427027758
0.9098196558023194 1.0556897534815391 -11.27542632327118587676939905053742 1.00000002195686411948987998177303
0.9123825279720793 1.0557928220043255 -11.27542632327561081193233758337788 1.00000002195686308567534307137224
0.9149454001042615 1.0558958812849245 -11.27542632328003579839497870001784 1.00000002195686214995657683661321
0.9175082722033354 1.0559989312964389 -11.27542632328446082892227852318133 1.00000002195686131124324156590174
0.9200711442737707 1.0561019720119744 -11.27542632328888589624895265855778 1.00000002195686056853485366276974
0.9226340163200366 1.0562050034046385 -11.27542632329331099308303530392842 1.00000002195685992091196611564907
0.9251968883466028 1.0563080254475417 -11.27542632329773611210918334102344 1.00000002195685936752942468390644
0.9277597603579385 1.0564110381137963 -11.27542632330216124599174500019160 1.00000002195685890760919578297928
0.9303226323585134 1.0565140413765036 -11.27542632330658638737761108008471 1.00000002182207266057706162097638
0.9328855043524514 1.0566170352088086 -11.27542632331101152964626717570600 1.00000002195689539948472643630771
0.9354483763449129 1.0567200195838172 -11.27542632331543669436952281072825 1.00000002195689281443507022439712
0.9380112483400217 1.0568229944746517 -11.27542632331986189614313736733452 1.00000002195689050177666459245879
0.9405741203422470 1.0569259598544366 -11.27542632332428712751918641683885 1.00000002195688844455782217564797
0.9431369923560578 1.0570289156962991 -11.27542632332871238115248316281832 1.00000002195688662739929319812612
0.9456998643859233 1.0571318619733685 -11.27542632333313764979337139185463 1.00000002195688503634713821982836
0.9482627364363128 1.0572347986587769 -11.27542632333756292628120523895207 1.00000002195688365873627809411964
0.9508256085116954 1.0573377257256585 -11.27542632334198820353844164581433 1.00000002195688248307191385157656
0.9533884806165404 1.0574406431471504 -11.27542632334641347456527936455638 1.00000002195688149891802740166558
0.9559513527553170 1.0575435508963917 -11.27542632335083873243478548477249 1.00000002195688069679851476238140
0.9585142249324944 1.0576464489465243 -11.27542632335526397028845682984975 1.00000002195688006810713471827305
0.9610770971525418 1.0577493372706924 -11.27542632335968918133216925851310 1.00000002195687960502597206742880
0.9636399694199285 1.0578522158420428 -11.27542632336411435883247299201051 1.00000002195687930045178067662744
0.9662028417391239 1.0579550846337247 -11.27542632336853949611319663027688 1.00000002195687914792905579604162
0.9687657141145971 1.0580579436188899 -11.27542632337296458655232657929183 1.00000002195685820938826874483203
0.9713285865508173 1.0581607927706926 -11.27542632337738962841047489949636 1.00000002195687912915202581048195
0.9738914590522541 1.0582636320622895 -11.27542632338181468971765897363279 1.00000002195687938246427364356094
0.9764543316233766 1.0583664614668400 -11.27542632338623979347610040013472 1.00000002195687976876764092572467
0.9790172042686542 1.0584692809575058 -11.27542632339066493278186973673065 1.00000002195688028394659718997650
0.9815800769925562 1.0585720905074513 -11.27542632339509010073022659054889 1.00000002195688092425384761935493
0.9841429497995518 1.0586748900834117 -11.27542632339951529041695026276848 1.00000002195687893866878767877777
0.9867058225337560 1.0587776796581231 -11.27542632340394049466269811842176 1.00000002195687688579472141767152
0.9892686951887891 1.0588804592047596 -11.27542632340836570654917321834135 1.00000002195687494869230814418250
0.9918315677691203 1.0589832286964976 -11.27542632341279091918077555399257 1.00000002195687312477646832142836
0.9943944402792192 1.0590859881065164 -11.27542632341721612566684762675664 1.00000002195687141169043701924036
0.9969573127235552 1.0591887374079976 -11.27542632342164131912257524425395 1.00000002195686980727902283951673
0.9995201851065977 1.0592914765741255 -11.27542632342606649266981485116555 1.00000002195686830957747028022653
1.0020830574328161 1.0593942055780871 -11.27542632343049163943785130238312 1.00000002195686691678956772654013
1.0046459297066798 1.0594969243930718 -11.27542632343491675256408985404188 1.00000002195688695171306287692257
1.0072088019326582 1.0595996329922717 -11.27542632343934183002262797665654 1.00000002195686457606988780453469
1.0097716741152208 1.0597023313488816 -11.27542632344376693977889614681320 1.00000002195686350586471809833124
1.0123345462588368 1.0598050194360988 -11.27542632344819210469813357476900 1.00000002195686253353517684171184
1.0148974183679757 1.0599076972271233 -11.27542632345261731749028993256685 1.00000002195686165800945593155899
1.0174602904471069 1.0600103646951576 -11.27542632345704257083282038193372 1.00000002195686087830437149417750
1.0200231625006998 1.0601130218134071 -11.27542632346146785737448441532558 1.00000002195686019351677250331963
1.0225860345332238 1.0602156685550795 -11.27542632346589316973887320228886 1.00000002195685960281722184064744
1.0251489065491482 1.0603183048933856 -11.27542632347031850052768626538532 1.00000002195685910544211940702617
1.0277117785529424 1.0604209308015384 -11.27542632347474384232377659403055 1.00000002195685870068824234373072
1.0302746505490759 1.0605235462527676 -11.27542632347916918769398173581191 1.00000002209080120172029751189469
1.0328375225423613 1.0606261512202642 -11.27542632348359454548319435846061 1.00000002195689345333511796261108
1.0354003945365815 1.0607287456772633 -11.27542632348801994110109172386384 1.00000002195689108913313871054018
1.0379632665365485 1.0608313295969887 -11.27542632349244536875313156126637 1.00000002195688898236565348949247
1.0405261385467317 1.0609339029526670 -11.27542632349687082099503767558124 1.00000002195688711743907610242510
1.0430890105715999 1.0610364657175276 -11.27542632350129629047959969092793 1.00000002195688548020093844565284
1.0456518826156224 1.0611390178648024 -11.27542632350572176995017588839865 1.00000002195688405781443275127180
1.0482147546832682 1.0612415593677262 -11.27542632351014725223481295692373 1.00000002195688283862554456272464
1.0507776267790066 1.0613440901995365 -11.27542632351457273024091561195209 1.00000002195688181205585219603335
1.0533404989073065 1.0614466103334733 -11.27542632351899819695040626918804 1.00000002195688096850136041363744
1.0559033710726373 1.0615491197427797 -11.27542632352342364541532142228322 1.00000002195688029924052994749311
1.0584662432794680 1.0616516184007013 -11.27542632352784906875379714738738 1.00000002195687979635184468585494
1.0610291155322679 1.0617541062804865 -11.27542632353227446014640131644072 1.00000002195687945263896466899861
1.0635919878355060 1.0618565833553864 -11.27542632353669981283277471043848 1.00000002195687926156266922415190
1.0661548601936517 1.0619590495986549 -11.27542632354112512010854734173575 1.00000002195687921717983543721600
1.0687177326111742 1.0620615049835488 -11.27542632354555037532249997335211 1.00000002195686887067365396637257
1.0712806050925426 1.0621639494833275 -11.27542632354997561512169764879170 1.00000002195687938834806237090084
1.0738434776422261 1.0622663830712533 -11.27542632355440089796087545582347 1.00000002195687973660279517500631
1.0764063502646941 1.0623688057205911 -11.27542632355882621923976892230018 1.00000002195688021407948761389053
1.0789692229644157 1.0624712174046088 -11.27542632356325157199120652407896 1.00000002195688081698335220615162
1.0815320957458603 1.0625736180922660 -11.27542632356767694924766135465146 1.00000002195687969301998604858522
1.0840949685055960 1.0626760077543088 -11.27542632357210234385634972789102 1.00000002195687760326642173763995
1.0866578411847923 1.0627783863640156 -11.27542632357652774874387428212478 1.00000002195687562947045025945976
1.0892207137879187 1.0628807538946677 -11.27542632358095315694973095570952 1.00000002195687376901725787466879
1.0917835863194445 1.0629831103195493 -11.27542632358537856151813246266717 1.00000002195687201952215505257295
1.0943464587838389 1.0630854556119474 -11.27542632358980395549904594705820 1.00000002195687037880924338298622
1.0969093311855715 1.0631877897451517 -11.27542632359422933194914822192160 1.00000002195686884489232893705444
1.0994722035291114 1.0632901126924550 -11.27542632359865468393270303287506 1.00000002195686741595744241114492
1.1020350758189281 1.0633924244271528 -11.27542632360308000452236461387197 1.00000002195686609034695019505424
1.1045979480594909 1.0634947249225436 -11.27542632360750528679991162908724 1.00000002195687887098368592232541
1.1071608202552691 1.0635970141519285 -11.27542632361193056298320605553101 1.00000002195686389035712063679895
1.1097236924107319 1.0636992920886118 -11.27542632361635589489514804558511 1.00000002195686288317261422851947
1.1122865645303489 1.0638015587059006 -11.27542632362078127842374354535818 1.00000002195686197274204198356390
1.1148494366185892 1.0639038139771049 -11.27542632362520670619741996771220 1.00000002195686115807923669096229
1.1174123086799222 1.0640060578755374 -11.27542632362963217081362326506651 1.00000002195686043827936597452178
1.1199751807188172 1.0641082903745140 -11.27542632363405766484257926769020 1.00000002195685981251143597531100
1.1225380527397435 1.0642105114473534 -11.27542632363848318083078837526059 1.00000002195685928001168371894684
1.1251009247471704 1.0643127210673772 -11.27542632364290871130427391514077 1.00000002195685884007713191209396
1.1276637967455673 1.0644149192078966 -11.27542632364733424877160280560257 1.00000002182624502858837819119338
1.1302266687390687 1.0645171058422657 -11.27542632365175978971682627379464 1.00000002195689484980638660386157
1.1327895407328135 1.0646192809438017 -11.27542632365618536766044493269153 1.00000002195689236244637475050774
1.1353524127309358 1.0647214444858378 -11.27542632366061098021984466599205 1.00000002195689014109270729386316
1.1379152847379049 1.0648235964417105 -11.27542632366503661983863305321341 1.00000002195688816932236375058642
1.1404781567581896 1.0649257367847590 -11.27542632366946227906129671031805 1.00000002195688643224280611846640
1.1430410287962590 1.0650278654883256 -11.27542632367388795052645598366607 1.00000002195688491634069272633584
1.1456039008565822 1.0651299825257554 -11.27542632367831362696076932740838 1.00000002195688360935373822187235
1.1481667729436281 1.0652320878703967 -11.27542632368273930117341644047455 1.00000002195688250015183184810212
1.1507296450618659 1.0653341814956008 -11.27542632368716496605109689212325 1.00000002195688157863236487900660
1.1532925172157647 1.0654362633747217 -11.27542632369159061455348780281947 1.00000002195688083562225218717215
1.1558553894097935 1.0655383334811167 -11.27542632369601623970911025703822 1.00000002195688026279172834498210
1.1584182616484214 1.0656403917881460 -11.27542632370044183461155958325580 1.00000002195687985257493147211806
1.1609811339361176 1.0657424382691728 -11.27542632370486739241605951330854 1.00000002195687959809852325988812
1.1635440062773511 1.0658444728975634 -11.27542632370929290633630459021026 1.00000002195687949311675616617195
1.1661068786765912 1.0659464956466871 -11.27542632371371836964155908564715 1.00000002195684378234180035882150
1.1686697511383067 1.0660485064899161 -11.27542632371814378533508591261265 1.00000002195687955608617218603084
1.1712326236669672 1.0661505054006258 -11.27542632372256923670018977340568 1.00000002195687984950028163727193
1.1737954962670416 1.0662524923521946 -11.27542632372699472938703004286660 1.00000002195688027405202960962360
1.1763583689429991 1.0663544673180040 -11.27542632373142025637009725801871 1.00000002195688082575957547765849
1.1789212416993088 1.0664564302692324 -11.27542632373584581062298481033033 1.00000002195688055084715922050446
1.1814841144849878 1.0665583811746641 -11.27542632374027138502416852104314 1.00000002195687841290860176466846
1.1840469871887594 1.0666603200076923 -11.27542632374469697235007318394240 1.00000002195687639219567468377865
1.1866098598150928 1.0667622467417131 -11.27542632374912256558038625926108 1.00000002195687448596936503332331
1.1891727323684574 1.0668641613501258 -11.27542632375354815769941770115573 1.00000002195687269173086256359061
1.1917356048533224 1.0669660638063327 -11.27542632375797374169723666607050 1.00000002195687100720296510580674
1.1942984772741571 1.0670679540837394 -11.27542632376239931057072093553538 1.00000002195686943029882896418098
1.1968613496354308 1.0671698321557544 -11.27542632376682485732452362050153 1.00000002195686795914461173934006
1.1994242219416128 1.0672716979957895 -11.27542632377125037497196155180661 1.00000002195686659198500595855014
1.2019870941971723 1.0673735515772596 -11.27542632377567585653582956979066 1.00000002195689645736503298273861
1.2045499664065787 1.0674753928735826 -11.27542632378010130212967755668577 1.00000002195686430376435619082743
1.2071128385743011 1.0675772218581798 -11.27542632378452679017935431560698 1.00000002195686325777216679009087
1.2096757107048087 1.0676790385044753 -11.27542632378895233354521939657307 1.00000002195686230892414752673161
1.2122385828025709 1.0677808427858967 -11.27542632379337792481324719364331 1.00000002195686145619335945798075
1.2148014548720569 1.0678826346758746 -11.27542632379780355653619982294731 1.00000002195686069863843742167708
1.2173643269177359 1.0679844141478427 -11.27542632380222922123759839063067 1.00000002195686003539569537709243
1.2199271989440772 1.0680861811752380 -11.27542632380665491141541413879132 1.00000002195685946567209075503621
1.2224900709555500 1.0681879357315007 -11.27542632381108061954550074446515 1.00000002195685898873856770666106
1.2250529429566236 1.0682896777900610 -11.27542632381550633808478729092615 1.00000002182766550207576086019278
1.2276158149514361 1.0683914073243917 -11.27542632381993206086476442285023 1.00000002195689525333680913493127
1.2301786869451190 1.0684931243079293 -11.27542632382435781074094262345308 1.00000002195689274763417069840867
1.2327415589418102 1.0685948287141269 -11.27542632382878359785727085356343 1.00000002195689050661487943817644
1.2353044309459786 1.0686965205164405 -11.27542632383320941457022560487180 1.00000002195688851397738298699178
1.2378673029620931 1.0687981996883296 -11.27542632383763525333746919929761 1.00000002195688675493294748085383
1.2404301749946227 1.0688998662032567 -11.27542632384206110671124816389377 1.00000002195688521606328480004000
1.2429930470480364 1.0690015200346877 -11.27542632384648696733243123889562 1.00000002195688388519143318378067
1.2455559191268032 1.0691031611560917 -11.27542632385091282792511685479823 1.00000002195688275126549093106053
1.2481187912353921 1.0692047895409409 -11.27542632385533868129174749088724 1.00000002195688180425242916717169
1.2506816633782720 1.0693064051627111 -11.27542632385976452030867509707524 1.00000002195688103504282399302520
1.2532445355599120 1.0694080079948810 -11.27542632386419033792212780945615 1.00000002195688043536418851857190
1.2558074077847811 1.0695095980109329 -11.27542632386861612714453359376399 1.00000002195687999770253906645039
1.2583702800573484 1.0696111751843519 -11.27542632387304188105116127880574 1.00000002195687971523156009768750
1.2609331523820829 1.0697127394886270 -11.27542632387746759277704375484972 1.00000002195687958174876857946943
1.2634960247634537 1.0698142908972499 -11.27542632388189325551415196496454 1.00000002195687297640289291876277
1.2660588972059298 1.0699158293837161 -11.27542632388631886401890451345014 1.00000002195687959318078423216028
1.2686217697139803 1.0700173549215240 -11.27542632389074447500510304506366 1.00000002195687985565164510256245
1.2711846422920743 1.0701188674841756 -11.27542632389517013026699087444006 1.00000002195688024895360252136741
1.2737475149446810 1.0702203670451760 -11.27542632389959582272290590133635 1.00000002195688076912698415166433
1.2763103876762693 1.0703218535779149 -11.27542632390402154528912942241625 1.00000002195688136115682125949150
1.2788732604883081 1.0704233270492452 -11.27542632390844729087643771582633 1.00000002195687919121555328723686
1.2814361332170713 1.0705247874326846 -11.27542632391287305211162341708815 1.00000002195687713827031680605404
1.2839990058670280 1.0706262347017545 -11.27542632391729882191471494956695 1.00000002195687519959643348348865
1.2865618784426476 1.0707276688299791 -11.27542632392172459320991490548123 1.00000002195687337271009453426273
1.2891247509483992 1.0708290897908866 -11.27542632392615035892688412449757 1.00000002195687165534617371115568
1.2916876233887521 1.0709304975580079 -11.27542632393057611200192809619936 1.00000002195687004543834617707650
1.2942504957681754 1.0710318921048779 -11.27542632393500184537909100430929 1.00000002195686854110041942908029
1.2968133680911384 1.0711332734050346 -11.27542632393942755201116249048022 1.00000002195686714061006384968374
1.2993762403621103 1.0712346414320192 -11.27542632394385322486060198032839 1.00000002195686584239257088380942
1.3019391125855603 1.0713359961593766 -11.27542632394827885690038518456363 1.00000002195686851492422112237050
1.3045019847659576 1.0714373375606550 -11.27542632395270449362965144341604 1.00000002195686369862923243906710
1.3070648569077713 1.0715386656094061 -11.27542632395713018845941938339044 1.00000002195686271698125369245241
1.3096277290154707 1.0716399802791848 -11.27542632396155593480936024671430 1.00000002195686183128326994521678
1.3121906010935249 1.0717412815435496 -11.27542632396598172518888474092717 1.00000002195686104060502899493586
1.3147534731464031 1.0718425693760623 -11.27542632397040755207603200213410 1.00000002195686034409308953856558
1.3173163451785745 1.0719438437502884 -11.27542632397483340792137948970945 1.00000002195685974096395548711150
1.3198792171945082 1.0720451046397965 -11.27542632397925928515167876328607 1.00000002195685923049776319232802
1.3224420891986735 1.0721463520181588 -11.27542632398368517617323785355736 1.00000002195685881203231022689635
1.3250049611955395 1.0722475858589641 -11.27542632398811107337506922596761 1.00000002208568444553758358628453
1.3275678331899056 1.0723488061357654 -11.27542632399253698810558668599971 1.00000002195689336069956533983799
1.3301307051855806 1.0724500128221584 -11.27542632399696294170543842166321 1.00000002195689106578183117478499
1.3326935771873634 1.0725512058917290 -11.27542632400138892746379528353304 1.00000002195688902171887669954572
1.3352564491997229 1.0726523853180668 -11.27542632400581493775230096041622 1.00000002195688721346741265765173
1.3378193212271279 1.0727535510747650 -11.27542632401024096503841984261270 1.00000002195688562737907790862714
1.3403821932740475 1.0728547031354198 -11.27542632401466700187947475176535 1.00000002195688425106920244280984
1.3429450653449504 1.0729558414736315 -11.27542632401909304091726065672289 1.00000002195688307329813727363305
1.3455079374443057 1.0730569660630036 -11.27542632402351907487317073772302 1.00000002195688208386354559101705
1.3480708095765822 1.0731580768771431 -11.27542632402794509654377805036437 1.00000002195688127350308570883774
1.3506336817462489 1.0732591738896605 -11.27542632403237109879682219577998 1.00000002195688063380618090893667
1.3531965539577749 1.0733602570741700 -11.27542632403679707456755590212683 1.00000002195688015713437678140786
1.3557594262156290 1.0734613264042892 -11.27542632404122301685541133474247 1.00000002195687983654892463044763
1.3583222985242802 1.0735623818536393 -11.27542632404564891872095034049148 1.00000002195687966574550062689307
1.3608851708881975 1.0736634233958451 -11.27542632405007477328306675154959 1.00000002195687963899495473431541
1.3634480433118500 1.0737644510045347 -11.27542632405450057371641237507411 1.00000002195685525076934347719202
1.3660109157997065 1.0738654646533401 -11.27542632405892634198491444365556 1.00000002195687983783120901627483
1.3685737883562362 1.0739664643158967 -11.27542632406335215181162776037624 1.00000002195688019511742227552061
1.3711366609859082 1.0740674499658433 -11.27542632406777800171824167508620 1.00000002195688067975414643811039
1.3736995336931913 1.0741684215768227 -11.27542632407220388456915988719753 1.00000002195688128807827560903762
1.3762624064825547 1.0742693791176854 -11.27542632407662979322742802115549 1.00000002195687993073285062250502
1.3788252792367240 1.0743703225601359 -11.27542632408105572034626477158240 1.00000002195687784340297912329136
1.3813881519107187 1.0744712518778301 -11.27542632408548165870580152280090 1.00000002195687587062479314208172
1.3839510245090078 1.0745721670444279 -11.27542632408990760117516668025825 1.00000002195687400987547524771968
1.3865138970360606 1.0746730680335928 -11.27542632409433354062850861816682 1.00000002195687225885620563357352
1.3890767694963462 1.0747739548189918 -11.27542632409875946994630880721962 1.00000002195687061547015658342333
1.3916396418943337 1.0748748273742956 -11.27542632410318538201659477283579 1.00000002195686907780405609030610
1.3942025142344924 1.0749756856731784 -11.27542632410761126973605843474636 1.00000002195686764411125164434844
1.3967653865212914 1.0750765296893184 -11.27542632411203712601108510577416 1.00000002195686631279647066770269
1.3993282587591997 1.0751773593963970 -11.27542632411646294375869816365092 1.00000002195690228872953666962259
1.4018911309526867 1.0752781747680996 -11.27542632412088872894203716886183 1.00000002195686409536217391897363
1.4044540031062212 1.0753789757781153 -11.27542632412531456704408417264999 1.00000002195686308187777874819300
1.4070168752242725 1.0754797624001365 -11.27542632412974046024576668623523 1.00000002195686216432746462374236
1.4095797473113097 1.0755805346078596 -11.27542632413416640101876881962627 1.00000002195686134177324337224090
1.4121426193718019 1.0756812923749846 -11.27542632413859238180109815010602 1.00000002195686061335519609087899
1.4147054914102183 1.0757820356752153 -11.27542632414301839500121732910395 1.00000002195685997828477499014692
1.4172683634310278 1.0758827644822590 -11.27542632414744443300188638361122 1.00000002195685943583655577501885
1.4198312354386998 1.0759834787698269 -11.27542632415187048816373760152776 1.00000002195685898534585843415395
1.4223941074377032 1.0760841785116465 -11.27542632415629655282860307328205 1.00000002208443440484796665531230
1.4249569794328341 1.0761848636814108 -11.27542632416072262569485687541126 1.00000002195689358429321732432081
1.4275198514279078 1.0762855342528548 -11.27542632416514873762233754418849 1.00000002195689127560816699077200
1.4300827234277199 1.0763861901997046 -11.27542632416957488432101816661444 1.00000002195688921647541629752294
1.4326455954367391 1.0764868314956899 -11.27542632417400105808795292570919 1.00000002195688739195967510021652
1.4352084674594344 1.0765874581145441 -11.27542632417842725131581514638272 1.00000002195688578851032890035850
1.4377713395002745 1.0766880700300044 -11.27542632418285345648708614461603 1.00000002195688439383146615877456
1.4403342115637283 1.0767886672158120 -11.27542632418727966616880997187969 1.00000002195688319676370200293694
1.4428970836542647 1.0768892496457115 -11.27542632419170587300785118737507 1.00000002195688218717752180884140
1.4454599557763525 1.0769898172934515 -11.27542632419613206972659960338352 1.00000002195688135587661012239122
1.4480228279344607 1.0770903701327842 -11.27542632420055824911907203524112 1.00000002195688069451004818879633
1.4505857001330582 1.0771909081374658 -11.27542632420498440404736652449948 1.00000002195688019549406063110607
1.4531485723766137 1.0772914312812562 -11.27542632420941052743842936097390 1.00000002195687985193893020684058
1.4557114446695963 1.0773919395379190 -11.27542632421383661228109956765788 1.00000002195687965758532704101726
1.4582743170164750 1.0774924328812217 -11.27542632421826265162339938803997 1.00000002195687960674455454662515
1.4608371894217185 1.0775929112849357 -11.27542632422268863857004277645681 1.00000002195685329784232860946695
1.4634000618897959 1.0776933747228360 -11.27542632422711457238356736237618 1.00000002195687976238139974763997
1.4659629344251761 1.0777938231687016 -11.27542632423154052945070570055444 1.00000002195688009317068191829844
1.4685258070323281 1.0778942565963153 -11.27542632423596652953628516302775 1.00000002195688055095535054306419
1.4710886797157209 1.0779946749794637 -11.27542632424039256545376525204452 1.00000002195688113209462957338655
1.4736515524798235 1.0780950782892230 -11.27542632424481863001403878077614 1.00000002195688064603369564828634
1.4762144252598157 1.0781954664953975 -11.27542632424924471590772491056380 1.00000002195687853095116654673559
1.4787772979582648 1.0782958395717883 -11.27542632425367081577032665206200 1.00000002195687653014144394514891
1.4813401705796401 1.0783961974922007 -11.27542632425809692241622888246652 1.00000002195687464109870860166329
1.4839030431284105 1.0784965402304435 -11.27542632426252302866428112726448 1.00000002195687286153747538250408
1.4864659156090453 1.0785968677603296 -11.27542632426694912733924792506399 1.00000002195687118937466285744463
1.4890287880260135 1.0786971800556758 -11.27542632427137521127315004542302 1.00000002195686962270886252919324
1.4915916603837841 1.0787974770903026 -11.27542632427580127330650272744843 1.00000002195686815980464819774429
1.4941545326868263 1.0788977588380346 -11.27542632428022730628945678009648 1.00000002195686679907752491832140
1.4967174049396092 1.0789980252727002 -11.27542632428465330308284807217615 1.00000002195687478020720652930808
1.4992802771466018 1.0790261800032776 -11.27542632428907925860460988747534 1.00000000173159787159186167923188
1.4999999999854434 1.0790261800032776 -11.27542632429032218379587777515837 1.00