0.0000000000000000 1.0132707350059061 -11.27542632170075369048408031526706 1.00000088533465270983272421556064
0.0162733201163493 1.0139346974595944 -11.27542632913194221378776169799064 1.00000088532278764296713150848131
0.0325466270393614 1.0145987302006552 -11.27542633656402738745929189212261 1.00000088531227740182189602636996
0.0488199219138559 1.0152628262421040 -11.27542634399658552632597037104327 1.00000088530296531306595895217742
0.0650932058845865 1.0159269785963253 -11.27542635142919695009762639741552 1.00000088529471550050018532437654
0.0813664800962435 1.0165911802751426 -11.27542635886144533087256122112606 1.00000088528741008033899712927517
0.0976397456934564 1.0172554242898877 -11.27542636629291715253088049920389 1.00000088528094674705835509793891
0.1139130038207949 1.0179197036514704 -11.27542637372320126502427892955430 1.00000088527523669282941761312623
0.1301862556227703 1.0185840113704479 -11.27542638115188851937830526221710 1.00000088527020281155780779124636
0.1464595022438357 1.0192483404571473 -11.27542638857857147125262450835968 1.00000088534520268047361398115155
0.1627327448296788 1.0199126839215233 -11.27542639600295542219626405710679 1.00000088526109630911787718739397
0.1790059845220388 1.0205770347735463 -11.27542640342660573323896460564835 1.00000088525783453858288945316506
0.1952792224665021 1.0212413861602111 -11.27542641085000570640485712090879 1.00000109170081134966071856637812
0.2115524631668267 1.0219057308170679 -11.27542641827418216847803168920001 1.00000088530159846361919824642117
0.2278257010485554 1.0225700618909455 -11.27542642570043575906653779826366 1.00000088514782045162597297054211
0.2440989406097901 1.0232343723919993 -11.27542643312884886636071826111663 1.00000088528284956429450676322652
0.2603721829974880 1.0238986553303073 -11.27542644056143232202775697973813 1.00000088527523896498436642584243
0.2766454293516511 1.0245629037163209 -11.27542644799799099439440749224551 1.00000088526878942842408605594079
0.2929186808146748 1.0252271105608385 -11.27542645543812309514153764978428 1.00000088526336242988734677006274
0.3091919385289942 1.0258912688750745 -11.27542646288142909154309763182139 1.00000088525883849268630937584236
0.3254652036370744 1.0265553716707288 -11.27542647032751116390342467303626 1.00000088525511463297010400172898
0.3417384772814007 1.0272194119600557 -11.27542647777597276739316742511516 1.00000088525210213089999182144650
0.3580117606044714 1.0278833827559331 -11.27542648522641828015456929644162 1.00000088524972458854571397788407
0.3742850547487894 1.0285472770719319 -11.27542649267845272209119193780648 1.00000088524791623893661856506009
0.3905583608568554 1.0292110879223853 -11.27542650013168153097536125228108 1.00000088524662047479916381336203
0.4068316800711614 1.0298748073437333 -11.27542650758571038450009481490887 1.00000088524317762077454522312530
0.4231049895357387 1.0305384282064661 -11.27542651504013406549683471637103 1.00000088523976707409215033216799
0.4393782868119608 1.0312019435282337 -11.27542652249455669583172343240040 1.00000088523674237401102456991709
0.4556515730430381 1.0318653463277979 -11.27542652994858393648605372789937 1.00000088523407233696665843635345
0.4719248493721741 1.0325286296251012 -11.27542653740182127336989777950757 1.00000088523173002775381082679837
0.4881981169425650 1.0331917864413364 -11.27542654485387395729486926030639 1.00000088522969213583103155279769
0.5044713768973988 1.0338548097990160 -11.27542655230434695491001102416797 1.00000088522793843846315516089513
0.5207446303798543 1.0345176927220413 -11.27542655975284490893654596167004 1.00000088522645134000296975054840
0.5370178785331002 1.0351804282357720 -11.27542656719897210681072036816936 1.00000088522521547787565414879917
0.5532911225002935 1.0358430093672031 -11.27542657464233245746038227486724 1.00000088538735723887448514238734
0.5695643634272333 1.0365054291446026 -11.27542658208276138535310450772638 1.00000088522398301844357153550307
0.5858376024517482 1.0371676807175861 -11.27542658952253675988226704584773 1.00000106545437948123600309537234
0.6021108436525360 1.0378297568793217 -11.27542659696269500474344775951647 1.00000088528784900972635837109096
0.6183840823075728 1.0384916507826810 -11.27542660440455624767792654503699 1.00000088516291601513923771463671
0.6346573224878014 1.0391533554633164 -11.27542661184795523031316602654889 1.00000088526859113813906705518244
0.6509305653384645 1.0398148639586000 -11.27542661929494862442351463640930 1.00000088526120692135830416378678
0.6672038119992953 1.0404761693079959 -11.27542662674600082843426351754945 1.00000088525494582959158391379379
0.6834770636119563 1.0411372645530531 -11.27542663420069675038931316816390 1.00000088524967677308575223152690
0.6997503213181681 1.0417981427374746 -11.27542664165862380988505052740512 1.00000088524528662036738621068554
0.7160235862597003 1.0424587969071864 -11.27542664911937141463331411428021 1.00000088524167775556166761410473
0.7322968595783626 1.0431192201104063 -11.27542665658253052504105289363487 1.00000088523876595515789741210523
0.7485701424159977 1.0437794053977133 -11.27542666404769329329741156406258 1.00000088523647854463202260203564
0.7648434359144731 1.0444393458221165 -11.27542667151445276554629820504702 1.00000088523475279959007776353414
0.7811167412156754 1.0450990344391240 -11.27542667898240263747353340589548 1.00000088523353456023994998971876
0.7973900594615030 1.0457584634794814 -11.27542668645113705514940243164481 1.00000088523055534414582746603166
0.8136633713729978 1.0464176257158813 -11.27542669392024108149103308994284 1.00000088522721989734916136506209
0.8299366709548972 1.0470765142131933 -11.27542670138930603907795919350608 1.00000088522426971715195638248326
0.8462099593495269 1.0477351220391339 -11.27542670885792659221138533718212 1.00000088522167442346427690117806
0.8624832376992097 1.0483934422643351 -11.27542671632569739588899698234234 1.00000088521940763055894109838364
0.8787565071462651 1.0490514679624138 -11.27542672379221304203283754146628 1.00000088521744637512195304980316
0.8950297688330095 1.0497091922100407 -11.27542673125706802502037521454658 1.00000088521577062591381217446276
0.9113030239017566 1.0503666080870093 -11.27542673871985672480712644441307 1.00000088521436286445962319761304
0.9275762734948165 1.0510237086763051 -11.27542674618017340635203906983816 1.00000088521320772746617407788902
0.9438495187544959 1.0516804870641740 -11.27542675363761223436983403832188 1.00000088521229170277298896908645
0.9601227608230970 1.0523369363402228 -11.27542676109176730264677693127889 1.00000088525953974973424784144702
0.9763960008436973 1.0529930497076415 -11.27542676854371429525615699168342 1.00000105329154697605471304485557
0.9926692426922387 1.0536488200423237 -11.27542677599578880544748642475073 1.00000088528753843360661152246984
1.0089424820423373 1.0543042405544493 -11.27542678344947468834340927125664 1.00000088527762143302345720831816
1.0252157227682201 1.0549593043474843 -11.27542679090447822438694050280667 1.00000088518507547381433978246734
1.0414889660093523 1.0556140045287349 -11.27542679836163365188286257725872 1.00000088526047932021387839554753
1.0577622129093663 1.0562683342090876 -11.27542680582289004442594280601801 1.00000088525405279477718970164021
1.0740354646079084 1.0569222865032950 -11.27542681328793758687302637728413 1.00000088524859376498436172972275
1.0903087222460415 1.0575758545299893 -11.27542682075634855539101765874206 1.00000088524399404787986887630879
1.1065819869648877 1.0582290314117501 -11.27542682822769705365718277502230 1.00000088524016023610332991075508
1.1228552599056210 1.0588818102751724 -11.27542683570155870882216973061260 1.00000088523701167953493485247746
1.1391285422094602 1.0595341842509339 -11.27542684317751043108364863805893 1.00000088523447873517506020697786
1.1554018350176628 1.0601861464738633 -11.27542685065513022695446150894661 1.00000088523250125070173857621084
1.1716751394715193 1.0608376900830078 -11.27542685813399705768910596486365 1.00000088523102725136242972164234
1.1879484567123475 1.0614888075479340 -11.27542686561369073552628612238802 1.00000088522817916293842161611347
1.2042217710365381 1.0621394915901256 -11.27542687309378410855366753469585 1.00000088522458702809715902627649
1.2204950728888080 1.0627897353639748 -11.27542688057385358456599637211263 1.00000088522138095255962600758228
1.2367683634108223 1.0634395320284328 -11.27542688805348120043473523629425 1.00000088521853174443288620054011
1.2530416437442398 1.0640888747470768 -11.27542689553224969938341924751413 1.00000088521601406010763799490215
1.2693149150307142 1.0647377566881784 -11.27542690300974253962604120789390 1.00000088521380586135724147469485
1.2855881784118953 1.0653861710247714 -11.27542691048554391548510589120134 1.00000088521188794912940513414253
1.3018614350294303 1.0660341109347194 -11.27542691795923878900172616230917 1.00000088521024356398169897980679
1.3181346860249645 1.0666815696007840 -11.27542692543041293044511056241677 1.00000088520885804435206681492518
1.3344079325401417 1.0673285402106925 -11.27542693289865296643818302898608 1.00000088520771853492752536352113
1.3506811757166048 1.0679750159573272 -11.27542694036354643464614923587358 1.00000088539390752269495781037256
1.3669544166990405 1.0686209901417966 -11.27542694782523963603417902486542 1.00000104541056946198053390235977
1.3832276592300442 1.0692664557602404 -11.27542695528670338024702979810839 1.00000088528797665704266311385204
1.3995008992412912 1.0699114061243680 -11.27542696274973777066051082854044 1.00000088527815935228040212909643
1.4157741404782028 1.0705558344477020 -11.27542697021408573751531414966024 1.00000088526965552235024209568201
1.4320473840810474 1.0711997339491057 -11.27542697767931714282755534017259 1.00000088520428353194345067289389
1.4483206311892386 1.0718430978529991 -11.27542698514653140421296715666528 1.00000088525453291345917905117640
1.4645938829450792 1.0724859193892056 -11.27542699261758853997915936298050 1.00000088524896692427287217001355
1.4808671404881560 1.0731281917931666 -11.27542700009213154153404609278337 1.00000088524423750902180294453601
1.4971404049590438 1.0732409967891034 -11.27542700756972344345816283180761 1.00000002733514728088424660243133
1.4999999975467296 1.0732409967891034 -11.27542700888399292426906414457206 1.00