0.0000000000000000e+00 -7.7429641569835068e+00 4.9255743887578496e-01
3.4125381339081590e-03 -7.8560745018770435e+00 7.8259838384348224e-01
8.0383372907851559e-03 -7.9244097516281800e+00 8.1263523341538235e-01
1.2401765955953468e-02 -7.9617348631445513e+00 8.5783206067517859e-01
1.6691243736685069e-02 -7.9868136595810224e+00 7.6541953790035921e-01
2.0307672649323753e-02 -8.0150762016737893e+00 8.2928372372631021e-01
2.4116720284315243e-02 -8.0689326843387335e+00 8.0842974751247776e-01
2.7765539007478419e-02 -8.1068424549365812e+00 9.0689912796970362e-01
3.1794479070673287e-02 -8.1366194679627082e+00 8.8670669379361478e-01
3.5670166946369063e-02 -8.1656142742842501e+00 9.3903404109373345e-01
3.9724828874920709e-02 -8.1982637919756414e+00 9.3931530726615686e-01
4.3755009369844632e-02 -8.2233824183209911e+00 9.2134801014726553e-01
4.7679515014426695e-02 -8.2628323641869308e+00 9.3731348450581131e-01
5.1650207557768044e-02 -8.2935265576074553e+00 9.5274038459155808e-01
5.5672352721416823e-02 -8.3272726084065845e+00 9.3104282482037215e-01
5.9589332285548288e-02 -8.3649969123357035e+00 9.5272923657937358e-01
6.3579403103280571e-02 -8.3937720189528910e+00 9.4608401765958505e-01
6.7532311789608473e-02 -8.4330767009130199e+00 9.3187156076169697e-01
7.1418396344014742e-02 -8.4668117149570250e+00 9.6101667922473544e-01
7.5414028144590514e-02 -8.5027399498456688e+00 9.3057923169042911e-01
7.9278041924850093e-02 -8.5414291012024819e+00 9.4424997900509822e-01
8.3193069903659073e-02 -8.5741819569609632e+00 9.5016768233002735e-01
8.7124493025131686e-02 -8.6163236651177666e+00 9.4055350566324458e-01
9.1014043548034815e-02 -8.6519482387239730e+00 9.5456402059508183e-01
9.4954740867134096e-02 -8.6913799023756972e+00 9.5010081635106203e-01
9.8872041444447972e-02 -8.7296581155712278e+00 9.4549960288973800e-01
1.0277018023467764e-01 -8.7659098130533479e+00 9.5302686479689269e-01
1.0669243693045138e-01 -8.8077961701406284e+00 9.4821592563411361e-01
1.1059193951383310e-01 -8.8436725182126370e+00 9.5101377409407584e-01
1.1450256965048214e-01 -8.8851616919901684e+00 9.6155646167944409e-01
1.1845055331616766e-01 -8.9224738202528666e+00 9.5467252051946150e-01
1.2236875425307868e-01 -8.9605595312344430e+00 9.6171419035769845e-01
1.2631415217862638e-01 -9.0008789529557660e+00 9.5689808704004697e-01
1.3023561872969822e-01 -9.0375640740365473e+00 9.5839362542519990e-01
1.3416327390150401e-01 -9.0782333090832577e+00 9.6105218224900235e-01
1.3809865871772470e-01 -9.1159395409816977e+00 9.6504921907393859e-01
1.4204794639303309e-01 -9.1539774339971931e+00 9.6248010973523113e-01
1.4598784189025352e-01 -9.1937679063619360e+00 9.6287431196249251e-01
1.4992495562358274e-01 -9.2302126049373303e+00 9.7093066384159132e-01
1.5389406860611257e-01 -9.2690068187070374e+00 9.6244472219280364e-01
1.5782828574533980e-01 -9.3071868015251376e+00 9.6981895692580933e-01
1.6178925166125582e-01 -9.3433598546163239e+00 9.6646780952502143e-01
1.6573690562244545e-01 -9.3828065827168174e+00 9.6421800055278784e-01
1.6967344346844943e-01 -9.4184067564880589e+00 9.7445449566378461e-01
1.7364995135133887e-01 -9.4566320510502972e+00 9.6381567629074461e-01
1.7758452169096686e-01 -9.4945128414271931e+00 9.7044460258077159e-01
1.8154277347913966e-01 -9.5298540420349145e+00 9.7076830812845882e-01
1.8550185787632073e-01 -9.5694086744445741e+00 9.6433368967066713e-01
1.8943445940841827e-01 -9.6042211427297168e+00 9.7562427781371208e-01
1.9341105853979756e-01 -9.6423227344427804e+00 9.6478495874652337e-01
1.9734406420181189e-01 -9.6798382505941287e+00 9.6797512256932094e-01
2.0128836564301877e-01 -9.7151151840060095e+00 9.7392188632690435e-01
2.0525597369600931e-01 -9.7542703722294650e+00 9.6418445234586003e-01
2.0918470629856317e-01 -9.7889117068809171e+00 9.7479106146701744e-01
2.1315450518516660e-01 -9.8268412101686771e+00 9.6619909491786959e-01
2.1708925303516932e-01 -9.8638970993886872e+00 9.6591081904905596e-01
2.2102238884634304e-01 -9.8994150484567651e+00 9.7524611201265921e-01
2.2499237726930060e-01 -9.9380395102614916e+00 9.6310139159319386e-01
2.2891352458477471e-01 -9.9731364018073325e+00 9.7234607754195324e-01
2.3287086716906724e-01 -1.0010364441308635e+01 9.6872669403443945e-01
2.3681299265630093e-01 -1.0046684739903412e+01 9.6437443283768909e-01
2.4073792996592250e-01 -1.0082371042504979e+01 9.7525017623637544e-01
2.4470568208147725e-01 -1.0120260062557062e+01 9.6301624765946370e-01
2.4862362528108037e-01 -1.0155872176317409e+01 9.6942611048228899e-01
2.5256740524702326e-01 -1.0192317864859261e+01 9.7192225444981983e-01
2.5652046888804553e-01 -1.0228519528537172e+01 9.6308584100070616e-01
2.6043789498462361e-01 -1.0264268940068991e+01 9.7499865436828226e-01
2.6440299754906249e-01 -1.0300904597072618e+01 9.6463784449902623e-01
2.6832542732645626e-01 -1.0336918243525481e+01 9.6624956294857034e-01
2.7225492650675559e-01 -1.0372603703721373e+01 9.7566067069381268e-01
2.7622172989514165e-01 -1.0408913201088144e+01 9.6289028002758070e-01
2.8013625495199429e-01 -1.0444723814396957e+01 9.7345780078069954e-01
2.8409415269644045e-01 -1.0479823777582956e+01 9.6843449758654288e-01
2.8803059409187803e-01 -1.0515903590807435e+01 9.6383685897457139e-01
2.9194814378060419e-01 -1.0551071736730888e+01 9.7801778728838396e-01
2.9592357532382113e-01 -1.0587302312101251e+01 9.6484364076953666e-01
2.9984453413993706e-01 -1.0623069893584258e+01 9.7085878671755266e-01
3.0378980705402525e-01 -1.0657092956763300e+01 9.7299680656751808e-01
3.0774393643789610e-01 -1.0693161962303405e+01 9.6242066188376030e-01
3.1165422627234196e-01 -1.0727967685249983e+01 9.7820615259699384e-01
3.1562860418354394e-01 -1.0763696109301666e+01 9.6920658470272869e-01
3.1956629883189186e-01 -1.0799331290512105e+01 9.6843277484516666e-01
3.2350005906254609e-01 -1.0832758465325588e+01 9.7784479034425464e-01
3.2747203531416852e-01 -1.0868725439267205e+01 9.6204216163885992e-01
3.3137970624636959e-01 -1.0902966174088656e+01 9.7650599000428207e-01
3.3534540656892298e-01 -1.0937863168759845e+01 9.7122705319240810e-01
3.3928961377631589e-01 -1.0973082883921192e+01 9.6605486011914588e-01
3.4321268664682181e-01 -1.1006191834161401e+01 9.7857930360327283e-01
3.4718602150245426e-01 -1.1041525222272583e+01 9.6667119844061644e-01
3.5111092998653998e-01 -1.1075058733819755e+01 9.7475506579554372e-01
3.5506845925095792e-01 -1.1108781436761754e+01 9.7625318351076040e-01
3.5903158020519171e-01 -1.1143573065980563e+01 9.7030381087430650e-01
3.6297057901675678e-01 -1.1176169198388195e+01 9.8249671538419281e-01
3.6695872638174798e-01 -1.1210751202888543e+01 9.7728257064797153e-01
3.7092524712795871e-01 -1.1243430853220659e+01 9.7783973420334114e-01
3.7489421932140388e-01 -1.1276066542875920e+01 9.7866450010263639e-01
3.7886618968250735e-01 -1.1309743252824264e+01 9.7327083714408391e-01
3.8281592397388459e-01 -1.1341573596399137e+01 9.8080921736078408e-01
3.8679658794448663e-01 -1.1375402229861116e+01 9.8146110720560453e-01
3.9077942492280454e-01 -1.1407779087026199e+01 9.7668600971031139e-01
3.9474277606549696e-01 -1.1439816780451432e+01 9.8251738352207929e-01
3.9872958077958154e-01 -1.1472721851193628e+01 9.9823982762787411e-01
4.0002032950817867e-01 -1.1482865779309115e+01 1
