0.0000000000000000e+00 -7.7429641569835690e+00 4.9255743887574854e-01
1.7062690669539535e-03 -7.7995193294303364e+00 7.8259838384352620e-01
4.0191686453925866e-03 -7.8336869543059153e+00 8.1263523332723331e-01
6.2008829777402616e-03 -7.8523495100626590e+00 8.5783206070309470e-01
8.3456218681935875e-03 -7.8648889082816984e+00 7.6541953790255213e-01
1.0153836324522715e-02 -7.8790201793265444e+00 8.2928372375476700e-01
1.2058360142077533e-02 -7.9059484206587607e+00 8.0842974746674812e-01
1.3882769503539538e-02 -7.9249033059571978e+00 9.0689912797414673e-01
1.5897239535135822e-02 -7.9397918124709808e+00 8.8670669380484424e-01
1.7835083472998690e-02 -7.9542892156318725e+00 9.3903404109490851e-01
1.9862414437265528e-02 -7.9706139744771534e+00 9.3931530725966139e-01
2.1877504684703536e-02 -7.9831732876491106e+00 9.2134801015405166e-01
2.3839757507002804e-02 -8.0028982605818193e+00 9.3731348450612395e-01
2.5825103778668305e-02 -8.0182453572934378e+00 9.5274038458494470e-01
2.7836176360473031e-02 -8.0351183826944297e+00 9.3104282480552114e-01
2.9794666142502819e-02 -8.0539805346602638e+00 9.5272923657734498e-01
3.1789701551358622e-02 -8.0683680879699526e+00 9.4608401766612382e-01
3.3766155894530768e-02 -8.0880204289581670e+00 9.3187156058007181e-01
3.5709198171350411e-02 -8.1048879359778567e+00 9.6101667921395095e-01
3.7707014071610825e-02 -8.1228520534225339e+00 9.3057923169677714e-01
3.9639020961749948e-02 -8.1421966291023704e+00 9.4424997901838048e-01
4.1596534951177946e-02 -8.1585730569838883e+00 9.5016768234023652e-01
4.3562246511931801e-02 -8.1796439110628167e+00 9.4055350566752982e-01
4.5507021773390319e-02 -8.1974561978674458e+00 9.5456402060613721e-01
4.7477370432960575e-02 -8.2171720296974513e+00 9.5010081633593102e-01
4.9436020721584692e-02 -8.2363111362955141e+00 9.4549960288706103e-01
5.1385090116693573e-02 -8.2544369850361186e+00 9.5302686480002907e-01
5.3346218464585975e-02 -8.2753801635812465e+00 9.4821592564256929e-01
5.5295969756293917e-02 -8.2933183376185511e+00 9.5101377410364218e-01
5.7251284824635922e-02 -8.3140629245091109e+00 9.6155646167377573e-01
5.9225276657465874e-02 -8.3327189886414548e+00 9.5467252051859441e-01
6.1184377125920036e-02 -8.3517618441337547e+00 9.6171419036694172e-01
6.3157076088712072e-02 -8.3719215549933832e+00 9.5689808704160439e-01
6.5117809364252086e-02 -8.3902641155341513e+00 9.5839362542859807e-01
6.7081636950162823e-02 -8.4105987330572560e+00 9.6105218225333022e-01
6.9049329358281952e-02 -8.4294518490060675e+00 9.6504921907658803e-01
7.1023973195942461e-02 -8.4484707955144760e+00 9.6248010973201459e-01
7.2993920944547458e-02 -8.4683660316948508e+00 9.6287431196791440e-01
7.4962477811223574e-02 -8.4865883809821199e+00 9.7093066383826532e-01
7.6947034302483161e-02 -8.5059854878675445e+00 9.6244472219615140e-01
7.8914142872103507e-02 -8.5250754792749852e+00 9.6981895693574427e-01
8.0894625830082917e-02 -8.5431620058209159e+00 9.6646780952219058e-01
8.2868452810674023e-02 -8.5628853698709619e+00 9.6421800055999385e-01
8.4836721733691167e-02 -8.5806854567561430e+00 9.7445449566218234e-01
8.6824975675134058e-02 -8.5997981040380740e+00 9.6381567629348353e-01
8.8792260844955812e-02 -8.6187384992247260e+00 9.7044460258798959e-01
9.0771386739057672e-02 -8.6364090995285014e+00 9.7076830812357073e-01
9.2750928937640004e-02 -8.6561864157329058e+00 9.6433368968101529e-01
9.4717229703709993e-02 -8.6735926498743812e+00 9.7562427782073935e-01
9.6705529269415044e-02 -8.6926434457325783e+00 9.6478495874735848e-01
9.8672032100425924e-02 -8.7114012038060817e+00 9.6797512258441643e-01
1.0064418282106082e-01 -8.7290396705115718e+00 9.7392188632146759e-01
1.0262798684754659e-01 -8.7486172646219504e+00 9.6418445234889782e-01
1.0459235314882992e-01 -8.7659379319472652e+00 9.7479106147477124e-01
1.0657725259214856e-01 -8.7849026835938755e+00 9.6619909492022460e-01
1.0854462651715666e-01 -8.8034306282029995e+00 9.6591081906476317e-01
1.1051119442277621e-01 -8.8211896027374443e+00 9.7524611200700972e-01
1.1249618863424510e-01 -8.8405018336392303e+00 9.6310139159467623e-01
1.1445676229198762e-01 -8.8580502794118683e+00 9.7234607755558145e-01
1.1643543358416220e-01 -8.8766642991641636e+00 9.6872669402718259e-01
1.1840649632776570e-01 -8.8948244484603780e+00 9.6437443285011626e-01
1.2036896498260198e-01 -8.9126675997610825e+00 9.7525017623935262e-01
1.2235284104038642e-01 -8.9316121097869310e+00 9.6301624766040872e-01
1.2431181264019177e-01 -8.9494181666665877e+00 9.6942611049597316e-01
1.2628370262319133e-01 -8.9676410109371414e+00 9.7192225443872449e-01
1.2826023444368104e-01 -8.9857418427748925e+00 9.6308584101145001e-01
1.3021894749199392e-01 -9.0036165485406841e+00 9.7499865438576561e-01
1.3220149877424930e-01 -9.0219343770423421e+00 9.6463784449399048e-01
1.3416271366293711e-01 -9.0399412002679984e+00 9.6624956296676845e-01
1.3612746325312569e-01 -9.0577839303672167e+00 9.7566067067846096e-01
1.3811086494728850e-01 -9.0759386790526602e+00 9.6289028003147448e-01
1.4006812747572450e-01 -9.0938439857089222e+00 9.7345780080145450e-01
1.4204707634799027e-01 -9.1113939673052027e+00 9.6843449757392674e-01
1.4401529704568480e-01 -9.1294338739203305e+00 9.6383685898450477e-01
1.4597407189007033e-01 -9.1470179468840183e+00 9.7801778728627786e-01
1.4796178766167473e-01 -9.1651332345726217e+00 9.6484364076217366e-01
1.4992226706971892e-01 -9.1830170253169658e+00 9.7085878674280290e-01
1.5189490352681642e-01 -9.2000285569116080e+00 9.7299680655189147e-01
1.5387196821872048e-01 -9.2180630596866013e+00 9.6242066189527464e-01
1.5582711313596820e-01 -9.2354659211654013e+00 9.7820615260752342e-01
1.5781430209159281e-01 -9.2533301332016578e+00 9.6920658469556553e-01
1.5978314941575306e-01 -9.2711477238160658e+00 9.6843277486215928e-01
1.6175002953111647e-01 -9.2878613112343462e+00 9.7784479032937832e-01
1.6373601765690007e-01 -9.3058447982176222e+00 9.6204216164440481e-01
1.6568985312301310e-01 -9.3229651656406958e+00 9.7650599002600003e-01
1.6767270328433617e-01 -9.3404136629953793e+00 9.7122705317706925e-01
1.6964480688800454e-01 -9.3580235205935161e+00 9.6605486013583031e-01
1.7160634332329272e-01 -9.3745779957347253e+00 9.7857930359485201e-01
1.7359301075109412e-01 -9.3922446898149197e+00 9.6667119843617133e-01
1.7555546499313113e-01 -9.4090114456142455e+00 9.7475506581819604e-01
1.7753422962538815e-01 -9.4258727971160177e+00 9.7625318349308277e-01
1.7951579010247209e-01 -9.4432686117570501e+00 9.7030381087866191e-01
1.8148528950826698e-01 -9.4595666779970493e+00 9.8249671538775885e-01
1.8347936319077238e-01 -9.4768576802878357e+00 9.7728257063977209e-01
1.8546262356386461e-01 -9.4931975054945248e+00 9.7783973422311155e-01
1.8744710966063102e-01 -9.5095153503631966e+00 9.7866450008899397e-01
1.8943309484115764e-01 -9.5263537053682565e+00 9.7327083713721674e-01
1.9140796198683580e-01 -9.5422688771861850e+00 9.8080921737629367e-01
1.9339829397217170e-01 -9.5591831939926770e+00 9.8146110719132929e-01
1.9538971246130479e-01 -9.5753716227418835e+00 9.7668600972546127e-01
1.9737138803268539e-01 -9.5913904696525343e+00 9.8251738351076057e-01
1.9936479038970739e-01 -9.6078430049613015e+00 9.7614103084167070e-01
2.0134497262290552e-01 -9.6236658605184910e+00 9.8588270617995222e-01
2.0334495911930689e-01 -9.6401297491394988e+00 9.8432626017558911e-01
2.0534180834340918e-01 -9.6560197509244698e+00 9.7705730348702158e-01
2.0732370092587254e-01 -9.6717287747173497e+00 9.8294923796630251e-01
2.0931768802182182e-01 -9.6878677236701236e+00 9.7920166489536697e-01
2.1130382681695117e-01 -9.7035999573580494e+00 9.8407542257858105e-01
2.1329977654144777e-01 -9.7196677860865304e+00 9.8615500992178506e-01
2.1530004602852260e-01 -9.7353266576623216e+00 9.7771345843722757e-01
2.1728288745062391e-01 -9.7508699745196576e+00 9.8834674329336258e-01
2.1928734075052098e-01 -9.7666884574978479e+00 9.7999702744430395e-01
2.2127492639530422e-01 -9.7822456495086598e+00 9.8111802442507767e-01
2.2326456011047416e-01 -9.7978957172261509e+00 9.9089376398425100e-01
2.2527414928124839e-01 -9.8134024469119705e+00 9.7956570216130978e-01
2.2726072712948703e-01 -9.8288663939038550e+00 9.8703024415745255e-01
2.2926236277992398e-01 -9.8442718609809070e+00 9.8210844835501954e-01
2.3125415181737122e-01 -9.8596374522762780e+00 9.8087866665351475e-01
2.3324317343331294e-01 -9.8749320382996206e+00 9.9503238086639190e-01
2.3526092723347120e-01 -9.8902021142725207e+00 9.8139582118521984e-01
2.3725110615091013e-01 -9.9054866928437750e+00 9.8568519982858294e-01
2.3924982083801843e-01 -9.9205131645338724e+00 9.8490455448404779e-01
2.4124705947888928e-01 -9.9357322719608572e+00 9.8233066668533242e-01
2.4323899089558185e-01 -9.9508317729790221e+00 9.9005978602705325e-01
2.4524652601245747e-01 -9.9657326489424047e+00 9.8344741484274834e-01
2.4724081116030755e-01 -9.9809505865086905e+00 9.8496649275491710e-01
2.4923797858126098e-01 -9.9958017847456535e+00 9.9108706175688832e-01
2.5124754504311131e-01 -1.0011111965011681e+01 9.8230569255865741e-01
2.5323946596731789e-01 -1.0026256520539048e+01 9.8933432506722796e-01
2.5524550391886502e-01 -1.0041069335149308e+01 9.8311415695417237e-01
2.5723891758998640e-01 -1.0056282619788421e+01 9.8490459296248112e-01
2.5923607203856580e-01 -1.0071105770307506e+01 9.9321255502598205e-01
2.6124994424817721e-01 -1.0086406603733250e+01 9.8342429809119891e-01
2.6324397173154501e-01 -1.0101549351550974e+01 9.8813243667527950e-01
2.6524754027815806e-01 -1.0116182795247861e+01 9.8556225402500308e-01
2.6724579878751548e-01 -1.0131367547438144e+01 9.8411797942305790e-01
2.6924115004753224e-01 -1.0146085016190661e+01 9.9584036436001266e-01
2.7126025340560911e-01 -1.0161264223543052e+01 9.8361651401306438e-01
2.7325450358269071e-01 -1.0176333063792919e+01 9.8679799962914183e-01
2.7525524319829037e-01 -1.0190689134088810e+01 9.9000382563555989e-01
2.7726240547485637e-01 -1.0205793572990048e+01 9.8460230612338751e-01
2.7925857136445381e-01 -1.0220395171693395e+01 9.9563381555548491e-01
2.8127716020081611e-01 -1.0235341345028431e+01 9.8454990010781129e-01
2.8327316679840880e-01 -1.0250308556996432e+01 9.8574788118449685e-01
2.8527157135618442e-01 -1.0264432827370227e+01 9.8979839691666949e-01
2.8727825322935086e-01 -1.0279384972871956e+01 9.8528301914505190e-01
2.8927569021400751e-01 -1.0293893656371280e+01 9.8947289190321630e-01
2.9128160368749512e-01 -1.0308505608358757e+01 9.8681020360078042e-01
2.9328213765953171e-01 -1.0323463481188069e+01 9.8507613774344249e-01
2.9527905553403672e-01 -1.0337565160962772e+01 9.9516522883816627e-01
2.9729643635215691e-01 -1.0352658192145746e+01 9.8482252854170249e-01
2.9929282703945564e-01 -1.0367305470825713e+01 9.8861872742572410e-01
3.0129682152151582e-01 -1.0381795391727033e+01 9.8889450685346225e-01
3.0330139688510344e-01 -1.0396786910494685e+01 9.8628248372864968e-01
3.0530069292754441e-01 -1.0410944833355002e+01 9.9584393353457035e-01
3.0731928602179626e-01 -1.0426038676775143e+01 9.8565833466782116e-01
3.0931725772213459e-01 -1.0440812710336839e+01 9.8767540533101283e-01
3.1131928404499576e-01 -1.0455228013822689e+01 9.9012560411496953e-01
3.1332619947088941e-01 -1.0470285188167656e+01 9.8592604716395993e-01
3.1532463635338509e-01 -1.0484487010388994e+01 9.9563447672157368e-01
3.1734275092128617e-01 -1.0499538467834089e+01 9.8683018004343581e-01
3.1934295093540832e-01 -1.0514409947646655e+01 9.8683540511782675e-01
3.2134320216182904e-01 -1.0528701912160473e+01 9.9191456629829733e-01
3.2335369945864700e-01 -1.0543771426442802e+01 9.8670693193699366e-01
3.2535357566927281e-01 -1.0558026142126499e+01 9.9533832755477802e-01
3.2737098677676746e-01 -1.0572938497392679e+01 9.8798658868134970e-01
3.2937348442331038e-01 -1.0587850549314767e+01 9.8622035777192019e-01
3.3137235176068186e-01 -1.0601991311931101e+01 9.9252176811635029e-01
3.3338403550613427e-01 -1.0617019686914389e+01 9.8742868945661622e-01
3.3538531118965670e-01 -1.0631348318467264e+01 9.9449196267429807e-01
3.3740086820593129e-01 -1.0646077083620717e+01 9.8936737837763600e-01
3.3940609469868005e-01 -1.0661042659939531e+01 9.8787467342903112e-01
3.4140821747697075e-01 -1.0675018480166500e+01 9.9298812049490071e-01
3.4342068032109097e-01 -1.0689922231339851e+01 9.8808048734538545e-01
3.4542326615722785e-01 -1.0704338192434825e+01 9.8830152887783829e-01
3.4742618448277712e-01 -1.0718775878236956e+01 9.9123248881793802e-01
3.4943502665496268e-01 -1.0733799615057187e+01 9.8803000324911316e-01
3.5143745486388284e-01 -1.0747775284091645e+01 9.9612211056165800e-01
3.5345617832458270e-01 -1.0762743598795666e+01 9.8825628710907032e-01
3.5545895280640688e-01 -1.0777347329657477e+01 9.8744051726857185e-01
3.5746013277673211e-01 -1.0791709983084640e+01 9.9229938232853088e-01
3.5947107821887830e-01 -1.0806812225538042e+01 9.8817369843815861e-01
3.6147367675848996e-01 -1.0820901085116116e+01 9.9582992164080286e-01
3.6349176523159532e-01 -1.0835859450712094e+01 9.8856464942407096e-01
3.6549507222849520e-01 -1.0850694702469154e+01 9.8661967534314066e-01
3.6749448397968582e-01 -1.0864993814954815e+01 9.9268084030034109e-01
3.6950614411841709e-01 -1.0880107122193117e+01 9.8890300189230729e-01
3.7151011265420653e-01 -1.0894277572746997e+01 9.9495277624218481e-01
3.7352640498403678e-01 -1.0909105179849369e+01 9.9072474342873162e-01
3.7553403862096540e-01 -1.0924101770720320e+01 9.8656240333693246e-01
3.7753322693827185e-01 -1.0938251023584327e+01 9.9329492633867722e-01
3.7954613404237875e-01 -1.0953267005933540e+01 9.8953882679784932e-01
3.8155132764751398e-01 -1.0967516352415403e+01 9.9396695504205401e-01
3.8356550057627414e-01 -1.0982153704655046e+01 9.9207228297597472e-01
3.8557587216630723e-01 -1.0997221894556512e+01 9.8879167729360185e-01
3.8757951737685875e-01 -1.1011339658365539e+01 9.9598585744249735e-01
3.8959776432066195e-01 -1.1026277357774939e+01 9.9006309910047818e-01
3.9160401287926688e-01 -1.1040619009330314e+01 9.8811070868377970e-01
3.9360625356517409e-01 -1.1054999477417020e+01 9.9288786080578229e-01
3.9561821806803815e-01 -1.1070070720161736e+01 9.8904330257839512e-01
3.9762233993561513e-01 -1.1084222539548890e+01 9.9564620989524832e-01
3.9963980476883615e-01 -1.1099136659687474e+01 1.0001505361086260e+00
4.0000162953145962e-01 -1.1101892553227083e+01 1
