0.0000000000000000e+00 -7.7429641569835166e+00 4.9255743887587999e-01
8.5313453347720444e-04 -7.7712417432069065e+00 7.8259838384529945e-01
2.0095843226991339e-03 -7.7883255556447324e+00 8.1263523330304666e-01
3.1004414888404488e-03 -7.7976568335229768e+00 8.5783206067248563e-01
4.1728109340278688e-03 -7.8039265326323903e+00 7.6541953789551687e-01
5.0769181621821190e-03 -7.8109921681548347e+00 8.2928372375675474e-01
6.0291800709596256e-03 -7.8244562888204827e+00 8.0842974751595298e-01
6.9413847517480164e-03 -7.8339337314695898e+00 9.0689912798359495e-01
7.9486197675579500e-03 -7.8413779847263871e+00 8.8670669380627731e-01
8.9175417364941376e-03 -7.8486266863065648e+00 9.3903404108681632e-01
9.9312072186241527e-03 -7.8567890657290960e+00 9.3931530727165224e-01
1.0938752342360107e-02 -7.8630687223149529e+00 9.2134801015974999e-01
1.1919878753519289e-02 -7.8729312087803534e+00 9.3731348450568341e-01
1.2912551889354243e-02 -7.8806047571356315e+00 9.5274038459794941e-01
1.3918088180271935e-02 -7.8890412698351922e+00 9.3104282480802358e-01
1.4897333071291300e-02 -7.8984723458168933e+00 9.5272923657663089e-01
1.5894850775720070e-02 -7.9056661224701816e+00 9.4608401768513506e-01
1.6883077947326276e-02 -7.9154922929628588e+00 9.3187156056888787e-01
1.7854599085725367e-02 -7.9239260464709753e+00 9.6101667922699829e-01
1.8853507035870007e-02 -7.9329081051906059e+00 9.3057923167144052e-01
1.9819510480912284e-02 -7.9425803930303873e+00 9.4424997898934082e-01
2.0798267475596856e-02 -7.9507686069699561e+00 9.5016768233492654e-01
2.1781123255967750e-02 -7.9613040340093804e+00 9.4055350565938545e-01
2.2753510886685931e-02 -7.9702101774110705e+00 9.5456402058625045e-01
2.3738685216449937e-02 -7.9800680933218411e+00 9.5010081635418486e-01
2.4718010360778780e-02 -7.9896376466215102e+00 9.4549960287630341e-01
2.5692545058318333e-02 -7.9987005709909287e+00 9.5302686478506504e-01
2.6673109232247576e-02 -8.0091721602630699e+00 9.4821592564417534e-01
2.7647984878100232e-02 -8.0181412472805871e+00 9.5101377408481791e-01
2.8625642412251694e-02 -8.0285135407238197e+00 9.6155646168212638e-01
2.9612638328673460e-02 -8.0378415727893451e+00 9.5467252051324203e-01
3.0592188562891479e-02 -8.0473630005338439e+00 9.6171419033798000e-01
3.1578538044256477e-02 -8.0574428559663822e+00 9.5689808703589052e-01
3.2558904682017657e-02 -8.0666141362360833e+00 9.5839362541920248e-01
3.3540818474959530e-02 -8.0767814449980104e+00 9.6105218224988320e-01
3.4524664679013488e-02 -8.0862080029733718e+00 9.6504921906925745e-01
3.5511986597832890e-02 -8.0957174762263193e+00 9.6248010973969067e-01
3.6496960472139059e-02 -8.1056650943182422e+00 9.6287431195454043e-01
3.7481238905460970e-02 -8.1147762689625864e+00 9.7093066384798932e-01
3.8473517151096981e-02 -8.1244748224042773e+00 9.6244472218913812e-01
3.9457071435898584e-02 -8.1340198181092038e+00 9.6981895691066278e-01
4.0447312914859819e-02 -8.1430630813819693e+00 9.6646780953047773e-01
4.1434226405159792e-02 -8.1529247634069204e+00 9.6421800054717921e-01
4.2418360866653661e-02 -8.1618248068502766e+00 9.7445449566476627e-01
4.3412487837374746e-02 -8.1713811304908113e+00 9.6381567629053500e-01
4.4396130422278496e-02 -8.1808513280866055e+00 9.7044460256816656e-01
4.5385693369307138e-02 -8.1896866282370002e+00 9.7076830814251758e-01
4.6375464468614194e-02 -8.1995752863395293e+00 9.6433368965995481e-01
4.7358614851626325e-02 -8.2082784034122049e+00 9.7562427778967287e-01
4.8352764634444510e-02 -8.2178038013402332e+00 9.6478495875500059e-01
4.9336016049953850e-02 -8.2271826803794461e+00 9.6797512255871254e-01
5.0322091410243387e-02 -8.2360019137313607e+00 9.7392188633766419e-01
5.1313993423499890e-02 -8.2457907107873645e+00 9.6418445234059491e-01
5.2296176574132144e-02 -8.2544510444503416e+00 9.7479106144957806e-01
5.3288626295763697e-02 -8.2639334202706998e+00 9.6619909493324174e-01
5.4272313258277770e-02 -8.2731973925768845e+00 9.6591081903523457e-01
5.5255597211056051e-02 -8.2820768798429647e+00 9.7524611202149769e-01
5.6248094316802673e-02 -8.2917329952943124e+00 9.6310139159650587e-01
5.7228381145672171e-02 -8.3005072181809076e+00 9.7234607752608904e-01
5.8217716791727908e-02 -8.3098142280555027e+00 9.6872669404744882e-01
5.9203248163547662e-02 -8.3188943027054343e+00 9.6437443282398627e-01
6.0184482490938357e-02 -8.3278158783557394e+00 9.7525017623110388e-01
6.1176420519820328e-02 -8.3372881333690962e+00 9.6301624766539851e-01
6.2155906319725188e-02 -8.3461911618095854e+00 9.6942611046370897e-01
6.3141851311190975e-02 -8.3553025839442885e+00 9.7192225447138769e-01
6.4130117221466873e-02 -8.3643529998639412e+00 9.6308584099410099e-01
6.5109473745602511e-02 -8.3732903527466167e+00 9.7499865435398414e-01
6.6100749386696481e-02 -8.3824492669975363e+00 9.6463784450780143e-01
6.7081356831052083e-02 -8.3914526786114241e+00 9.6624956293525854e-01
6.8063731626111110e-02 -8.4003740436606282e+00 9.7566067071230655e-01
6.9055432473225084e-02 -8.4094514180023037e+00 9.6289028003090982e-01
7.0034063737439728e-02 -8.4184040713300572e+00 9.7345780076002941e-01
7.1023538173529410e-02 -8.4271790621274913e+00 9.6843449759773348e-01
7.2007648522398771e-02 -8.4361990154352764e+00 9.6383685896151761e-01
7.2987035944565043e-02 -8.4449910519179916e+00 9.7801778729591660e-01
7.3980893830376010e-02 -8.4540486957614807e+00 9.6484364077119111e-01
7.4961133534405200e-02 -8.4629905911345027e+00 9.7085878669461056e-01
7.5947451762901907e-02 -8.4714963569307358e+00 9.7299680658924581e-01
7.6935984108890507e-02 -8.4805136083187325e+00 9.6242066187474085e-01
7.7913556567491077e-02 -8.4892150390597472e+00 9.7820615258163679e-01
7.8907151045273752e-02 -8.4981471450755368e+00 9.6920658471767074e-01
7.9891574707374485e-02 -8.5070559403828803e+00 9.6843277482873402e-01
8.0875014765019348e-02 -8.5154127340910950e+00 9.7784479036123795e-01
8.1868008827939709e-02 -8.5244044775831593e+00 9.6204216163803813e-01
8.2844926560987658e-02 -8.5329646612971572e+00 9.7650598997618032e-01
8.3836351641595377e-02 -8.5416889099725477e+00 9.7122705321281488e-01
8.4822403443461702e-02 -8.5504938387730949e+00 9.6605486010442854e-01
8.5803171661071626e-02 -8.5587710763430582e+00 9.7857930361408818e-01
8.6796505374988550e-02 -8.5676044233820861e+00 9.6667119844784932e-01
8.7777732496014629e-02 -8.5759878012822703e+00 9.7475506576570781e-01
8.8767114812086878e-02 -8.5844184770314946e+00 9.7625318353411372e-01
8.9757895050666572e-02 -8.5931163843534542e+00 9.7030381086762030e-01
9.0742644753548249e-02 -8.6012654174732344e+00 9.8249671537876893e-01
9.1739681594788319e-02 -8.6099109186176026e+00 9.7728257066269175e-01
9.2731311781353187e-02 -8.6180808312220467e+00 9.7783973417827830e-01
9.3723554829686168e-02 -8.6262397536544153e+00 9.7866450012720962e-01
9.4716547419984781e-02 -8.6346589311577997e+00 9.7327083715197849e-01
9.5703980992834420e-02 -8.6426165170655871e+00 9.8080921734059934e-01
9.6699146985461740e-02 -8.6510736754662929e+00 9.8146110722558055e-01
9.7694856230059079e-02 -8.6591678898411004e+00 9.7668600969390740e-01
9.8685694015712797e-02 -8.6671773132950687e+00 9.8251738353733775e-01
9.9682395194247153e-02 -8.6754035809502366e+00 9.7614103086064019e-01
1.0067248631086097e-01 -8.6833150087277922e+00 9.8588270613984674e-01
1.0167247955901647e-01 -8.6915469530361946e+00 9.8432626022569436e-01
1.0267090417111439e-01 -8.6994919539287601e+00 9.7705730347190634e-01
1.0366185046232602e-01 -8.7073464658237274e+00 9.8294923796152722e-01
1.0465884401029145e-01 -8.7154159402999412e+00 9.7920166491819094e-01
1.0565191340787507e-01 -8.7232820571421641e+00 9.8407542254352198e-01
1.0664988827008325e-01 -8.7313159715048183e+00 9.8615500996682615e-01
1.0765002301366264e-01 -8.7391454072923604e+00 9.7771345844241919e-01
1.0864144372471410e-01 -8.7469170657207940e+00 9.8834674327031036e-01
1.0964367037463497e-01 -8.7548263072103598e+00 9.7999702747647444e-01
1.1063746319705528e-01 -8.7626049032153706e+00 9.8111802439409290e-01
1.1163228005460440e-01 -8.7704299370730574e+00 9.9089376402597051e-01
1.1263707464002995e-01 -8.7781833019152344e+00 9.7956570217515759e-01
1.1363036356415934e-01 -8.7859152754103871e+00 9.8703024411636586e-01
1.1463118138933215e-01 -8.7936180089483216e+00 9.8210844838683431e-01
1.1562707590808449e-01 -8.8013008045949697e+00 9.8087866663680989e-01
1.1662158671603431e-01 -8.8089480976058940e+00 9.9503238089857082e-01
1.1763046361614225e-01 -8.8165831355911539e+00 9.8139582120246116e-01
1.1862555307487582e-01 -8.8242254248761522e+00 9.8568519978347346e-01
1.1962491041838062e-01 -8.8317386607207240e+00 9.8490455451851333e-01
1.2062352973884789e-01 -8.8393482144329738e+00 9.8233066669374369e-01
1.2161949544719906e-01 -8.8468979649415846e+00 9.9005978602384381e-01
1.2262326300563012e-01 -8.8543484029209623e+00 9.8344741486358189e-01
1.2362040557957352e-01 -8.8619573717029052e+00 9.8496649271833858e-01
1.2461898929000967e-01 -8.8693829708208352e+00 9.9108706180459394e-01
1.2562377252098011e-01 -8.8770380609525024e+00 9.8230569257012545e-01
1.2661973298309287e-01 -8.8846103387159889e+00 9.8933432504587659e-01
1.2762275195884143e-01 -8.8920167460194168e+00 9.8311415697830795e-01
1.2861945879442396e-01 -8.8996233883384441e+00 9.8490459293567945e-01
1.2961803601868466e-01 -8.9070349635986279e+00 9.9321255507101136e-01
1.3062497212353311e-01 -8.9146853803102584e+00 9.8342429810184306e-01
1.3162198586522561e-01 -8.9222567542187718e+00 9.8813243664612083e-01
1.3262377013849960e-01 -8.9295734760648404e+00 9.8556225404999642e-01
1.3362289939320104e-01 -8.9371658521592767e+00 9.8411797940501033e-01
1.3462057502318914e-01 -8.9445245865359251e+00 9.9584036438107382e-01
1.3563012670224608e-01 -8.9521141902105370e+00 9.8361651402681938e-01
1.3662725179079852e-01 -8.9596486103351509e+00 9.8679799959562486e-01
1.3762762159856268e-01 -8.9668266454810777e+00 9.9000382566926071e-01
1.3863120273687715e-01 -8.9743788649309959e+00 9.8460230613113331e-01
1.3962928568168159e-01 -8.9816796642841226e+00 9.9563381555527108e-01
1.4063858009986099e-01 -8.9891527509495255e+00 9.8454990013129406e-01
1.4163658339867877e-01 -8.9966363569335908e+00 9.8574788115137690e-01
1.4263578567753118e-01 -9.0036984921190619e+00 9.8979839693970528e-01
1.4363912661413650e-01 -9.0111745648691368e+00 9.8528301915926630e-01
1.4463784510647704e-01 -9.0184289066200218e+00 9.8947289188407761e-01
1.4564080184319983e-01 -9.0257348826110579e+00 9.8681020362248351e-01
1.4664106882923766e-01 -9.0332138190250770e+00 9.8507613771286362e-01
1.4763952776645725e-01 -9.0402646589115800e+00 9.9516522886605063e-01
1.4864821817554427e-01 -9.0478111745020637e+00 9.8482252855540287e-01
1.4964641351920521e-01 -9.0551348138431198e+00 9.8861872739907763e-01
1.5064841076020660e-01 -9.0623797742907080e+00 9.8889450688266689e-01
1.5165069844202886e-01 -9.0698755336736507e+00 9.8628248370474436e-01
1.5265034646322306e-01 -9.0769544951035233e+00 9.9584393355754930e-01
1.5365964301037086e-01 -9.0845014168123619e+00 9.8565833468624087e-01
1.5465862886055784e-01 -9.0918884335944536e+00 9.8767540530485221e-01
1.5565964202196006e-01 -9.0990960853345264e+00 9.9012560414982720e-01
1.5666309973494097e-01 -9.1066246725066904e+00 9.8592604715768051e-01
1.5766231817618176e-01 -9.1137255836190594e+00 9.9563447672260952e-01
1.5867137546013185e-01 -9.1212513123405046e+00 9.8683018006191991e-01
1.5967147546721078e-01 -9.1286870522485870e+00 9.8683540509938883e-01
1.6067160108040202e-01 -9.1358330345031664e+00 9.9191456633153496e-01
1.6167684972884344e-01 -9.1433677916432803e+00 9.8670693193708248e-01
1.6267678783415576e-01 -9.1504951494867139e+00 9.9533832754609741e-01
1.6368549338789393e-01 -9.1579513271171127e+00 9.8798658870335010e-01
1.6468674221118665e-01 -9.1654073530792992e+00 9.8622035776305506e-01
1.6568617587986287e-01 -9.1724777343855450e+00 9.9252176813272053e-01
1.6669201775260536e-01 -9.1799919218766046e+00 9.8742868945677453e-01
1.6769265559436608e-01 -9.1871562376561435e+00 9.9449196265570117e-01
1.6870043410248431e-01 -9.1945206202302483e+00 9.8936737840543243e-01
1.6970304734888689e-01 -9.2020034083905280e+00 9.8787467342383861e-01
1.7070410873802641e-01 -9.2089913185023882e+00 9.9298812049873986e-01
1.7171034016009012e-01 -9.2164431940876774e+00 9.8808048735165155e-01
1.7271163307816492e-01 -9.2236511746380447e+00 9.8830152884729228e-01
1.7371309224090847e-01 -9.2308700175365228e+00 9.9123248884751103e-01
1.7471751332703137e-01 -9.2383818859461897e+00 9.8803000325858847e-01
1.7571872743150033e-01 -9.2453697204621808e+00 9.9612211056707145e-01
1.7672808916185548e-01 -9.2528538778125533e+00 9.8825628712160563e-01
1.7772947640278031e-01 -9.2601557432463810e+00 9.8744051724278870e-01
1.7873006638791647e-01 -9.2673370699577067e+00 9.9229938235638926e-01
1.7973553910901782e-01 -9.2748881911838605e+00 9.8817369843975889e-01
1.8073683837882562e-01 -9.2819326209732615e+00 9.9582992162720596e-01
1.8174588261536431e-01 -9.2894118037697115e+00 9.8856464944571210e-01
1.8274753611383635e-01 -9.2968294296510816e+00 9.8661967532693851e-01
1.8374724198941564e-01 -9.3039789858919058e+00 9.9268084031895798e-01
1.8475307205880023e-01 -9.3115356395105096e+00 9.8890300189550473e-01
1.8575505632669864e-01 -9.3186208647891782e+00 9.9495277621835498e-01
1.8676320249159034e-01 -9.3260346683385880e+00 9.9072474345914374e-01
1.8776701931008552e-01 -9.3335329637761308e+00 9.8656240333192802e-01
1.8876661346873405e-01 -9.3406075902062558e+00 9.9329492633820271e-01
1.8977306702078706e-01 -9.3481155813794228e+00 9.8953882679946492e-01
1.9077566382335670e-01 -9.3552402546230127e+00 9.9396695501971943e-01
1.9178275028771480e-01 -9.3625589307408230e+00 9.9207228300760897e-01
1.9278793608276348e-01 -9.3700930256930608e+00 9.8879167731078499e-01
1.9378975868805709e-01 -9.3771519075966534e+00 9.9598585744149171e-01
1.9479888215995839e-01 -9.3846207572998299e+00 9.9006309910631218e-01
1.9580200643926698e-01 -9.3917915830805718e+00 9.8811070865400485e-01
1.9680312678219092e-01 -9.3989818171220456e+00 9.9288786083259795e-01
1.9780910903365079e-01 -9.4065174384953831e+00 9.8904330259626860e-01
1.9881116996745790e-01 -9.4135933481883711e+00 9.9564620988945052e-01
1.9981990238406319e-01 -9.4210504082562636e+00 9.8985002950037937e-01
2.0082278886719865e-01 -9.4283623283373910e+00 9.8742129030435799e-01
2.0182320504002291e-01 -9.4355339586583362e+00 9.9348894512202923e-01
2.0282975752323568e-01 -9.4431043770921050e+00 9.8980407002852622e-01
2.0383260471455372e-01 -9.4502178080717414e+00 9.9494675724555393e-01
2.0484062733092309e-01 -9.4576323181219077e+00 9.9158510716314296e-01
2.0584524345385091e-01 -9.4650602000860928e+00 9.8686680600101306e-01
2.0684510694717057e-01 -9.4722172782940852e+00 9.9327079700813825e-01
2.0785142504596674e-01 -9.4797423660878266e+00 9.9062233330715466e-01
2.0885506303242410e-01 -9.4868687463326040e+00 9.9409838175665510e-01
2.0986223526070213e-01 -9.4941967078622866e+00 9.9253639280650763e-01
2.1086780185413628e-01 -9.5016701750869910e+00 9.8896929776022402e-01
2.1186976034174332e-01 -9.5088383192047043e+00 9.9270759192014113e-01
2.1287551094612991e-01 -9.5162841030287719e+00 9.9097884526607150e-01
2.1387949276164520e-01 -9.5234239138009773e+00 9.8884701963023303e-01
2.1488132199354448e-01 -9.5306318345034615e+00 9.9330941246563853e-01
2.1588768045270884e-01 -9.5381066496893823e+00 9.8931814758067027e-01
2.1688998505796961e-01 -9.5452685073221275e+00 9.9524988293458305e-01
2.1789830394309900e-01 -9.5527017190788204e+00 9.9149599876805472e-01
2.1890279610120827e-01 -9.5599120995126743e+00 9.8785599538527880e-01
2.1990359934745116e-01 -9.5671117046023628e+00 9.9360250637698488e-01
2.2091024218464136e-01 -9.5746106126619974e+00 9.9006270198270196e-01
2.2191327907683717e-01 -9.5817909900400213e+00 9.9446019401979857e-01
2.2292077176431679e-01 -9.5891852781316480e+00 9.9218747804678853e-01
2.2392596220976171e-01 -9.5964806084722163e+00 9.8756234595529913e-01
2.2492645249152074e-01 -9.6037080193948494e+00 9.9315627952435981e-01
2.2593261332970871e-01 -9.6111854815716793e+00 9.9064055548577379e-01
2.2693623419101003e-01 -9.6183702746915589e+00 9.9373274210754614e-01
2.2794297302550401e-01 -9.6257000720006793e+00 9.9343463429310019e-01
2.2894941271438254e-01 -9.6330421766883259e+00 9.8748726927066688e-01
2.2994983334044192e-01 -9.6402677906436409e+00 9.9254956946103268e-01
2.3095536881976930e-01 -9.6476879415729933e+00 9.9189473522203153e-01
2.3196024524049880e-01 -9.6548528659548918e+00 9.8894153214769109e-01
2.3296213234735957e-01 -9.6620851492311761e+00 9.9358009852316709e-01
2.3396870491302535e-01 -9.6694096347237330e+00 9.8991442203869640e-01
2.3497156849237860e-01 -9.6766080980446105e+00 9.9474885517582567e-01
2.3597934045497815e-01 -9.6839848517807781e+00 9.9257111276913434e-01
2.3698489494120351e-01 -9.6911271595447062e+00 9.8853139376990318e-01
2.3798636468453221e-01 -9.6983402583178790e+00 9.9323831376984884e-01
2.3899258437793999e-01 -9.7056813495690815e+00 9.9051515192878137e-01
2.3999603954549731e-01 -9.7128854040310522e+00 9.9397647300417957e-01
2.4100301472206301e-01 -9.7202283109809873e+00 9.9323022997542121e-01
2.4200921681364942e-01 -9.7273888261730352e+00 9.8837766180154074e-01
2.4301050026807416e-01 -9.7346227964745573e+00 9.9272348417342737e-01
2.4401620121684656e-01 -9.7419710566317619e+00 9.9114116050526468e-01
2.4502028104631057e-01 -9.7491829734712319e+00 9.9312571058052912e-01
2.4602637072289005e-01 -9.7565020166455927e+00 9.9402208165877992e-01
2.4703337452113217e-01 -9.7636735902361167e+00 9.9036038914525215e-01
2.4803665110799084e-01 -9.7709105312517828e+00 9.9202234406158429e-01
2.4904161244692338e-01 -9.7782193192883522e+00 9.9205021800636217e-01
2.5004661768705644e-01 -9.7853807176216900e+00 9.8915539625592430e-01
2.5104867179736784e-01 -9.7926257668652656e+00 9.9383742582257617e-01
2.5205547071328560e-01 -9.7997736465420040e+00 9.9077332429032949e-01
2.5305915060091944e-01 -9.8069681325307698e+00 9.9410969962293683e-01
2.5406621362874621e-01 -9.8142606056463784e+00 9.9280639661023673e-01
2.5507196345470712e-01 -9.8213794076209044e+00 9.8913609462143093e-01
2.5607398502403655e-01 -9.8286098772706350e+00 9.9308036870525207e-01
2.5707999067931381e-01 -9.8357706673442031e+00 9.9096337797083933e-01
2.5808383737240825e-01 -9.8429688265902353e+00 9.9350511259366536e-01
2.5909029312093645e-01 -9.8502568208095020e+00 9.9397319819297114e-01
2.6009721345385173e-01 -9.8573498341576862e+00 9.8917559162858337e-01
2.6109924389133438e-01 -9.8645743899713718e+00 9.9227911157376525e-01
2.6210443816915058e-01 -9.8717447918717252e+00 9.9148109923295835e-01
2.6310879550579974e-01 -9.8789295517704456e+00 9.9289112187566886e-01
2.6411461658334123e-01 -9.8862009656580767e+00 9.9417220102016013e-01
2.6512172536106038e-01 -9.8932471966021804e+00 9.9134421163149589e-01
2.6612589660378827e-01 -9.9004609292540309e+00 9.9172138417136591e-01
2.6713052739449966e-01 -9.9076178907671473e+00 9.9225521914198467e-01
2.6813567893786344e-01 -9.9147566406965844e+00 9.8976004830558351e-01
2.6913832105771063e-01 -9.9219884652318502e+00 9.9372034020927735e-01
2.7014496832633816e-01 -9.9289788270874713e+00 9.9171764907073423e-01
2.7114946797393347e-01 -9.9361402356626609e+00 9.9346200330770129e-01
2.7215585206327680e-01 -9.9433100594004742e+00 9.9322632021939383e-01
2.7316198999355279e-01 -9.9503936412477660e+00 9.8966562104742373e-01
2.7416445380557186e-01 -9.9575987355863163e+00 9.9302222677791230e-01
2.7517038561147245e-01 -9.9645681574085891e+00 9.9158420199945274e-01
2.7617472515927183e-01 -9.9717092580715398e+00 9.9312651613783598e-01
2.7718074627372424e-01 -9.9788736409617229e+00 9.9357775074540133e-01
2.7818722971298798e-01 -9.9859062475629568e+00 9.8985284254165595e-01
2.7918982165036471e-01 -9.9931033080707419e+00 9.9213205944879856e-01
2.8019484389064653e-01 -1.0000083231713143e+01 9.9215381701416838e-01
2.8119976254292961e-01 -1.0007218118539537e+01 9.9321815128744140e-01
2.8220584787193786e-01 -1.0014408349343485e+01 9.9356423186284193e-01
2.8321231321114326e-01 -1.0021387988249497e+01 9.9206348743904260e-01
2.8421710119311583e-01 -1.0028580044126919e+01 9.9344569604514743e-01
2.8522344794692706e-01 -1.0035590738458668e+01 9.9288981049791847e-01
2.8622913515506260e-01 -1.0042673009848212e+01 9.9050430038555937e-01
2.8723238791760608e-01 -1.0049830204539697e+01 9.9335958197308893e-01
2.8823864111379910e-01 -1.0056711999118850e+01 9.9189822257507676e-01
2.8924321235692146e-01 -1.0063814854550756e+01 9.9316970391488790e-01
2.9024927398259676e-01 -1.0070810004400540e+01 9.9303037627479851e-01
2.9125512768274520e-01 -1.0077837420550685e+01 9.9041161678788781e-01
2.9225822287390335e-01 -1.0084994548219324e+01 9.9286214578917842e-01
2.9326397036071133e-01 -1.0091830845895407e+01 9.9235053913134186e-01
2.9426899097380604e-01 -1.0098919932682643e+01 9.9316604776158401e-01
2.9527498268234892e-01 -1.0105951987899253e+01 9.9294675357166362e-01
2.9628080628176673e-01 -1.0112942428592834e+01 9.9030203614652379e-01
2.9728374693492643e-01 -1.0120106679103069e+01 9.9224555321102303e-01
2.9828886181073105e-01 -1.0126948279914201e+01 9.9286453239367178e-01
2.9929441746510405e-01 -1.0134025234242534e+01 9.9330989438979311e-01
3.0030046692714779e-01 -1.0141102078409295e+01 9.9272136114573173e-01
3.0130605659812448e-01 -1.0148033819559030e+01 9.9210167429891283e-01
3.0231079441211323e-01 -1.0155188372603654e+01 9.9346968321511842e-01
3.0331715189505509e-01 -1.0162039853343240e+01 9.9294370952560507e-01
3.0432281619432533e-01 -1.0169071093599822e+01 9.9090279624704358e-01
3.0532635732627106e-01 -1.0176151087578912e+01 9.9272976158214044e-01
3.0633195024491250e-01 -1.0182993471793019e+01 9.9245110973549844e-01
3.0733700935170205e-01 -1.0190079386682431e+01 9.9344894241608617e-01
3.0834326335049639e-01 -1.0196931727003811e+01 9.9274705486034986e-01
3.0934876300352682e-01 -1.0203916753078003e+01 9.9083458254589885e-01
3.1035218370427248e-01 -1.0211010100287867e+01 9.9257713161719408e-01
3.1135762017341895e-01 -1.0217788544689634e+01 9.9303534684544359e-01
3.1236327180525075e-01 -1.0224841777788283e+01 9.9337571807012792e-01
3.1336935783149644e-01 -1.0231733568623014e+01 9.9238359737667925e-01
3.1437454990144220e-01 -1.0238669905463841e+01 9.9230652309290313e-01
3.1537942645511391e-01 -1.0245773923288247e+01 9.9250032316313530e-01
3.1638478334676479e-01 -1.0252503378435287e+01 9.9314010473902381e-01
3.1739056217552369e-01 -1.0259516587584006e+01 9.9116281360380976e-01
3.1839432973826476e-01 -1.0266441320539327e+01 9.9221014463971935e-01
3.1939937718485961e-01 -1.0273313120362198e+01 9.9274912045793418e-01
3.2040467840203296e-01 -1.0280385992806478e+01 9.9366649989419642e-01
3.2141113347139771e-01 -1.0287090185034293e+01 9.9295960761744850e-01
3.2241674787844821e-01 -1.0294065687629379e+01 9.9066071525841792e-01
3.2341994906085952e-01 -1.0301031989516030e+01 9.9204645619964626e-01
3.2442482892108682e-01 -1.0307840614804874e+01 9.9295974054963065e-01
3.2543034047417607e-01 -1.0314901241787318e+01 9.9375905327146841e-01
3.2643679970092404e-01 -1.0321636611441855e+01 9.9249854477591271e-01
3.2744198740694502e-01 -1.0328589932351930e+01 9.9081531791376776e-01
3.2844530269371214e-01 -1.0335607972449159e+01 9.9210536846162767e-01
3.2945024907879256e-01 -1.0342372042151625e+01 9.9308342044730380e-01
3.3045589680897069e-01 -1.0349421865660830e+01 9.9327720671824782e-01
3.3146178436822793e-01 -1.0356210270249413e+01 9.9201316800599515e-01
3.3246654674294684e-01 -1.0363141104145173e+01 9.9265731518895084e-01
3.3347170776058760e-01 -1.0370199989526325e+01 9.9343639229397152e-01
3.3447791026165319e-01 -1.0376915339908050e+01 9.9295226559397132e-01
3.3548344740730518e-01 -1.0383918847154840e+01 9.9114205329797445e-01
3.3648711511353646e-01 -1.0390739347888200e+01 9.9184605931300207e-01
3.3749176105590906e-01 -1.0397597496664272e+01 9.9299808744870122e-01
3.3849724781824791e-01 -1.0404639943011658e+01 9.9379462635267801e-01
3.3950371825862458e-01 -1.0411297689836610e+01 9.9275228538555971e-01
3.4050908450338202e-01 -1.0418249220637264e+01 9.9111303077177237e-01
3.4151267618882869e-01 -1.0425117385263659e+01 9.9165385793093441e-01
3.4251713850983667e-01 -1.0431914639813147e+01 9.9307052365267334e-01
3.4352271295096370e-01 -1.0438956783462720e+01 9.9365038271776740e-01
3.4452896598207122e-01 -1.0445610548286943e+01 9.9236948951714798e-01
3.4553398967159937e-01 -1.0452536783945815e+01 9.9143611041710833e-01
3.4653787573780359e-01 -1.0459467717461587e+01 9.9192211528783991e-01
3.4754253118310774e-01 -1.0466218721840157e+01 9.9295331844385148e-01
3.4854800864592728e-01 -1.0473247487431236e+01 9.9304616233788412e-01
3.4955358614152388e-01 -1.0479923492054319e+01 9.9185152526296272e-01
3.5055814919034350e-01 -1.0486818946146416e+01 9.9310028309524823e-01
3.5156370564492007e-01 -1.0493803482648374e+01 9.9304801972827006e-01
3.5256941406844855e-01 -1.0500511655873543e+01 9.9272366905649223e-01
3.5357468775231282e-01 -1.0507507984527431e+01 9.9169205947054384e-01
3.5457885014418522e-01 -1.0514219913625967e+01 9.9163557005460112e-01
3.5558325188918266e-01 -1.0521064851363803e+01 9.9305517133134069e-01
3.5658875180692307e-01 -1.0528066567544801e+01 9.9329898936685246e-01
3.5759463279427739e-01 -1.0534710072384096e+01 9.9247957401986198e-01
3.5859969515882678e-01 -1.0541657119687628e+01 9.9182001683661691e-01
3.5960394849329397e-01 -1.0548429828142337e+01 9.9161952753508564e-01
3.6060831307285568e-01 -1.0555221094414199e+01 9.9301642809954171e-01
3.6161378731318661e-01 -1.0562228185503207e+01 9.9315750426241212e-01
3.6261945528057404e-01 -1.0568831633836826e+01 9.9222412910477265e-01
3.6362431052481303e-01 -1.0575730788386037e+01 9.9301081671940006e-01
3.6462974605764065e-01 -1.0582567061072838e+01 9.9192529618144154e-01
3.6563432726560247e-01 -1.0589310255475130e+01 9.9279829943555109e-01
3.6663961005657658e-01 -1.0596309328222423e+01 9.9236277103048920e-01
3.6764443265427316e-01 -1.0602895158357104e+01 9.9199812294800327e-01
3.6864910239172061e-01 -1.0609748721047223e+01 9.9301806283067351e-01
3.6965452783293379e-01 -1.0616630289760785e+01 9.9259745033603175e-01
3.7065970463175835e-01 -1.0623313276429787e+01 9.9244166363257724e-01
3.7166465715370273e-01 -1.0630279752198648e+01 9.9251057313928714e-01
3.7266959220163715e-01 -1.0636895054342329e+01 9.9174092771242961e-01
3.7367406500841122e-01 -1.0643708800542800e+01 9.9306263668643924e-01
3.7467953142329935e-01 -1.0650629886848147e+01 9.9251277667975724e-01
3.7568453999469337e-01 -1.0657263992087069e+01 9.9218621761622394e-01
3.7668927568031330e-01 -1.0664191317262333e+01 9.9240378746263724e-01
3.7769407300162189e-01 -1.0670858475653526e+01 9.9184406268099390e-01
3.7869858252566019e-01 -1.0677640514162425e+01 9.9277655589080305e-01
3.7970377512644482e-01 -1.0684594000875009e+01 9.9279445125941201e-01
3.8070901402336915e-01 -1.0691188758116903e+01 9.9212721542777671e-01
3.8171373810295756e-01 -1.0698080337122297e+01 9.9314642627892846e-01
3.8271926973237347e-01 -1.0704815242320915e+01 9.9187273005689769e-01
3.8372372724335102e-01 -1.0711560397166512e+01 9.9252618690007166e-01
3.8472869263065668e-01 -1.0718529601573012e+01 9.9284026603698772e-01
3.8573393786391857e-01 -1.0725102578663801e+01 9.9197621390926805e-01
3.8673856303434823e-01 -1.0731950464285886e+01 9.9290780231999465e-01
3.8774384325857375e-01 -1.0738743305714042e+01 9.9175698470668716e-01
3.8874809699297874e-01 -1.0745437025201307e+01 9.9221305006384708e-01
3.8975278403644387e-01 -1.0752386615412053e+01 9.9297476324982359e-01
3.9075813698680262e-01 -1.0758949943424422e+01 9.9210887801953573e-01
3.9176293006452184e-01 -1.0765754097682487e+01 9.9278513794790757e-01
3.9276808668402668e-01 -1.0772597049527663e+01 9.9199351465301522e-01
3.9377251547993036e-01 -1.0779246184347114e+01 9.9205454022385808e-01
3.9477708595994393e-01 -1.0786165862842440e+01 9.9300933096279542e-01
3.9578245595829964e-01 -1.0792748300140046e+01 9.9201048700106975e-01
3.9678706538985131e-01 -1.0799517414654504e+01 9.9249927228611412e-01
3.9779194704162013e-01 -1.0806401460323146e+01 9.9260340292594540e-01
3.9879694365956325e-01 -1.0813012014375339e+01 9.9192272550391603e-01
3.9980143439547244e-01 -1.0819899088404576e+01 9.9968833727769613e-01
4.0000155453984143e-01 -1.0821256016363119e+01 1
