0.0000000000000000e+00 9.0088841920837694e+00
4.4309312987128390e-04 8.9872196351863920e+00
8.6089739704439227e-04 8.9717711849713986e+00
1.2595681209668986e-03 8.9559391587852755e+00
1.6435568576910707e-03 8.9393789805662411e+00
2.0166697978802953e-03 8.9242467813757873e+00
2.3622155076674380e-03 8.9134889859444772e+00
2.6810190248973704e-03 8.9045415759936546e+00
2.9878802089040681e-03 8.8955788888938478e+00
3.2885275023399889e-03 8.8867762766553593e+00
3.5855146908135159e-03 8.8791539064254081e+00
3.8800405628587166e-03 8.8724804202491843e+00
4.1726933383003234e-03 8.8661943847099778e+00
4.4638848874783794e-03 8.8596036188911782e+00
4.7539303000534595e-03 8.8527069947870594e+00
5.0430944922847604e-03 8.8456903277403249e+00
5.3316171309184916e-03 8.8392210957821025e+00
5.6197139446455780e-03 8.8332630499671776e+00
5.9075738749394232e-03 8.8275791960708627e+00
6.1953606671136269e-03 8.8219658755824941e+00
6.4801492043314981e-03 8.8161609064377853e+00
6.7624298547843045e-03 8.8102699087158189e+00
7.0427961677403056e-03 8.8042481020100354e+00
7.3217224428211176e-03 8.7985461946711165e+00
7.5995601846422364e-03 8.7932085314431419e+00
7.8765681553846622e-03 8.7881560751982466e+00
8.1529477473115276e-03 8.7832471754376638e+00
8.4288669185697603e-03 8.7782444969981057e+00
8.7044743055104939e-03 8.7729559913014263e+00
8.9799100125500051e-03 8.7675565091012384e+00
9.2553045784811681e-03 8.7619856222926256e+00
9.5307744055959012e-03 8.7566261822933971e+00
9.8064254287286382e-03 8.7515496673058095e+00
1.0082350873580467e-02 8.7467126586041797e+00
1.0357130542092460e-02 8.7420494124352111e+00
1.0630988339718270e-02 8.7374292610504050e+00
1.0904138603564503e-02 8.7326087258657097e+00
1.1176747468411866e-02 8.7275175562021712e+00
1.1448948700392255e-02 8.7222781438367711e+00
1.1720859859772923e-02 8.7169527825265263e+00
1.1992589172693044e-02 8.7118423952513577e+00
1.2264235291903744e-02 8.7069921526149727e+00
1.2535884152616559e-02 8.7023622915506014e+00
1.2807613109154296e-02 8.6978750648684127e+00
1.3079491748800546e-02 8.6934254990768309e+00
1.3351579719221400e-02 8.6888120857401425e+00
1.3623920942458808e-02 8.6839280263718983e+00
1.3896541347989266e-02 8.6788845727877924e+00
1.4168702044130553e-02 8.6736572711512050e+00
1.4440442791560518e-02 8.6685763830602784e+00
1.4711855852411717e-02 8.6637316703778176e+00
1.4983027777033430e-02 8.6591132145342744e+00
1.5254038206830720e-02 8.6546695536618312e+00
1.5524959335630273e-02 8.6503227785717804e+00
1.5795850196807661e-02 8.6459161667040121e+00
1.6066767509183795e-02 8.6412939235444384e+00
1.6337761879145044e-02 8.6364986763469371e+00
1.6608874143841976e-02 8.6314736985508258e+00
1.6880132574047069e-02 8.6264267566809885e+00
1.7151559665312437e-02 8.6215543258148291e+00
1.7423183755772807e-02 8.6168814434899588e+00
1.7695040048292636e-02 8.6123819566981545e+00
1.7966683278890765e-02 8.6080160769830769e+00
1.8238115355085217e-02 8.6037095417699554e+00
1.8509398970974804e-02 8.5993000803890602e+00
1.8780588938572686e-02 8.5946946017585741e+00
1.9051733300263170e-02 8.5899680524365909e+00
1.9322874187255274e-02 8.5850130676629703e+00
1.9594047366665718e-02 8.5801146865737170e+00
1.9865280361111827e-02 8.5753929337151611e+00
2.0136592781686297e-02 8.5708541623635988e+00
2.0408003390772384e-02 8.5664654867777852e+00
2.0679531472130089e-02 8.5621763903341339e+00
2.0951194653115339e-02 8.5579017771747559e+00
2.1223003026866524e-02 8.5535003698024870e+00
2.1494975304244004e-02 8.5489256783092955e+00
2.1766947582138318e-02 8.5442475312114539e+00
2.2038827035532994e-02 8.5393774616975584e+00
2.2310649962525384e-02 8.5345848534226114e+00
2.2582447546103196e-02 8.5299602011033127e+00
2.2854245244747044e-02 8.5255049984725435e+00
2.3126061986608971e-02 8.5211866276262551e+00
2.3397911560730029e-02 8.5169570361433546e+00
2.3669803663885196e-02 8.5127290697779205e+00
2.3941747127677077e-02 8.5083734221991421e+00
2.4213752204531307e-02 8.5038571561946164e+00
2.4485825403351581e-02 8.4992453425509744e+00
2.4757965197393424e-02 8.4944535266648149e+00
2.5030165717121321e-02 8.4897363150145182e+00
2.5302423672477321e-02 8.4851794988149098e+00
2.5574741164501924e-02 8.4807821748532266e+00
2.5847118272628068e-02 8.4765133636190981e+00
2.6119550347537820e-02 8.4723291099988298e+00
2.6392030263294487e-02 8.4681523025005738e+00
2.6664547558663852e-02 8.4638589549058185e+00
2.6937090500149814e-02 8.4594090869468452e+00
2.7209644816948802e-02 8.4548771939535747e+00
2.7482209589161023e-02 8.4501523887214880e+00
2.7754776254712309e-02 8.4454742825630600e+00
2.8027338257723383e-02 8.4409520776743445e+00
2.8299891344082628e-02 8.4365929714355303e+00
2.8572429639687511e-02 8.4323663366032022e+00
2.8844949903935768e-02 8.4282273069697435e+00
2.9117455114393526e-02 8.4241134166607008e+00
2.9389948155451269e-02 8.4199060315702674e+00
2.9662429003612698e-02 8.4155487169040519e+00
2.9934897957911922e-02 8.4111102718954829e+00
3.0207356323055112e-02 8.4064848716224976e+00
3.0479806176422916e-02 8.4018427909602202e+00
3.0752250202580590e-02 8.3973329809606110e+00
3.1024691653173658e-02 8.3929831873398584e+00
3.1297134468725882e-02 8.3887765151359552e+00
3.1569583568488387e-02 8.3846716736509528e+00
3.1842004648498894e-02 8.3806174043016046e+00
3.2114388254635133e-02 8.3765073709523890e+00
3.2386736676319319e-02 8.3722595809184437e+00
3.2659052545274340e-02 8.3678993327134155e+00
3.2931337147680241e-02 8.3634160429780255e+00
3.3203592104961856e-02 8.3588208237626809e+00
3.3475819620168989e-02 8.3543153519809259e+00
3.3748022367422144e-02 8.3499565767938861e+00
3.4020203387777448e-02 8.3457434226395382e+00
3.4292366073464017e-02 8.3416480493263627e+00
3.4564514268621664e-02 8.3376301391054355e+00
3.4836652459188218e-02 8.3336145056932391e+00
3.5108785897934938e-02 8.3294899897927639e+00
3.5380920163368461e-02 8.3252236052241475e+00
3.5653060106359186e-02 8.3208910850743045e+00
3.5925210528099639e-02 8.3163782419809422e+00
3.6197375895628728e-02 8.3118750805313706e+00
3.6469561505510277e-02 8.3074960114958092e+00
3.6741772720252822e-02 8.3032587996776801e+00
3.7014014839488907e-02 8.2991476377990505e+00
3.7286231290251465e-02 8.2951299782858356e+00
3.7558415268104987e-02 8.2911640211713671e+00
3.7830571788974324e-02 8.2871516031817869e+00
3.8102706373339165e-02 8.2830144891145068e+00
3.8374824765574786e-02 8.2787688653962093e+00
3.8646932848613702e-02 8.2744200244032680e+00
3.8919036492030698e-02 8.2699475341635758e+00
3.9191141486409647e-02 8.2655463284831043e+00
3.9463253202210065e-02 8.2612769537529669e+00
3.9735376617020673e-02 8.2571401186923978e+00
4.0007516580654108e-02 8.2531118046052754e+00
4.0279677680265399e-02 8.2491570302691262e+00
4.0551864141286705e-02 8.2452223599836358e+00
4.0824079892606863e-02 8.2412048466086887e+00
4.1096328481077422e-02 8.2370594859317876e+00
4.1368613012167925e-02 8.2328489552570634e+00
4.1640931353296246e-02 8.2284854764834634e+00
4.1913237921360945e-02 8.2240736833613912e+00
4.2185537140477423e-02 8.2197618552162481e+00
4.2457832869000844e-02 8.2155817949242174e+00
4.2730129204559847e-02 8.2115243689408626e+00
4.3002430232066423e-02 8.2075608758202101e+00
4.3274739839031046e-02 8.2036563549303310e+00
4.3547062015571451e-02 8.1997427950461361e+00
4.3819401034399283e-02 8.1957254481431789e+00
4.4091759927030301e-02 8.1915823431688164e+00
4.4364141053858601e-02 8.1873908571797482e+00
4.4636545998028056e-02 8.1830388637131524e+00
4.4908975605059263e-02 8.1786912527294078e+00
4.5181430068621270e-02 8.1744569942692600e+00
4.5453909049863864e-02 8.1703519495697687e+00
4.5726411841304007e-02 8.1663605788208695e+00
4.5998937389058837e-02 8.1624513657178390e+00
4.6271484168879697e-02 8.1585891668032957e+00
4.6544050079376641e-02 8.1546951168884974e+00
4.6816633020449985e-02 8.1506858588764235e+00
4.7089231224109372e-02 8.1465552324444435e+00
4.7361843176083843e-02 8.1423750569109679e+00
4.7634467572252349e-02 8.1380445291262067e+00
4.7907103298956616e-02 8.1337475494906553e+00
4.8179749407805325e-02 8.1295713976005519e+00
4.8452405115849181e-02 8.1255243705827525e+00
4.8725069787145782e-02 8.1215867321789421e+00
4.8997742944997619e-02 8.1177249518331820e+00
4.9270424390637314e-02 8.1139024026727160e+00
4.9543114137881997e-02 8.1100344666256419e+00
4.9815812254644126e-02 8.1060461009094471e+00
5.0088518945921971e-02 8.1019426981415030e+00
5.0361234519217576e-02 8.0977798670255865e+00
5.0633959425663129e-02 8.0934767022366199e+00
5.0906684560638842e-02 8.0892190253950726e+00
5.1179405699658245e-02 8.0850850565637291e+00
5.1452122360895684e-02 8.0810804197358159e+00
5.1724834088643430e-02 8.0771838082592264e+00
5.1997540635319757e-02 8.0733611292071057e+00
5.2270241971119631e-02 8.0695754965798390e+00
5.2542938200775047e-02 8.0657412351578159e+00
5.2815629599804174e-02 8.0617854626498282e+00
5.3088316523674906e-02 8.0577156829343419e+00
5.3360999455635438e-02 8.0535846606640291e+00
5.3633678982485673e-02 8.0493149680527072e+00
5.3906355794550699e-02 8.0450897124858596e+00
5.4179030673232820e-02 8.0409858367047864e+00
5.4451704409150377e-02 8.0370095914953712e+00
5.4724377852642787e-02 8.0331412903425115e+00
5.4997051873125959e-02 8.0293473413506149e+00
5.5269727296442243e-02 8.0255918591646278e+00
5.5542404900619943e-02 8.0217931112017489e+00
5.5815085438362999e-02 8.0178755937011079e+00
5.6087769667764138e-02 8.0138398408364804e+00
5.6360458371255716e-02 8.0097504849481265e+00
5.6633152362933981e-02 8.0055160270464647e+00
5.6905852494942288e-02 8.0013147567181466e+00
5.7178559656831253e-02 7.9972301207388021e+00
5.7451274775860026e-02 7.9932709748524680e+00
5.7723998808944132e-02 7.9894193861336058e+00
5.7996732743165531e-02 7.9856433578870467e+00
5.8269477595690247e-02 7.9819096320914422e+00
5.8542227894752434e-02 7.9781441628686034e+00
5.8814970745544967e-02 7.9742655503094273e+00
5.9087706954852152e-02 7.9702640202500366e+00
5.9360437236194746e-02 7.9662184475231861e+00
5.9633162358486730e-02 7.9620208092977736e+00
5.9905883180641363e-02 7.9578361455474971e+00
6.0178600518735609e-02 7.9537619719514554e+00
6.0451315213078234e-02 7.9498123918441266e+00
6.0724028125148731e-02 7.9459717480407006e+00
6.0996740140466549e-02 7.9422093795816284e+00
6.1269452151039482e-02 7.9384926859129665e+00
6.1542165073721698e-02 7.9347595593401063e+00
6.1814879819588310e-02 7.9309229887606323e+00
6.2087597283578114e-02 7.9269609330946054e+00
6.2360318339012934e-02 7.9229524593230813e+00
6.2633043823861950e-02 7.9187960622299762e+00
6.2905774602431935e-02 7.9146215560353514e+00
6.3178511541505347e-02 7.9105485044412829e+00
6.3451255490211633e-02 7.9065996220081951e+00
6.3724007253779372e-02 7.9027627690933802e+00
6.3996767602932741e-02 7.8990090172790568e+00
6.4269537289445525e-02 7.8953050493369750e+00
6.4542317046551834e-02 7.8916011455726860e+00
6.4815107594813043e-02 7.8878065154289532e+00
6.5087909658636894e-02 7.8838872251076140e+00
6.5360723987825706e-02 7.8799051157056974e+00
6.5633546384699579e-02 7.8757995668474905e+00
6.5906364166749151e-02 7.8716316444677830e+00
6.6179177960245889e-02 7.8675496852055913e+00
6.6451989011855006e-02 7.8635907947560613e+00
6.6724798044292460e-02 7.8597485389898978e+00
6.6997605638060495e-02 7.8559969063775377e+00
6.7270412358466938e-02 7.8523017846563663e+00
6.7543218767416882e-02 7.8486237448405509e+00
6.7816025442378830e-02 7.8448749832627476e+00
6.8088832968071999e-02 7.8410036136506767e+00
6.8361641860571282e-02 7.8370390967650021e+00
6.8634452552958594e-02 7.8329975119611657e+00
6.8907265419246674e-02 7.8288432229544975e+00
6.9180080662210486e-02 7.8247476016933026e+00
6.9452898491872639e-02 7.8207707657280618e+00
6.9725719206487569e-02 7.8169145941467182e+00
6.9998543128586749e-02 7.8131575191565652e+00
7.0271370558656829e-02 7.8094660685101722e+00
7.0544201754024788e-02 7.8058061282660596e+00
7.0817036918343956e-02 7.8021028033882951e+00
7.1089876240824745e-02 7.7982830220928614e+00
7.1362719919429149e-02 7.7943434224795647e+00
7.1635568211363465e-02 7.7903622484998234e+00
7.1908421453465363e-02 7.7862347105195457e+00
7.2181280045868171e-02 7.7821221579416902e+00
7.2454144390760367e-02 7.7781189571203706e+00
7.2727014869133813e-02 7.7742388825519422e+00
7.2999891857979018e-02 7.7704665991173147e+00
7.3272775773879681e-02 7.7667711213551565e+00
7.3545667067376502e-02 7.7631188337850050e+00
7.3818566231966240e-02 7.7594537967999546e+00
7.4091464023474371e-02 7.7556878281175035e+00
7.4364356271272289e-02 7.7517948141527011e+00
7.4637243171103623e-02 7.7478475402712750e+00
7.4910124965756567e-02 7.7437686934738474e+00
7.5183001933737129e-02 7.7396441879055997e+00
7.5455874376326615e-02 7.7356107210006453e+00
7.5728742609574226e-02 7.7317002606661003e+00
7.6001606964953450e-02 7.7279051217582815e+00
7.6274467794071099e-02 7.7241987135042631e+00
7.6547325495604127e-02 7.7205466501376501e+00
7.6820180511644326e-02 7.7169088886725739e+00
7.7093033325032145e-02 7.7131979124585088e+00
7.7365884467171728e-02 7.7093621967488053e+00
7.7638734497760251e-02 7.7054303242034967e+00
7.7911583970841344e-02 7.7014238255306458e+00
7.8184433435699266e-02 7.6973035167967234e+00
7.8457283460690266e-02 7.6932386824816454e+00
7.8730134645704261e-02 7.6892914312656124e+00
7.9002987622396978e-02 7.6854648132938452e+00
7.9275843050026093e-02 7.6817384674733455e+00
7.9548701611168351e-02 7.6780791140806048e+00
7.9821564009151469e-02 7.6744530125959329e+00
8.0094430968544003e-02 7.6707901405254075e+00
8.0367303247816629e-02 7.6670125029774150e+00
8.0640181626471519e-02 7.6631102694137141e+00
8.0913066918821011e-02 7.6591640527088067e+00
8.1185959973925886e-02 7.6550712012936630e+00
8.1458861663047361e-02 7.6509771793796464e+00
8.1731770278454005e-02 7.6469876272663706e+00
8.2004671731346374e-02 7.6431214875886679e+00
8.2277566530879309e-02 7.6393660134301618e+00
8.2550455211759702e-02 7.6356917293648738e+00
8.2823338339726840e-02 7.6320644088523695e+00
8.3096216520035598e-02 7.6284361301083825e+00
8.3369090397134832e-02 7.6247169730221813e+00
8.3641960644971786e-02 7.6208697752725802e+00
8.3914827966875896e-02 7.6169472560191736e+00
8.4187693107443895e-02 7.6129183746984497e+00
8.4460556830401434e-02 7.6088092996097716e+00
8.4733419917993144e-02 7.6047765968091827e+00
8.5006283168569313e-02 7.6008650127800763e+00
8.5279147335499433e-02 7.5970720459163550e+00
8.5552013106324015e-02 7.5933742884516908e+00
8.5824881151890811e-02 7.5897372735825126e+00
8.6097752153654769e-02 7.5861255091542992e+00
8.6370626797213246e-02 7.5824602074172152e+00
8.6643505764861850e-02 7.5786733912756254e+00
8.6916389747608083e-02 7.5747672472404517e+00
8.7189279453346910e-02 7.5708133647169396e+00
8.7462175561350899e-02 7.5667160587654791e+00
8.7735078637755190e-02 7.5626418303256076e+00
8.8007989078475984e-02 7.5586784460939462e+00
8.8280907281632390e-02 7.5548383762085551e+00
8.8553833769408896e-02 7.5511061365471894e+00
8.8826769121737981e-02 7.5474504303641030e+00
8.9099706384121485e-02 7.5438370233760113e+00
8.9372638027795062e-02 7.5402111185646650e+00
8.9645565068025054e-02 7.5364838046121898e+00
8.9918488088425605e-02 7.5326263180061597e+00
9.0191407691907671e-02 7.5287072923319709e+00
9.0464324434917781e-02 7.5246599487933441e+00
9.0737238805543519e-02 7.5205562288142600e+00
9.1010151165221639e-02 7.5165398525645530e+00
9.1283061761986514e-02 7.5126466486337575e+00
9.1555970988490790e-02 7.5088712783136415e+00
9.1828879315796350e-02 7.5051884749433455e+00
9.2101787211275113e-02 7.5015630019835422e+00
9.2374695119942826e-02 7.4979568598170809e+00
9.2647603461682729e-02 7.4942858973316930e+00
9.2920512631157193e-02 7.4904893277174214e+00
9.3193422975696980e-02 7.4865810466090501e+00
9.3466334808544910e-02 7.4826116366005513e+00
9.3739248445159254e-02 7.4785073721042101e+00
9.4012164253266764e-02 7.4744412566223435e+00
9.4285082699176501e-02 7.4704896256756061e+00
9.4558004152816302e-02 7.4666614682543893e+00
9.4830928953091476e-02 7.4629398893558871e+00
9.5103857514926782e-02 7.4592924477286306e+00
9.5376790285194121e-02 7.4556843950960738e+00
9.5649727714678806e-02 7.4520549215721159e+00
9.5922670260770879e-02 7.4483170273139159e+00
9.6195618400548355e-02 7.4444475917850781e+00
9.6468572636001920e-02 7.4405232102250789e+00
9.6741533497319288e-02 7.4364574152362062e+00
9.7014501463650302e-02 7.4323528218926675e+00
9.7287464366653933e-02 7.4283418522261755e+00
9.7560421665796496e-02 7.4244549885027435e+00
9.7833373654679492e-02 7.4206853405322049e+00
9.8106320701227226e-02 7.4170066691211138e+00
9.8379263199472045e-02 7.4133833335042407e+00
9.8652201547259108e-02 7.4097742989765578e+00
9.8925136142427331e-02 7.4060914424871989e+00
9.9198067397479439e-02 7.4022800937925579e+00
9.9470995770290865e-02 7.3983647119483527e+00
9.9743921749717163e-02 7.3943742781566968e+00
1.0001684585842309e-01 7.3902603547123817e+00
1.0028976861416009e-01 7.3861961195282406e+00
1.0056269050122517e-01 7.3822482526969866e+00
1.0083561199363285e-01 7.3784233269748167e+00
1.0110853358012117e-01 7.3747035708149422e+00
1.0138145577598308e-01 7.3710558607778696e+00
1.0165437912161357e-01 7.3674449963264337e+00
1.0192730417748269e-01 7.3638039785997789e+00
1.0220023151787663e-01 7.3600485850172381e+00
1.0247316172632265e-01 7.3561615256943087e+00
1.0274609540061043e-01 7.3522239609986864e+00
1.0301903314952501e-01 7.3481366211742447e+00
1.0329197560338792e-01 7.3440286756458475e+00
1.0356492341820635e-01 7.3400192719014443e+00
1.0383787726520369e-01 7.3361335705768465e+00
1.0411083781473214e-01 7.3323631872354591e+00
1.0438380572876579e-01 7.3286812144716054e+00
1.0465678166239738e-01 7.3250519606318418e+00
1.0492975222898690e-01 7.3214306119827279e+00
1.0520271697079114e-01 7.3177256012110297e+00
1.0547567637299496e-01 7.3138890406702766e+00
1.0574863093908941e-01 7.3099587647629507e+00
1.0602158119307392e-01 7.3059353051729614e+00
1.0629452767577680e-01 7.3018056643820151e+00
1.0656747093706731e-01 7.2977382597761427e+00
1.0684041153004345e-01 7.2937893616211866e+00
1.0711335002794437e-01 7.2899621755016568e+00
1.0738628701006075e-01 7.2862373320504616e+00
1.0765922305756026e-01 7.2825811319939815e+00
1.0793215874729604e-01 7.2789575466400862e+00
1.0820509464720893e-01 7.2752917578438634e+00
1.0847803131621177e-01 7.2715045284633169e+00
1.0875096930824672e-01 7.2675872593681259e+00
1.0902390917886233e-01 7.2636196340934340e+00
1.0929685147999400e-01 7.2594992340803461e+00
1.0956979672826672e-01 7.2553815412891041e+00
1.0984274539238963e-01 7.2513689679559379e+00
1.1011569792810653e-01 7.2474804989494306e+00
1.1038865479585933e-01 7.2437050360366655e+00
1.1066161646105907e-01 7.2400137268002434e+00
1.1093458338938668e-01 7.2363709904162663e+00
1.1120755604356400e-01 7.2327249853860467e+00
1.1148053487679345e-01 7.2289814951464972e+00
1.1175352032006618e-01 7.2251021710211374e+00
1.1202651279948603e-01 7.2211448873520681e+00
1.1229950932324731e-01 7.2170677489540358e+00
1.1257250080923707e-01 7.2129144646646184e+00
1.1284548761978513e-01 7.2088398366703546e+00
1.1311847006570185e-01 7.2048874542610193e+00
1.1339144852112368e-01 7.2010559098761240e+00
1.1366442337693866e-01 7.1973225395483933e+00
1.1393739502639615e-01 7.1936522654291917e+00
1.1421036386035309e-01 7.1900063616508412e+00
1.1448333026808134e-01 7.1862989887154498e+00
1.1475629464673930e-01 7.1824611866704480e+00
1.1502925738459160e-01 7.1785008797280980e+00
1.1530221885877712e-01 7.1744797515996392e+00
1.1557517945605852e-01 7.1703165022670303e+00
1.1584813960337458e-01 7.1661870432274677e+00
1.1612109972086969e-01 7.1621719224148261e+00
1.1639406016743391e-01 7.1582821872111166e+00
1.1666702134180394e-01 7.1545020377575899e+00
1.1693998366920069e-01 7.1507992830220326e+00
1.1721294757825569e-01 7.1471381024381380e+00
1.1748591349496731e-01 7.1434534507246132e+00
1.1775888184670588e-01 7.1396531686075360e+00
1.1803185307405778e-01 7.1357135431190599e+00
1.1830482763260101e-01 7.1317171066895275e+00
1.1857780599404945e-01 7.1275693584934814e+00
1.1885078865082223e-01 7.1233940768376147e+00
1.1912377614147182e-01 7.1193179924921042e+00
1.1939676903098771e-01 7.1153690620390027e+00
1.1966976784112192e-01 7.1115385413161754e+00
1.1994277309384861e-01 7.1077985319166723e+00
1.2021578204004568e-01 7.1041128181352660e+00
1.2048878524157773e-01 7.1004344502223464e+00
1.2076178305742648e-01 7.0966664900398948e+00
1.2103477586003782e-01 7.0927589307829697e+00
1.2130776404301294e-01 7.0887571043905364e+00
1.2158074802417797e-01 7.0846489387025215e+00
1.2185372826206592e-01 7.0804448061968888e+00
1.2212670522101721e-01 7.0763133025608225e+00
1.2239967935288018e-01 7.0723071154211326e+00
1.2267265111545581e-01 7.0684261213382369e+00
1.2294562097493034e-01 7.0646472653291834e+00
1.2321858941618620e-01 7.0609346084403670e+00
1.2349155693489262e-01 7.0572496429572826e+00
1.2376452403092590e-01 7.0535068242225147e+00
1.2403749120652149e-01 7.0496302932935295e+00
1.2431045897165519e-01 7.0456237272215789e+00
1.2458342783414748e-01 7.0415559899914371e+00
1.2485639830837440e-01 7.0373416760966974e+00
1.2512937091453774e-01 7.0331614811383405e+00
1.2540234617449469e-01 7.0291007369401317e+00
1.2567532460911593e-01 7.0251699372499239e+00
1.2594830673993235e-01 7.0213514154120729e+00
1.2622129309310215e-01 7.0176108587402464e+00
1.2649428420359035e-01 7.0139111182997125e+00
1.2676728061613365e-01 7.0101838597864194e+00
1.2704028287714142e-01 7.0063352139128439e+00
1.2731329153921636e-01 7.0023426368871684e+00
1.2758630715754707e-01 6.9982929103905187e+00
1.2785932401075062e-01 6.9940853005512791e+00
1.2813233542906510e-01 6.9898654617114859e+00
1.2840534185473471e-01 6.9857550514303446e+00
1.2867834374212497e-01 6.9817771640669060e+00
1.2895134155393223e-01 6.9779202688618662e+00
1.2922433575783984e-01 6.9741531795913572e+00
1.2949732682573151e-01 6.9704371681507711e+00
1.2977031523484794e-01 6.9667182911598102e+00
1.3004330147743901e-01 6.9628964341293633e+00
1.3031628605796086e-01 6.9589288392699595e+00
1.3058926947295674e-01 6.9548805437175591e+00
1.3086225219804193e-01 6.9506991405699505e+00
1.3113523468767507e-01 6.9464536411742017e+00
1.3140821738424682e-01 6.9423007496860114e+00
1.3168120072046380e-01 6.9382798342473953e+00
1.3195418512260262e-01 6.9343860236703527e+00
1.3222717101239478e-01 6.9305927311161826e+00
1.3250015880620303e-01 6.9268606292564767e+00
1.3277314891336639e-01 6.9231437053422313e+00
1.3304614172953630e-01 6.9193452840940948e+00
1.3331913764230285e-01 6.9154036474343181e+00
1.3359213704917172e-01 6.9113519802618884e+00
1.3386514035695851e-01 6.9072041188041027e+00
1.3413814800504817e-01 6.9029444746885238e+00
1.3441116045492696e-01 6.8987547818736941e+00
1.3468417812437303e-01 6.8946944894853237e+00
1.3495720144929396e-01 6.8907654800730871e+00
1.3523023088732650e-01 6.8869456208717068e+00
1.3550326562815268e-01 6.8831971026943846e+00
1.3577629516942952e-01 6.8794774671320917e+00
1.3604931985245250e-01 6.8756983847351432e+00
1.3632234002058982e-01 6.8717811175690535e+00
1.3659535601868311e-01 6.8677300598213691e+00
1.3686836819486684e-01 6.8636136853480947e+00
1.3714137691148309e-01 6.8593516142239412e+00
1.3741438255786592e-01 6.8551324167076864e+00
1.3768738552197851e-01 6.8510382388994042e+00
1.3796038618224724e-01 6.8470783657542142e+00
1.3823338495247980e-01 6.8432347470554387e+00
1.3850638225627485e-01 6.8394715022476955e+00
1.3877937852031103e-01 6.8357477729760401e+00
1.3905237416543828e-01 6.8319856719975078e+00
1.3932536960678737e-01 6.8280926342093311e+00
1.3959836526156102e-01 6.8240542483515769e+00
1.3987136155148916e-01 6.8199584427022932e+00
1.4014435890287841e-01 6.8157026832082463e+00
1.4041735775001463e-01 6.8114597977553828e+00
1.4069035854551573e-01 6.8073359877728192e+00
1.4096336176081170e-01 6.8033484071149202e+00
1.4123636785544377e-01 6.7994829130711452e+00
1.4150937728332111e-01 6.7957059983563060e+00
1.4178239050528382e-01 6.7919768482489182e+00
1.4205540799816857e-01 6.7882287069599769e+00
1.4232843025514402e-01 6.7843596461659814e+00
1.4260145778087965e-01 6.7803399512962912e+00
1.4287449109259587e-01 6.7762551253836545e+00
1.4314753071628281e-01 6.7720150205995830e+00
1.4342056975780645e-01 6.7677536558745759e+00
1.4369360344196652e-01 6.7636030460154917e+00
1.4396663215871514e-01 6.7595899466018237e+00
1.4423965630694097e-01 6.7557042530909817e+00
1.4451267629826214e-01 6.7519150137294597e+00
1.4478569255624751e-01 6.7481811608883797e+00
1.4505870551404493e-01 6.7444449712778498e+00
1.4533171562069105e-01 6.7406013799119551e+00
1.4560472334297572e-01 6.7366060815670448e+00
1.4587772915034664e-01 6.7325289920184268e+00
1.4615073351207811e-01 6.7283137249229341e+00
1.4642373689600247e-01 6.7240410455434203e+00
1.4669673976768055e-01 6.7198674854756657e+00
1.4696974259116202e-01 6.7158313716924720e+00
1.4724274583046246e-01 6.7119271273551737e+00
1.4751574995036626e-01 6.7081267837120198e+00
1.4778875541625383e-01 6.7043892662979943e+00
1.4806176269345511e-01 6.7006634522912973e+00
1.4833477224542804e-01 6.6968459964979310e+00
1.4860778453801776e-01 6.6928784843537965e+00
1.4888080003680354e-01 6.6888078465191567e+00
1.4915381920590826e-01 6.6846241293581379e+00
1.4942684250672891e-01 6.6803469706331224e+00
1.4969987039949717e-01 6.6761536318613253e+00
1.4997290334366845e-01 6.6720960924800448e+00
1.5024594179752068e-01 6.6681738444434124e+00
1.5051898621762566e-01 6.6643622991831544e+00
1.5079203705612998e-01 6.6606211074955946e+00
1.5106508600581639e-01 6.6569035788632052e+00
1.5133813005709923e-01 6.6531118515267158e+00
1.5161116961348403e-01 6.6491738864144052e+00
1.5188420507324221e-01 6.6451117117383660e+00
1.5215723683320004e-01 6.6409639722125258e+00
1.5243026529207263e-01 6.6366905864950283e+00
1.5270329084793477e-01 6.6324818811937449e+00
1.5297631389856112e-01 6.6284057024857850e+00
1.5324933485443842e-01 6.6244671710651870e+00
1.5352235412740031e-01 6.6206454166735140e+00
1.5379537212285538e-01 6.6169015738244346e+00
1.5406838923535518e-01 6.6131915636911414e+00
1.5434140584665590e-01 6.6094260103582032e+00
1.5461442233621006e-01 6.6055198046928334e+00
1.5488743908573160e-01 6.6014749805637747e+00
1.5516045648228335e-01 6.5973614346167579e+00
1.5543347493585585e-01 6.5930986536011753e+00
1.5570649484670160e-01 6.5888777605490398e+00
1.5597951659020773e-01 6.5847845618440202e+00
1.5625254056240107e-01 6.5808303143638396e+00
1.5652556717746627e-01 6.5769979788863706e+00
1.5679859685485423e-01 6.5732508672727397e+00
1.5707163001458227e-01 6.5695462544321570e+00
1.5734466708052589e-01 6.5658053143773829e+00
1.5761770848273390e-01 6.5619319890691497e+00
1.5789075465741217e-01 6.5579103726657131e+00
1.5816380604694225e-01 6.5538292075171558e+00
1.5843686310022884e-01 6.5495849841457714e+00
1.5870992541509638e-01 6.5453531761126502e+00
1.5898298245556561e-01 6.5412422710633944e+00
1.5925603455819012e-01 6.5372712368024848e+00
1.5952908207460353e-01 6.5334270868235365e+00
1.5980212538044791e-01 6.5296758879477714e+00
1.6007516486318715e-01 6.5259753264752582e+00
1.6034820091399751e-01 6.5222576361490159e+00
1.6062123392523853e-01 6.5184194859807416e+00
1.6089426430116854e-01 6.5144293841868466e+00
1.6116729245751188e-01 6.5103722405730569e+00
1.6144031881143217e-01 6.5061576730730870e+00
1.6171334378181765e-01 6.5019194764833577e+00
1.6198636778970019e-01 6.4977917741117102e+00
1.6225939125893507e-01 6.4938035272683727e+00
1.6253241461467063e-01 6.4899464076098887e+00
1.6280543828246261e-01 6.4861899946682575e+00
1.6307846269034518e-01 6.4824923334473583e+00
1.6335148827062584e-01 6.4787959318052355e+00
1.6362451546495521e-01 6.4749952950786183e+00
1.6389754471926948e-01 6.4710433152482203e+00
1.6417057648487560e-01 6.4670047613479316e+00
1.6444361121729004e-01 6.4628301878295407e+00
1.6471664937441988e-01 6.4585890046825556e+00
1.6498969141605571e-01 6.4544428954037949e+00
1.6526273780480594e-01 6.4504344419834041e+00
1.6553578900696628e-01 6.4465608268695078e+00
1.6580884549237440e-01 6.4427958115645279e+00
1.6608190773231080e-01 6.4390982683157265e+00
1.6635497619384967e-01 6.4354186569984151e+00
1.6662804027209763e-01 6.4316557053882821e+00
1.6690109938254835e-01 6.4277451878532990e+00
1.6717415392644580e-01 6.4237220433936697e+00
1.6744720431442359e-01 6.4195968464854207e+00
1.6772025096551255e-01 6.4153598301888479e+00
1.6799329430414123e-01 6.4111955671793819e+00
1.6826633475684041e-01 6.4071650535075628e+00
1.6853937275279474e-01 6.4032722880766073e+00
1.6881240873243927e-01 6.3994958998112876e+00
1.6908544313427090e-01 6.3957966693391723e+00
1.6935847639235821e-01 6.3921300025493499e+00
1.6963150893705994e-01 6.3884048683438044e+00
1.6990454119290577e-01 6.3845391683532897e+00
1.7017757357774252e-01 6.3805372466610502e+00
1.7045060650466387e-01 6.3764626340558195e+00
1.7072364038346380e-01 6.3722397443089314e+00
1.7099667562164697e-01 6.3680589520832802e+00
1.7126971262454246e-01 6.3640048031118459e+00
1.7154275179561615e-01 6.3600895735045935e+00
1.7181579353358639e-01 6.3562973244381000e+00
1.7208883823155496e-01 6.3525922659231462e+00
1.7236188628337701e-01 6.3489320689171000e+00
1.7263493809213956e-01 6.3452403679022202e+00
1.7290799407284063e-01 6.3414202635921599e+00
1.7318105463927602e-01 6.3374514301685272e+00
1.7345412019605047e-01 6.3334212971450761e+00
1.7372719114451063e-01 6.3292254779494499e+00
1.7400026789769346e-01 6.3250287084855072e+00
1.7427334352360860e-01 6.3209473637788021e+00
1.7454641432353110e-01 6.3170049322880688e+00
1.7481948065485611e-01 6.3131914590763367e+00
1.7509254287758133e-01 6.3094756366356242e+00
1.7536560135076476e-01 6.3058159474353150e+00
1.7563865643352139e-01 6.3021512020550530e+00
1.7591170848988347e-01 6.2983773155311740e+00
1.7618475789046056e-01 6.2944533377549909e+00
1.7645780502372896e-01 6.2904500715429092e+00
1.7673085029176491e-01 6.2863001910677596e+00
1.7700389408684408e-01 6.2820947838942267e+00
1.7727693678570092e-01 6.2779865443306315e+00
1.7754997877482254e-01 6.2740146733838209e+00
1.7782302045107309e-01 6.2701761798556248e+00
1.7809606221414687e-01 6.2664452421343038e+00
1.7836910445975013e-01 6.2627815705589285e+00
1.7864214758165020e-01 6.2591358030488164e+00
1.7891519197576150e-01 6.2554073888986981e+00
1.7918823804190032e-01 6.2515335530720710e+00
1.7946128618523591e-01 6.2475480147854654e+00
1.7973433681687107e-01 6.2434593417388422e+00
1.8000739035381097e-01 6.2392553220725642e+00
1.8028044721878198e-01 6.2351195668467154e+00
1.8055350783992016e-01 6.2311144907388849e+00
1.8082657264940871e-01 6.2272456979518509e+00
1.8109964208178730e-01 6.2234935360321808e+00
1.8137271657382958e-01 6.2198204563856399e+00
1.8164579656530397e-01 6.2161833567187550e+00
1.8191888084079033e-01 6.2124952998865863e+00
1.8219195990680681e-01 6.2086715099366545e+00
1.8246503413210971e-01 6.2047087260932692e+00
1.8273810389534012e-01 6.2006786833106746e+00
1.8301116958418961e-01 6.1964910748234221e+00
1.8328423159389795e-01 6.1923307383106572e+00
1.8355729032547480e-01 6.1882913480436015e+00
1.8383034618400157e-01 6.1843892377304748e+00
1.8410339957885558e-01 6.1806114155913559e+00
1.8437645093379901e-01 6.1769249002733009e+00
1.8464950067037522e-01 6.1732886398897051e+00
1.8492254920889081e-01 6.1696341713648222e+00
1.8519559696818591e-01 6.1658614260327296e+00
1.8546864436617730e-01 6.1619401798017988e+00
1.8574169182076203e-01 6.1579508784266093e+00
1.8601473975035174e-01 6.1538020381381449e+00
1.8628778857433181e-01 6.1496224085392468e+00
1.8656083871318063e-01 6.1455467069380205e+00
1.8683389058843708e-01 6.1416067783013322e+00
1.8710694462207250e-01 6.1377971875966892e+00
1.8738000123523940e-01 6.1340907022479518e+00
1.8765306085213485e-01 6.1304473084586153e+00
1.8792612389712482e-01 6.1268146299103217e+00
1.8819919079422115e-01 6.1230907022994723e+00
1.8847226196673758e-01 6.1192209251824394e+00
1.8874533783701739e-01 6.1152506767570660e+00
1.8901841882559997e-01 6.1111623393360759e+00
1.8929150535126332e-01 6.1069746065569186e+00
1.8956459739288190e-01 6.1028624032541972e+00
1.8983768434778095e-01 6.0988810351993328e+00
1.9011076662016835e-01 6.0950342092432184e+00
1.9038384460240898e-01 6.0913013432644734e+00
1.9065691868938106e-01 6.0876449980805400e+00
1.9092998927679092e-01 6.0840217129870444e+00
1.9120305675935681e-01 6.0803418727358283e+00
1.9147612153029531e-01 6.0765253731232320e+00
1.9174918398098417e-01 6.0725744953318328e+00
1.9202224450331756e-01 6.0685515756384607e+00
1.9229530349305993e-01 6.0643755277219764e+00
1.9256836134135003e-01 6.0602322512274691e+00
1.9284141843049188e-01 6.0562096304813426e+00
1.9311447513283181e-01 6.0523227684364329e+00
1.9338753181947532e-01 6.0485584853563550e+00
1.9366058886208867e-01 6.0448840678910472e+00
1.9393364663914872e-01 6.0412590180350323e+00
1.9420670553851735e-01 6.0376136998481575e+00
1.9447976594272814e-01 6.0338496243848549e+00
1.9475282823111734e-01 6.0299383686980352e+00
1.9502589278252550e-01 6.0259601429696890e+00
1.9529895998172811e-01 6.0218208127206259e+00
1.9557203022829961e-01 6.0176524628785204e+00
1.9584510392626597e-01 6.0135869692900998e+00
1.9611818147763635e-01 6.0096556706921538e+00
1.9639126328309639e-01 6.0058535113202449e+00
1.9666434974387914e-01 6.0021539245668034e+00
1.9693744126275939e-01 5.9985175926658130e+00
1.9721053824453608e-01 5.9948925540056610e+00
1.9748363546566661e-01 5.9911775848701101e+00
1.9775672775305411e-01 5.9873182442773674e+00
1.9802981547178755e-01 5.9833584069928722e+00
1.9830289899349912e-01 5.9792815336113234e+00
1.9857597869348231e-01 5.9751027083953945e+00
1.9884905494875971e-01 5.9709966887487704e+00
1.9912212813700250e-01 5.9670194104655820e+00
1.9939519864120964e-01 5.9631753880859151e+00
1.9966826684674222e-01 5.9594450768817708e+00
1.9994133313922563e-01 5.9557920874844754e+00
2.0021439790975176e-01 5.9521738471705889e+00
2.0048746154968569e-01 5.9485024908175683e+00
2.0076052445079312e-01 5.9446966948423858e+00
2.0103358700594068e-01 5.9407556056277020e+00
2.0130664960975417e-01 5.9367450395528980e+00
2.0157971265929586e-01 5.9325778061202792e+00
2.0185277655603839e-01 5.9284372317553844e+00
2.0212584170950165e-01 5.9244144243864536e+00
2.0239890853634793e-01 5.9205258521435180e+00
2.0267197745526247e-01 5.9167595766341909e+00
2.0294504888672735e-01 5.9130841985029177e+00
2.0321812325140304e-01 5.9094599974762820e+00
2.0349120096820497e-01 5.9058201211956440e+00
2.0376428245318837e-01 5.9020653833409771e+00
2.0403736811910636e-01 5.8981643107916844e+00
2.0431045837552181e-01 5.8941939641546144e+00
2.0458355364049177e-01 5.8900655789419352e+00
2.0485665433324934e-01 5.8858982808370142e+00
2.0512975818468737e-01 5.8818295759085713e+00
2.0540285697134822e-01 5.8778933966395472e+00
2.0567595108258535e-01 5.8740860132389141e+00
2.0594904091429928e-01 5.8703822529342782e+00
2.0622212686744931e-01 5.8667437260119177e+00
2.0649520934593515e-01 5.8631207790343680e+00
2.0676828875452566e-01 5.8594137268164568e+00
2.0704136549748064e-01 5.8555643137240452e+00
2.0731443997788784e-01 5.8516088787984746e+00
2.0758751259751820e-01 5.8475456670325938e+00
2.0786058375700053e-01 5.8433694322053036e+00
2.0813365385608820e-01 5.8392591008486709e+00
2.0840672329185075e-01 5.8352752192609305e+00
2.0867979246262650e-01 5.8314239270416337e+00
2.0895286176641512e-01 5.8276871073937011e+00
2.0922593160110503e-01 5.8240295041376795e+00
2.0949900236500774e-01 5.8204096545068031e+00
2.0977207445675994e-01 5.8167433206792456e+00
2.1004514827507620e-01 5.8129456426576507e+00
2.1031822421786228e-01 5.8090097563398313e+00
2.1059130268077747e-01 5.8050091149001490e+00
2.1086438405449290e-01 5.8008468118503531e+00
2.1113746872558206e-01 5.7967011172335265e+00
2.1141055707709139e-01 5.7926702944703212e+00
2.1168364948381982e-01 5.7887731147243908e+00
2.1195674631418773e-01 5.7849989224032301e+00
2.1222984793122968e-01 5.7813175139894346e+00
2.1250295470406697e-01 5.7776895377684712e+00
2.1277606700923268e-01 5.7740518221071078e+00
2.1304917474015930e-01 5.7703041649492413e+00
2.1332227784203034e-01 5.7664108063481194e+00
2.1359537668623646e-01 5.7624439250602313e+00
2.1386847164587428e-01 5.7583254622561633e+00
2.1414156309124333e-01 5.7541556063449573e+00
2.1441465138852309e-01 5.7500799994447869e+00
2.1468773690494405e-01 5.7461361186485513e+00
2.1496082000953493e-01 5.7423216264163353e+00
2.1523390107750129e-01 5.7386124811375545e+00
2.1550698048680600e-01 5.7349707883798002e+00
2.1578005861314475e-01 5.7313491124678082e+00
2.1605313583227709e-01 5.7276496808826396e+00
2.1632621252195625e-01 5.7238095788456951e+00
2.1659928906193646e-01 5.7198567950539205e+00
2.1687236583142211e-01 5.7158070177777560e+00
2.1714544321520457e-01 5.7116327364382666e+00
2.1741852160806388e-01 5.7075170272079836e+00
2.1769160140613972e-01 5.7035262875795016e+00
2.1796468300335164e-01 5.6996685236184375e+00
2.1823776679421683e-01 5.6959267660683768e+00
2.1851085317355615e-01 5.6922666290033428e+00
2.1878394253534536e-01 5.6886473942210278e+00
2.1905703527152726e-01 5.6849886703196892e+00
2.1933013177076338e-01 5.6812018370013337e+00
2.1960323241744981e-01 5.6772741130179361e+00
2.1987633759134226e-01 5.6732847818493370e+00
2.2014944766836880e-01 5.6691305100633409e+00
2.2042256303797189e-01 5.6649817450580420e+00
2.2069567837894785e-01 5.6609450005958113e+00
2.2096878880790119e-01 5.6570418259575685e+00
2.2124189470043806e-01 5.6532629063274999e+00
2.2151499643685246e-01 5.6495793076508969e+00
2.2178809440180414e-01 5.6459520373263938e+00
2.2206118898321711e-01 5.6423216646113978e+00
2.2233428057152005e-01 5.6385870565717617e+00
2.2260736955900495e-01 5.6347074573385036e+00
2.2288045633913406e-01 5.6307478392977259e+00
2.2315354130654105e-01 5.6266452476448965e+00
2.2342662485689885e-01 5.6224761894602038e+00
2.2369970738719627e-01 5.6183951826924332e+00
2.2397278929608253e-01 5.6144444329426868e+00
2.2424587098428320e-01 5.6106234728547051e+00
2.2451895285476875e-01 5.6069098887167845e+00
2.2479203531267175e-01 5.6032667007545545e+00
2.2506511876484048e-01 5.5996487300847990e+00
2.2533820361912113e-01 5.5959610049205786e+00
2.2561129028291130e-01 5.5921346617401886e+00
2.2588437916154469e-01 5.5881861499868313e+00
2.2615747065692235e-01 5.5841534781141666e+00
2.2643056516596316e-01 5.5799828507451661e+00
2.2670366307989559e-01 5.5758599168388523e+00
2.2697676478315854e-01 5.5718587471181626e+00
2.2724987065268046e-01 5.5679900185028410e+00
2.2752298105757124e-01 5.5642386596139648e+00
2.2779609635920708e-01 5.5605717124939700e+00
2.2806921691412507e-01 5.5569493246347657e+00
2.2834233915758539e-01 5.5532960379782352e+00
2.2861545652533091e-01 5.5495188874201169e+00
2.2888856940557376e-01 5.5455979179710759e+00
2.2916167818804861e-01 5.5416156369004455e+00
2.2943478326370703e-01 5.5374665226491553e+00
2.2970788502255593e-01 5.5333069697906572e+00
2.2998098385273208e-01 5.5292542346092333e+00
2.3025408014013435e-01 5.5253338069909397e+00
2.3052717426880484e-01 5.5215383345976186e+00
2.3080026662128364e-01 5.5178404069320264e+00
2.3107335757868649e-01 5.5142015504890045e+00
2.3134644751879363e-01 5.5105664278347168e+00
2.3161953681555780e-01 5.5068334738362852e+00
2.3189262584469067e-01 5.5029555225710638e+00
2.3216571498739766e-01 5.4989876904971879e+00
2.3243880463005179e-01 5.4948878510326686e+00
2.3271189515683530e-01 5.4907034224959261e+00
2.3298498695003617e-01 5.4865990078634450e+00
2.3325808039127316e-01 5.4826228384827038e+00
2.3353117586104166e-01 5.4787765392162422e+00
2.3380427373722046e-01 5.4750391254467905e+00
2.3407737439224127e-01 5.4713742261629807e+00
2.3435047819223825e-01 5.4677382139795307e+00
2.3462358550775095e-01 5.4640388411023766e+00
2.3489669670646171e-01 5.4602014308876514e+00
2.3516981214604202e-01 5.4562340857753480e+00
2.3544293217447812e-01 5.4521903221612193e+00
2.3571605713476351e-01 5.4479979340948379e+00
2.3598918737901328e-01 5.4438441092106062e+00
2.3626231303276402e-01 5.4398101520504341e+00
2.3653543402597854e-01 5.4359087679458069e+00
2.3680855073441590e-01 5.4321257486489092e+00
2.3708166353424900e-01 5.4284285403114323e+00
2.3735477280190356e-01 5.4247771508845242e+00
2.3762787891547377e-01 5.4210980499754644e+00
2.3790098225170342e-01 5.4172953874392249e+00
2.3817408318760414e-01 5.4133459340885342e+00
2.3844718210126056e-01 5.4093332657643582e+00
2.3872027937182505e-01 5.4051527892385298e+00
2.3899337538019891e-01 5.4009569809203262e+00
2.3926647050977140e-01 5.3968675434967563e+00
2.3953956514718053e-01 5.3929110772982618e+00
2.3981265968300872e-01 5.3890801824569001e+00
2.4008575451137326e-01 5.3853470419764067e+00
2.4035885002942817e-01 5.3816724585616029e+00
2.4063194663612653e-01 5.3779999672085603e+00
2.4090504473161303e-01 5.3742264358855678e+00
2.4117814471458496e-01 5.3703049300486851e+00
2.4145124698082485e-01 5.3662942919480496e+00
2.4172435192166886e-01 5.3621459691551454e+00
2.4199745992256941e-01 5.3579198244275608e+00
2.4227057136197472e-01 5.3537788239975477e+00
2.4254368661083472e-01 5.3497687085972698e+00
2.4281680603260661e-01 5.3458894646945998e+00
2.4308992998364848e-01 5.3421183050249743e+00
2.4336305881381920e-01 5.3384172590185086e+00
2.4363619286953189e-01 5.3347398778852968e+00
2.4390932488634329e-01 5.3309886288617552e+00
2.4418245212557937e-01 5.3270939678052160e+00
2.4445557497834530e-01 5.3230763412742945e+00
2.4472869383753904e-01 5.3189668670497658e+00
2.4500180909739974e-01 5.3147254133936030e+00
2.4527492115242377e-01 5.3105404275413211e+00
2.4554803039674719e-01 5.3064818290436602e+00
2.4582113722384571e-01 5.3025577370121120e+00
2.4609424202660457e-01 5.2987504054615577e+00
2.4636734519771264e-01 5.2950241381058332e+00
2.4664044713022987e-01 5.2913365309047427e+00
2.4691354821776559e-01 5.2876023830023700e+00
2.4718664885413472e-01 5.2837329457764248e+00
2.4745974943558188e-01 5.2797204086606682e+00
2.4773285035866704e-01 5.2756399862614796e+00
2.4800595201930045e-01 5.2713968402643774e+00
2.4827905481161130e-01 5.2671762197006453e+00
2.4855215912654074e-01 5.2630751923822094e+00
2.4882526535048552e-01 5.2591106503221292e+00
2.4909837386320166e-01 5.2552696099174341e+00
2.4937148503539058e-01 5.2515193184786746e+00
2.4964459922811463e-01 5.2478184390656182e+00
2.4991771679392000e-01 5.2440952383139630e+00
2.5019083807318843e-01 5.2402486886338924e+00
2.5046396339982901e-01 5.2362508908667476e+00
2.5073709310077946e-01 5.2321853970862131e+00
2.5101022749675467e-01 5.2279537869159460e+00
2.5128336690213593e-01 5.2237057062415406e+00
2.5155650672134572e-01 5.2195676727383908e+00
2.5182964177898787e-01 5.2155669262039694e+00
2.5210277245305418e-01 5.2116951407607077e+00
2.5237589912129466e-01 5.2079226980304307e+00
2.5264902216056068e-01 5.2042084601303831e+00
2.5292214194319129e-01 5.2004918687046224e+00
2.5319525883820515e-01 5.1966669502956391e+00
2.5346837321529181e-01 5.1926899999708303e+00
2.5374148544988345e-01 5.1886305977108291e+00
2.5401459592105791e-01 5.1844211682043797e+00
2.5428770500703873e-01 5.1801550724051220e+00
2.5456081308694795e-01 5.1759866313390077e+00
2.5483392054221693e-01 5.1719548746818553e+00
2.5510702775687816e-01 5.1680561652306611e+00
2.5538013511702867e-01 5.1642641263883045e+00
2.5565324301042019e-01 5.1605380052607686e+00
2.5592635182254830e-01 5.1568252830467980e+00
2.5619946193624910e-01 5.1530210335330251e+00
2.5647257372970300e-01 5.1490667116016162e+00
2.5674568757696076e-01 5.1450087427377733e+00
2.5701880384815701e-01 5.1408277760373178e+00
2.5729192290573349e-01 5.1365514548871651e+00
2.5756504510439931e-01 5.1323571214331185e+00
2.5783817079205357e-01 5.1282976155573863e+00
2.5811130031022433e-01 5.1243742280071727e+00
2.5838443399461702e-01 5.1205638086800143e+00
2.5865757217594448e-01 5.1168265720261275e+00
2.5893071518149702e-01 5.1131149619214389e+00
2.5920386232143988e-01 5.1093293691014114e+00
2.5947700448612138e-01 5.1053972541093149e+00
2.5975014205693153e-01 5.1013402189984989e+00
2.6002327541649117e-01 5.0971893502945553e+00
2.6029640494837747e-01 5.0929103859397804e+00
2.6056953103709601e-01 5.0886950368279775e+00
2.6084265406820883e-01 5.0846115735242776e+00
2.6111577442861605e-01 5.0806664890651847e+00
2.6138889250693609e-01 5.0768398970984032e+00
2.6166200869444567e-01 5.0730934724525074e+00
2.6193512338457886e-01 5.0693824136886629e+00
2.6220823697336376e-01 5.0656150656923424e+00
2.6248134985939697e-01 5.0617061289295018e+00
2.6275446244329270e-01 5.0576579600600411e+00
2.6302757512658492e-01 5.0535333471950290e+00
2.6330068831018738e-01 5.0492575331283875e+00
2.6357380239247180e-01 5.0450248861660922e+00
2.6384691776712849e-01 5.0409201097248610e+00
2.6412003482149066e-01 5.0369550899687026e+00
2.6439315393517970e-01 5.0331131842158596e+00
2.6466627547894950e-01 5.0293579578140024e+00
2.6493939981400327e-01 5.0256459481497062e+00
2.6521252729173866e-01 5.0218946929321850e+00
2.6548565825437581e-01 5.0180085498587941e+00
2.6575879303550526e-01 5.0139734052851779e+00
2.6603193196090263e-01 5.0098727042999878e+00
2.6630507534949271e-01 5.0056058380348754e+00
2.6657822351428995e-01 5.0013575108814852e+00
2.6685137676452503e-01 4.9972315908119578e+00
2.6712452580881763e-01 4.9932464669812475e+00
2.6739767026318917e-01 4.9893888671766353e+00
2.6767081051755687e-01 4.9856245360879479e+00
2.6794394696136425e-01 4.9819104779012626e+00
2.6821707998276972e-01 4.9781735110133782e+00
2.6849020996865097e-01 4.9743105663781657e+00
2.6876333730503688e-01 4.9702939952007288e+00
2.6903646237763318e-01 4.9662099180473254e+00
2.6930958557221257e-01 4.9619592145429907e+00
2.6958270727429245e-01 4.9576993449476037e+00
2.6985582786876755e-01 4.9535546554582943e+00
2.7012894774224777e-01 4.9495507729417172e+00
2.7040206728446248e-01 4.9456780162471929e+00
2.7067518688655329e-01 4.9419047227361155e+00
2.7094830693457461e-01 4.9381881933618335e+00
2.7122142781094671e-01 4.9344639748294705e+00
2.7149454989229549e-01 4.9306249592759723e+00
2.7176767354804826e-01 4.9266312509837977e+00
2.7204079913928852e-01 4.9225603308478139e+00
2.7231392701804125e-01 4.9183316394337746e+00
2.7258705752699508e-01 4.9140624764981444e+00
2.7286019099944242e-01 4.9098988750327264e+00
2.7313332775868282e-01 4.9058753523449976e+00
2.7340646811825758e-01 4.9019860967346132e+00
2.7367961239216904e-01 4.8982022987823655e+00
2.7395276089264009e-01 4.8944816561290443e+00
2.7422591392499862e-01 4.8907671649056690e+00
2.7449907178912331e-01 4.8869512669326314e+00
2.7477222866118789e-01 4.8829820200814344e+00
2.7504538082453672e-01 4.8789196031850848e+00
2.7531852866129181e-01 4.8747185314127499e+00
2.7559167255245703e-01 4.8704438861362505e+00
2.7586481287787729e-01 4.8662625250223792e+00
2.7613795001727776e-01 4.8622196517868268e+00
2.7641108435117856e-01 4.8583136951478467e+00
2.7668421626115963e-01 4.8545189675223055e+00
2.7695734613098300e-01 4.8507939268166727e+00
2.7723047434714987e-01 4.8470874179221219e+00
2.7750360129908014e-01 4.8432950813691136e+00
2.7777672737884190e-01 4.8393523227998072e+00
2.7804985298034957e-01 4.8352976788804378e+00
2.7832297849802062e-01 4.8311293587370834e+00
2.7859610432491966e-01 4.8268540332238397e+00
2.7886923085064652e-01 4.8226560999381629e+00
2.7914235845924074e-01 4.8185937690835132e+00
2.7941548752735967e-01 4.8146702454705750e+00
2.7968861842304094e-01 4.8108631938071005e+00
2.7996175150464364e-01 4.8071324609052741e+00
2.8023488712086198e-01 4.8034309188314932e+00
2.8050802561105836e-01 4.7996606045346786e+00
2.8078116730593516e-01 4.7957441267578211e+00
2.8105431252853852e-01 4.7916966562696741e+00
2.8132746159537203e-01 4.7875619270996461e+00
2.8160061481747506e-01 4.7832902525015371e+00
2.8187377250137313e-01 4.7790764294845305e+00
2.8214693494983573e-01 4.7749941102450464e+00
2.8242009858894701e-01 4.7710519259164599e+00
2.8269325742926271e-01 4.7672311401375254e+00
2.8296641186398475e-01 4.7634935428808909e+00
2.8323956228595576e-01 4.7597944134942205e+00
2.8351270908785564e-01 4.7560445469643575e+00
2.8378585266283834e-01 4.7521547064757801e+00
2.8405899340487106e-01 4.7481216086912523e+00
2.8433213170915300e-01 4.7440161702847981e+00
2.8460526797245422e-01 4.7397530547755800e+00
2.8487840259325714e-01 4.7355254393206021e+00
2.8515153597156673e-01 4.7314242440816159e+00
2.8542466850758191e-01 4.7274638623011711e+00
2.8569780060176198e-01 4.7236290936839360e+00
2.8597093265241630e-01 4.7198841705726409e+00
2.8624406505328692e-01 4.7161856736789876e+00
2.8651719819122345e-01 4.7124545564519797e+00
2.8679033244410934e-01 4.7085919204786970e+00
2.8706346817922224e-01 4.7045780280551179e+00
2.8733660575237147e-01 4.7004994469227936e+00
2.8760974550684998e-01 4.6962513294045918e+00
2.8788288777293108e-01 4.6920102689215115e+00
2.8815603286903718e-01 4.6878884187263967e+00
2.8842918110416299e-01 4.6839074940895937e+00
2.8870233277610802e-01 4.6800562073977172e+00
2.8897548817779045e-01 4.6763016227354077e+00
2.8924864759705554e-01 4.6726009012982725e+00
2.8952181131788618e-01 4.6688851983253112e+00
2.8979497962088013e-01 4.6650492093264324e+00
2.9006815111152834e-01 4.6610590793014754e+00
2.9034131781214378e-01 4.6569974386690296e+00
2.9061448010807361e-01 4.6527715335582158e+00
2.9088763838343779e-01 4.6485197198062176e+00
2.9116079302109643e-01 4.6443774788656249e+00
2.9143394440129028e-01 4.6403754574677034e+00
2.9170709290179558e-01 4.6365066265660628e+00
2.9198023890387392e-01 4.6327412944966211e+00
2.9225338279506669e-01 4.6290371730196682e+00
2.9252652496644799e-01 4.6253346700174607e+00
2.9279966580908212e-01 4.6215263739240200e+00
2.9307280571416600e-01 4.6175648802308027e+00
2.9334594507228751e-01 4.6135165012756998e+00
2.9361908427168198e-01 4.6093211174529829e+00
2.9389222369594931e-01 4.6050623901083476e+00
2.9416536372186525e-01 4.6008999883347270e+00
2.9443850471673971e-01 4.5968758501872928e+00
2.9471164703718389e-01 4.5929877129685321e+00
2.9498479102841979e-01 4.5892095151825290e+00
2.9525793702423681e-01 4.5854998531098303e+00
2.9553108534769962e-01 4.5818065613706231e+00
2.9580423631245373e-01 4.5780247174894342e+00
2.9607739022438667e-01 4.5740927256268060e+00
2.9635054738329847e-01 4.5700530121414582e+00
2.9662370808426070e-01 4.5658937812571114e+00
2.9689687261892039e-01 4.5616324299372337e+00
2.9717004127644442e-01 4.5574499560890196e+00
2.9744321434500814e-01 4.5534024677882732e+00
2.9771639211122392e-01 4.5494930687061856e+00
2.9798956636044766e-01 4.5456996738373920e+00
2.9826273606344428e-01 4.5419825746949751e+00
2.9853590160823917e-01 4.5382946144117344e+00
2.9880906338336322e-01 4.5345376737937082e+00
2.9908222177859306e-01 4.5306356290795780e+00
2.9935537718570054e-01 4.5266043202129946e+00
2.9962852999907291e-01 4.5224842266558332e+00
2.9990168061604727e-01 4.5182271805006744e+00
3.0017482943686052e-01 4.5140268976428448e+00
3.0044797686417324e-01 4.5099567731171240e+00
3.0072112330111123e-01 4.5060260113713841e+00
3.0099426914955046e-01 4.5022165377397929e+00
3.0126741480760860e-01 4.4984909817093239e+00
3.0154056066692331e-01 4.4948051841101959e+00
3.0181370711009575e-01 4.4910711548874200e+00
3.0208685450840095e-01 4.4871992776691982e+00
3.0236000322060191e-01 4.4831841483335664e+00
3.0263315359233561e-01 4.4790977471091491e+00
3.0290630595628831e-01 4.4748505735345327e+00
3.0317946063304851e-01 4.4706336540059164e+00
3.0345261793228312e-01 4.4665404735836542e+00
3.0372577815466173e-01 4.4625870000672858e+00
3.0399894159340368e-01 4.4587593879800309e+00
3.0427210853579328e-01 4.4550232161668868e+00
3.0454527926451130e-01 4.4513358117173594e+00
3.0481845405866592e-01 4.4476208502916128e+00
3.0509163319451227e-01 4.4437783087169720e+00
3.0536481694585638e-01 4.4397847953030576e+00
3.0563799867842928e-01 4.4357265844064697e+00
3.0591117587965022e-01 4.4314974868134884e+00
3.0618434894440461e-01 4.4272654146909955e+00
3.0645751826684609e-01 4.4231483825401270e+00
3.0673068424139849e-01 4.4191708459644286e+00
3.0700384726298724e-01 4.4153234138142805e+00
3.0727700772753253e-01 4.4115749758928215e+00
3.0755016603231478e-01 4.4078835811924062e+00
3.0782332257555706e-01 4.4041843328068886e+00
3.0809647775523163e-01 4.4003714426748539e+00
3.0836963196642209e-01 4.3964061615516101e+00
3.0864278559987096e-01 4.3923648403830926e+00
3.0891593904550069e-01 4.3881640878587831e+00
3.0918909268559647e-01 4.3839212631470392e+00
3.0946224688762447e-01 4.3797811441165635e+00
3.0973540200301702e-01 4.3757789454906577e+00
3.1000855836734720e-01 4.3719101919088592e+00
3.1028171630333445e-01 4.3681475418200879e+00
3.1055487612416321e-01 4.3644498788541721e+00
3.1082803813159648e-01 4.3607619721395530e+00
3.1110120261760521e-01 4.3569778530503074e+00
3.1137436986623079e-01 4.3530435226393749e+00
3.1164754015532020e-01 4.3490127549662008e+00
3.1192071375783892e-01 4.3448482709977165e+00
3.1219389094201394e-01 4.3405989240001190e+00
3.1246707197281881e-01 4.3364355098769920e+00
3.1274025712061426e-01 4.3324071690898913e+00
3.1301344665555214e-01 4.3285149099994928e+00
3.1328663683564745e-01 4.3247354729341110e+00
3.1355982241905372e-01 4.3210293009767859e+00
3.1383300379351281e-01 4.3173479555523606e+00
3.1410618134807072e-01 4.3135908438477655e+00
3.1437935547191853e-01 4.3096880635719703e+00
3.1465252655538933e-01 4.3056644004544520e+00
3.1492569499090994e-01 4.3015414780338057e+00
3.1519886117284829e-01 4.2972931170368041e+00
3.1547202549722525e-01 4.2931086879462974e+00
3.1574518836058563e-01 4.2890548019953014e+00
3.1601835016160046e-01 4.2851387176495441e+00
3.1629151129706917e-01 4.2813414862242984e+00
3.1656467215500583e-01 4.2776257366567965e+00
3.1683783311195629e-01 4.2739471316470734e+00
3.1711099453090380e-01 4.2702150035938988e+00
3.1738415675997789e-01 4.2663440941832871e+00
3.1765732013206155e-01 4.2623346403875955e+00
3.1793048496532311e-01 4.2582494507296289e+00
3.1820365156903502e-01 4.2540087322970725e+00
3.1847682024517987e-01 4.2498047924912425e+00
3.1874999128655174e-01 4.2457250473409998e+00
3.1902316497855848e-01 4.2417837569753587e+00
3.1929634160096604e-01 4.2379664632427509e+00
3.1956952142950990e-01 4.2342387681712594e+00
3.1984270473709359e-01 4.2305583650048613e+00
3.2011589179457250e-01 4.2268469308039167e+00
3.2038908287119777e-01 4.2230068997200689e+00
3.2066227823470167e-01 4.2190181194247733e+00
3.2093547628567620e-01 4.2149648318673245e+00
3.2120866969066619e-01 4.2107409092049135e+00
3.2148185884360586e-01 4.2065192075266662e+00
3.2175504414213230e-01 4.2024129097540639e+00
3.2202822598506353e-01 4.1984450172213377e+00
3.2230140477298586e-01 4.1946057728403376e+00
3.2257458090841917e-01 4.1908642081290219e+00
3.2284775479543704e-01 4.1871789152595538e+00
3.2312092683916327e-01 4.1834840304803587e+00
3.2339409744920650e-01 4.1796748466694753e+00
3.2366726703074589e-01 4.1757145360135199e+00
3.2394043598065192e-01 4.1716802810866840e+00
3.2421360468404786e-01 4.1674847118581066e+00
3.2448677351250138e-01 4.1632502465009287e+00
3.2475994282178855e-01 4.1591185399650241e+00
3.2503311295077048e-01 4.1551237245613377e+00
3.2530628422138563e-01 4.1512611605473095e+00
3.2557945693951990e-01 4.1475037331927700e+00
3.2585263139729292e-01 4.1438110088228255e+00
3.2612580788237572e-01 4.1401276689453645e+00
3.2639898667334888e-01 4.1363482347319183e+00
3.2667216804018756e-01 4.1324197640043119e+00
3.2694535224643673e-01 4.1283964851120469e+00
3.2721853955145741e-01 4.1242384622768995e+00
3.2749173020972433e-01 4.1199963021302022e+00
3.2776492447499117e-01 4.1158394646369025e+00
3.2803812259964676e-01 4.1118165916939278e+00
3.2831132483481412e-01 4.1079287346860154e+00
3.2858453142987037e-01 4.1041529492208193e+00
3.2885773367397131e-01 4.1004504112792048e+00
3.2913093168784308e-01 4.0967731722298319e+00
3.2940412586236678e-01 4.0930212762032525e+00
3.2967731659034816e-01 4.0891250666770302e+00
3.2995050426571848e-01 4.0851084779470206e+00
3.3022368928197543e-01 4.0809936237985003e+00
3.3049687203468481e-01 4.0767519982400833e+00
3.3077005292288136e-01 4.0725725912490818e+00
3.3104323234558886e-01 4.0685224501404731e+00
3.3131641069536083e-01 4.0646091261178592e+00
3.3158958835429603e-01 4.0608141377195288e+00
3.3186276569204332e-01 4.0571008400005555e+00
3.3213594306386640e-01 4.0534255536867514e+00
3.3240912080926699e-01 4.0496988248510970e+00
3.3268229925144960e-01 4.0458350126383911e+00
3.3295547869771525e-01 4.0418326799517184e+00
3.3322865944050295e-01 4.0377564902038960e+00
3.3350184175918224e-01 4.0335228673549599e+00
3.3377502592684710e-01 4.0293227373290801e+00
3.3404821221353320e-01 4.0252452384457857e+00
3.3432140088305218e-01 4.0213052756783414e+00
3.3459459219481952e-01 4.0174889661329960e+00
3.3486778640543563e-01 4.0137626657598542e+00
3.3514098376989088e-01 4.0100846694583678e+00
3.3541418454243072e-01 4.0063784732901970e+00
3.3568738897692230e-01 4.0025460103838091e+00
3.3596059732683820e-01 3.9985651918161746e+00
3.3623380984537782e-01 3.9945203398318729e+00
3.3650702102376912e-01 3.9903046512063312e+00
3.3678022789245904e-01 3.9860858455803521e+00
3.3705343083761019e-01 3.9819803323889080e+00
3.3732663025156723e-01 3.9780123163198149e+00
3.3759982653182424e-01 3.9741727553320767e+00
3.3787302007954279e-01 3.9704314900806397e+00
3.3814621129757005e-01 3.9667476358726130e+00
3.3841940058796205e-01 3.9630574165781720e+00
3.3869258834909743e-01 3.9592561176402490e+00
3.3896577497258956e-01 3.9553046982545541e+00
3.3923896084032756e-01 3.9512771534405835e+00
3.3951214632132265e-01 3.9470917906294329e+00
3.3978533176976361e-01 3.9428599760151140e+00
3.4005851752369454e-01 3.9387278273010793e+00
3.4033170390466094e-01 3.9347315323543914e+00
3.4060489121823978e-01 3.9308673759354043e+00
3.4087807975529594e-01 3.9271091263276254e+00
3.4115126979374089e-01 3.9234169594974810e+00
3.4142446160136891e-01 3.9197374380915209e+00
3.4169765544599873e-01 3.9159661056154147e+00
3.4197085158946394e-01 3.9120472056674607e+00
3.4224405028857008e-01 3.9080292599612227e+00
3.4251725179643067e-01 3.9038835546724684e+00
3.4279045636371641e-01 3.8996446403771943e+00
3.4306366423926832e-01 3.8954864137178618e+00
3.4333687567034721e-01 3.8914607841108784e+00
3.4361009090256056e-01 3.8875700363445778e+00
3.4388331017948331e-01 3.8837922472048989e+00
3.4415653028342141e-01 3.8800892466154813e+00
3.4442974609370358e-01 3.8764145831829500e+00
3.4470295799985867e-01 3.8726705597338884e+00
3.4497616639644141e-01 3.8687841982215998e+00
3.4524937168177022e-01 3.8647730490754282e+00
3.4552257425604643e-01 3.8606713393187970e+00
3.4579577451947296e-01 3.8564342018778395e+00
3.4606897286947252e-01 3.8522526792677305e+00
3.4634216969779502e-01 3.8481985531856822e+00
3.4661536538743959e-01 3.8442809823648703e+00
3.4688856030956755e-01 3.8404826526639186e+00
3.4716175482070027e-01 3.8367678305607904e+00
3.4743494926070323e-01 3.8330937331750805e+00
3.4770814395331118e-01 3.8293741652528075e+00
3.4798133920621604e-01 3.8255203694401110e+00
3.4825453531062356e-01 3.8215253252142651e+00
3.4852773254285374e-01 3.8174610944679701e+00
3.4880093116576683e-01 3.8132340818168688e+00
3.4907413143221860e-01 3.8090316829728330e+00
3.4934733359251330e-01 3.8049493532540617e+00
3.4962053789546016e-01 3.8010041021500114e+00
3.4989374458549105e-01 3.7971833184320452e+00
3.5016695390411556e-01 3.7934544369536556e+00
3.5044016609097944e-01 3.7897763083467089e+00
3.5071338138450237e-01 3.7860761274773469e+00
3.5098660002209281e-01 3.7822537710468898e+00
3.5125982223987784e-01 3.7782825675615412e+00
3.5153304827124765e-01 3.7742467314516972e+00
3.5180627821610994e-01 3.7700406810590743e+00
3.5207950383610609e-01 3.7658201860649059e+00
3.5235272551212821e-01 3.7617093965669826e+00
3.5262594362866984e-01 3.7577353506207447e+00
3.5289915857538340e-01 3.7538904016046661e+00
3.5317237074439434e-01 3.7501455732890991e+00
3.5344558052679109e-01 3.7464605209334714e+00
3.5371878831032477e-01 3.7427748472447115e+00
3.5399199447683560e-01 3.7389835257045174e+00
3.5426519939923679e-01 3.7350431230078933e+00
3.5453840343887377e-01 3.7310214084728188e+00
3.5481160694328301e-01 3.7268492067633829e+00
3.5508481024465943e-01 3.7226173789091899e+00
3.5535801365918335e-01 3.7184801547468429e+00
3.5563121748722709e-01 3.7144776252696188e+00
3.5590442201431882e-01 3.7106076531635757e+00
3.5617762751267362e-01 3.7068453056272910e+00
3.5645083424307322e-01 3.7031513842724908e+00
3.5672404245689460e-01 3.6994750666261269e+00
3.5699725240001728e-01 3.6957135533326735e+00
3.5727046432053744e-01 3.6918063152453682e+00
3.5754367846304907e-01 3.6877930517021640e+00
3.5781689506943570e-01 3.6836632006573247e+00
3.5809011437978744e-01 3.6794268040552169e+00
3.5836333663297332e-01 3.6752641001382007e+00
3.5863656206681982e-01 3.6712323270791427e+00
3.5890979091798692e-01 3.6673356268887898e+00
3.5918302342152797e-01 3.6635534812269062e+00
3.5945625981015977e-01 3.6598485051767016e+00
3.5972949494957207e-01 3.6561758894119412e+00
3.6000272608404094e-01 3.6524413676021243e+00
3.6027595360085030e-01 3.6485671258093464e+00
3.6054917789065105e-01 3.6445622115767686e+00
3.6082239934517402e-01 3.6404767681789885e+00
3.6109561835516235e-01 3.6362451684548844e+00
3.6136883530777597e-01 3.6320598599968368e+00
3.6164205058368626e-01 3.6279996651591855e+00
3.6191526455411910e-01 3.6240760257611089e+00
3.6218847757811101e-01 3.6202731098203267e+00
3.6246169000025869e-01 3.6165562244646416e+00
3.6273490214927329e-01 3.6128834345689746e+00
3.6300811433751584e-01 3.6091729995351556e+00
3.6328132686128423e-01 3.6053321620109937e+00
3.6355454000179560e-01 3.6013470737695501e+00
3.6382775402673889e-01 3.5972971268714593e+00
3.6410096919204304e-01 3.5930796020868452e+00
3.6437418574388575e-01 3.5888745660812509e+00
3.6464740392087536e-01 3.5847863795777481e+00
3.6492062396178349e-01 3.5808350107022462e+00
3.6519384610405797e-01 3.5770094598306081e+00
3.6546707058172534e-01 3.5732784245012561e+00
3.6574029762634341e-01 3.5696011753358041e+00
3.6601352746762283e-01 3.5659095733693063e+00
3.6628676033370305e-01 3.5621013128440167e+00
3.6655999645111936e-01 3.5581439588871824e+00
3.6683323604430634e-01 3.5541170217029441e+00
3.6710647933520635e-01 3.5499261043548711e+00
3.6737972445988554e-01 3.5457053652997503e+00
3.6765296556586952e-01 3.5415893527691775e+00
3.6792620303545931e-01 3.5376092327398534e+00
3.6819943725287790e-01 3.5337592489546319e+00
3.6847266860239047e-01 3.5300119217609716e+00
3.6874589746611069e-01 3.5263274373113918e+00
3.6901912422175048e-01 3.5226494631752092e+00
3.6929234923969811e-01 3.5188732504416134e+00
3.6956557287883163e-01 3.5149493476879501e+00
3.6983879548613652e-01 3.5109357536687771e+00
3.7011201739623145e-01 3.5067836194558550e+00
3.7038523892700881e-01 3.5025539766237719e+00
3.7065846038002054e-01 3.4984115510519667e+00
3.7093168204116306e-01 3.4944023385778387e+00
3.7120490418182334e-01 3.4905264881852496e+00
3.7147812706047761e-01 3.4867608335034070e+00
3.7175135092454836e-01 3.4830669388168021e+00
3.7202457601233879e-01 3.4793969384910839e+00
3.7229780255492539e-01 3.4756510609979818e+00
3.7257103078060211e-01 3.4717619514506963e+00
3.7284426092010758e-01 3.4677555736656451e+00
3.7311749320156284e-01 3.4636494526892183e+00
3.7339072785109118e-01 3.4594193440290724e+00
3.7366396509345867e-01 3.4552521874915443e+00
3.7393720515236351e-01 3.4512133645581180e+00
3.7421044825038469e-01 3.4473099350062513e+00
3.7448369460863778e-01 3.4435234145543716e+00
3.7475694444619573e-01 3.4398176707728561e+00
3.7503019797931803e-01 3.4361496097428317e+00
3.7530344933542220e-01 3.4324304072594480e+00
3.7557669696839385e-01 3.4285755088848529e+00
3.7584994125613119e-01 3.4245836510266230e+00
3.7612318257667365e-01 3.4205190724764805e+00
3.7639642130617845e-01 3.4162974766071135e+00
3.7666965781637429e-01 3.4121083075470544e+00
3.7694289247185542e-01 3.4080405990758518e+00
3.7721612562742285e-01 3.4041092166982470e+00
3.7748935762572489e-01 3.4003005370603905e+00
3.7776258879543995e-01 3.3965815542368443e+00
3.7803581945018422e-01 3.3929112721945978e+00
3.7830904988821801e-01 3.3892146982205658e+00
3.7858228039289177e-01 3.3853940685235511e+00
3.7885551123376365e-01 3.3814262932804930e+00
3.7912874266796825e-01 3.3773953680033295e+00
3.7940197494195566e-01 3.3731944963051270e+00
3.7967520829327761e-01 3.3689860524262332e+00
3.7994844295231728e-01 3.3648886718325541e+00
3.8022167914429028e-01 3.3609273961429427e+00
3.8049491709654243e-01 3.3570937893971400e+00
3.8076815703559452e-01 3.3533585453891006e+00
3.8104139918554453e-01 3.3496815523997405e+00
3.8131464376867441e-01 3.3460013241893329e+00
3.8158789100573537e-01 3.3422136388358799e+00
3.8186114111592234e-01 3.3382774197794363e+00
3.8213439431655238e-01 3.3342627658519666e+00
3.8240765082241163e-01 3.3300954183070890e+00
3.8268091084514655e-01 3.3258732368612551e+00
3.8295417232102041e-01 3.3217469107219428e+00
3.8322743000797144e-01 3.3177549544077638e+00
3.8350068428177975e-01 3.3138946414003443e+00
3.8377393551749606e-01 3.3101408464480251e+00
3.8404718408735972e-01 3.3064545665923242e+00
3.8432043035848312e-01 3.3027847908413102e+00
3.8459367469036404e-01 3.2990289228125911e+00
3.8486691743272011e-01 3.2951278396954837e+00
3.8514015892324727e-01 3.2911225488994713e+00
3.8541339948567838e-01 3.2869998371828970e+00
3.8568663942864123e-01 3.2827724995117613e+00
3.8595987904544304e-01 3.2786192688258651e+00
3.8623311861457443e-01 3.2745965110288173e+00
3.8650635840069353e-01 3.2707081046866131e+00
3.8677959865606204e-01 3.2669335711257750e+00
3.8705283962219289e-01 3.2632357938564214e+00
3.8732608153156356e-01 3.2595702495773509e+00
3.8759932460928764e-01 3.2558432058248616e+00
3.8787256907466738e-01 3.2519770836107611e+00
3.8814581514540936e-01 3.2479803425027742e+00
3.8841906304147283e-01 3.2439043630288378e+00
3.8869231298040680e-01 3.2396814053126501e+00
3.8896556517775061e-01 3.2355031445441922e+00
3.8923881984739428e-01 3.2314490472504223e+00
3.8951207720165665e-01 3.2275308153333460e+00
3.8978533745106253e-01 3.2237329295967827e+00
3.9005860080388322e-01 3.2200211222426249e+00
3.9033186746550375e-01 3.2163538794503914e+00
3.9060513763767352e-01 3.2126508385157302e+00
3.9087840574692440e-01 3.2088187815237075e+00
3.9115167035909448e-01 3.2048422868245070e+00
3.9142493184227278e-01 3.2008020544101674e+00
3.9169819056188815e-01 3.1965937492575365e+00
3.9197144687835761e-01 3.1923938543882175e+00
3.9224470114472010e-01 3.1883092958016053e+00
3.9251795370414605e-01 3.1843609365174554e+00
3.9279120488773794e-01 3.1805383347789449e+00
3.9306445501295462e-01 3.1768108169159257e+00
3.9333770438268778e-01 3.1731380164692196e+00
3.9361095328499124e-01 3.1694538551225300e+00
3.9388420199353080e-01 3.1656556852487450e+00
3.9415745076858788e-01 3.1617088749753868e+00
3.9443069985844365e-01 3.1576906874762716e+00
3.9470394950094295e-01 3.1535116196065314e+00
3.9497719992512986e-01 3.1492953161780286e+00
3.9525045135283554e-01 3.1451807962247664e+00
3.9552370400015280e-01 3.1412011957290544e+00
3.9579695807913284e-01 3.1373516651514701e+00
3.9607021380425766e-01 3.1336055940583276e+00
3.9634347138952664e-01 3.1299235865801869e+00
3.9661673104686018e-01 3.1262514848332059e+00
3.9688999298650374e-01 3.1224853009300380e+00
3.9716325741714692e-01 3.1185724081128754e+00
3.9743652454576445e-01 3.1145648084249116e+00
3.9770979457721317e-01 3.1104263565928494e+00
3.9798306771365849e-01 3.1062003011739812e+00
3.9825634415385319e-01 3.1020566178977980e+00
3.9852962271886216e-01 3.0980448603798711e+00
3.9880289768171762e-01 3.0941665416843733e+00
3.9907616940505458e-01 3.0903995310358749e+00
3.9934943824891850e-01 3.0867059755740018e+00
3.9962270456858678e-01 3.0830396205416042e+00
3.9989596871217975e-01 3.0793030547544995e+00
4.0000000000000002e-01 3.0778438942779140e+00
