0.0000000000000000e+00 9.0088841920837890e+00
1.7723725194851356e-03 8.9222259644942774e+00
3.4435895881775691e-03 8.8604321636342895e+00
5.0382724838675943e-03 8.7971040588898042e+00
6.5742274307642829e-03 8.7308633460136669e+00
8.0666791915211811e-03 8.6703345492518462e+00
9.4488620306697520e-03 8.6273033675266078e+00
1.0724076099589482e-02 8.5915137277233189e+00
1.1951520835616273e-02 8.5556629793240884e+00
1.3154110009359956e-02 8.5204525303701377e+00
1.4342058763254064e-02 8.4899630494503224e+00
1.5520162251434867e-02 8.4632691047454358e+00
1.6690773353201294e-02 8.4381249625886081e+00
1.7855539549913518e-02 8.4117618993134151e+00
1.9015721200213838e-02 8.3841754028969326e+00
2.0172377969139042e-02 8.3561087347100038e+00
2.1326468523673967e-02 8.3302318068771068e+00
2.2478855778582312e-02 8.3063996236174074e+00
2.3630295499757693e-02 8.2836642080321425e+00
2.4781442668454508e-02 8.2612109260786735e+00
2.5920596817325992e-02 8.2379910494998363e+00
2.7049719419137218e-02 8.2144270586119692e+00
2.8171184670961223e-02 8.1903398317888421e+00
2.9286889771284470e-02 8.1675322024331596e+00
3.0398240738568946e-02 8.1461815495212644e+00
3.1506272621538649e-02 8.1259717245416763e+00
3.2611790989246110e-02 8.1063361254993449e+00
3.3715467674279041e-02 8.0863254117411199e+00
3.4817897222041976e-02 8.0651713889543970e+00
3.5919640050200020e-02 8.0435734601536453e+00
3.7021218313924673e-02 8.0212899129191904e+00
3.8123097622383605e-02 7.9998521529222764e+00
3.9225701714914553e-02 7.9795460929719368e+00
4.0329403494321868e-02 7.9601980581654033e+00
4.1428522168369841e-02 7.9415450734895368e+00
4.2523953358873080e-02 7.9230644679503097e+00
4.3616554414258012e-02 7.9037823272115268e+00
4.4706989873647462e-02 7.8834176485573755e+00
4.5795794801569020e-02 7.8624599990957664e+00
4.6883439439091693e-02 7.8411585538547888e+00
4.7970356690772174e-02 7.8207170047541199e+00
4.9056941167614977e-02 7.8013160342085861e+00
5.0143536610466236e-02 7.7827965899510962e+00
5.1230452436617183e-02 7.7648476832223414e+00
5.2317966995202185e-02 7.7470494200560163e+00
5.3406318876885600e-02 7.7285957667092600e+00
5.4495683769835233e-02 7.7090595292362796e+00
5.5586165391957064e-02 7.6888857148998628e+00
5.6674808176522214e-02 7.6679765083535107e+00
5.7761771166242072e-02 7.6476529559898090e+00
5.8847423409646868e-02 7.6282741052599565e+00
5.9932111108133720e-02 7.6098002818857866e+00
6.1016152827322881e-02 7.5920256383960103e+00
6.2099837342521093e-02 7.5746385380358117e+00
6.3183400787230642e-02 7.5570120905647356e+00
6.4267070036735180e-02 7.5385231179264434e+00
6.5351047516580177e-02 7.5193421291364420e+00
6.6435496575367903e-02 7.4992422179519895e+00
6.7520530296188278e-02 7.4790544504726482e+00
6.8606238661249749e-02 7.4595647270079999e+00
6.9692735023091229e-02 7.4408731977085223e+00
7.0780160193170544e-02 7.4228752505413000e+00
7.1866733115563061e-02 7.4054117316810020e+00
7.2952461420340869e-02 7.3881855908285079e+00
7.4037595883899215e-02 7.3705477453049246e+00
7.5122355754290743e-02 7.3521258307829811e+00
7.6206933201052679e-02 7.3332196334950552e+00
7.7291496749021096e-02 7.3133996944005686e+00
7.8376189466662874e-02 7.2938061700435526e+00
7.9461121444447308e-02 7.2749191586093307e+00
8.0546371126745189e-02 7.2567640732030814e+00
8.1632013563089537e-02 7.2392093708598306e+00
8.2718125888520358e-02 7.2220529850852246e+00
8.3804778612461356e-02 7.2049545324477098e+00
8.4892012107466094e-02 7.1873489029586350e+00
8.5979901216976018e-02 7.1690501369858666e+00
8.7067790328553274e-02 7.1503375485945053e+00
8.8155308142131975e-02 7.1308572705389226e+00
8.9242599850101537e-02 7.1116868374391347e+00
9.0329790184412784e-02 7.0931882281619352e+00
9.1416980978988177e-02 7.0753674176388577e+00
9.2504247946435886e-02 7.0580939342537059e+00
9.3591646242920115e-02 7.0411755683221093e+00
9.4679214655540786e-02 7.0242637028603738e+00
9.5766988510708306e-02 7.0068411125452581e+00
9.6855008818125227e-02 6.9887760485271535e+00
9.7943301613406322e-02 6.9703287939525813e+00
9.9031860789573697e-02 6.9511615304079486e+00
1.0012066286848528e-01 6.9322926838067609e+00
1.0120969468990929e-01 6.9140654190083284e+00
1.0229896465800770e-01 6.8964761231615954e+00
1.0338847309051227e-01 6.8794008782250851e+00
1.0447820139015128e-01 6.8626638637440092e+00
1.0556812105317795e-01 6.8459566337509816e+00
1.0665819023465541e-01 6.8287832433719657e+00
1.0774836200059926e-01 6.8109837715360753e+00
1.0883857926779521e-01 6.7928561995629924e+00
1.0992883835664409e-01 6.7739569786346436e+00
1.1101910501884923e-01 6.7552445540009192e+00
1.1210935303089353e-01 6.7371557344460626e+00
1.1319956537633051e-01 6.7197193094908139e+00
1.1428971855875004e-01 6.7028127701614917e+00
1.1537979961574307e-01 6.6862566516276676e+00
1.1646982045757411e-01 6.6698010903914966e+00
1.1755979262180508e-01 6.6529715500297559e+00
1.1864971601445079e-01 6.6355422918001032e+00
1.1973959183164769e-01 6.6177885119168200e+00
1.2082942529222045e-01 6.5992869108249037e+00
1.2191922470569166e-01 6.5807185880602832e+00
1.2300900081032236e-01 6.5626793476254583e+00
1.2409876661269463e-01 6.5452801734016788e+00
1.2518853787490353e-01 6.5284534839904671e+00
1.2627833427395355e-01 6.5120341181332879e+00
1.2736801859399557e-01 6.4958170408052061e+00
1.2845755301854053e-01 6.4793769075600238e+00
1.2954694670527728e-01 6.4623857479482831e+00
1.3063621018109736e-01 6.4449447547161558e+00
1.3172534859072096e-01 6.4270115956550047e+00
1.3281436841984742e-01 6.4086307193785021e+00
1.3390327848067596e-01 6.3906088322264285e+00
1.3499208946968858e-01 6.3731737313053758e+00
1.3608081355110979e-01 6.3563211146408554e+00
1.3716946429385607e-01 6.3399396207079546e+00
1.3825805707448666e-01 6.3238679799783473e+00
1.3934660983675287e-01 6.3078054466985058e+00
1.4043514359173975e-01 6.2913073836289355e+00
1.4152368065347384e-01 6.2742418449148545e+00
1.4261224042543674e-01 6.2569117640495131e+00
1.4370084211239859e-01 6.2388603921809294e+00
1.4478950358251494e-01 6.2208477465740746e+00
1.4587824602204114e-01 6.2033314699582141e+00
1.4696709088101131e-01 6.1863826227184839e+00
1.4805605935795565e-01 6.1699379751845695e+00
1.4914492516100589e-01 6.1538673370530574e+00
1.5023366107242001e-01 6.1380035085913249e+00
1.5132228715589735e-01 6.1219538370049182e+00
1.5241082549335674e-01 6.1054053800850285e+00
1.5349929906229923e-01 6.0884228857905995e+00
1.5458773139445489e-01 6.0710275216519625e+00
1.5567614596812288e-01 6.0531375606564817e+00
1.5676456594563867e-01 6.0355327383356938e+00
1.5785301280884034e-01 6.0184552392603363e+00
1.5894150646808278e-01 6.0019078985022611e+00
1.6003006632261652e-01 5.9857946420937189e+00
1.6111871072106168e-01 5.9699755451743668e+00
1.6220745656514690e-01 5.9542368660362470e+00
1.6329631957042753e-01 5.9381668109992987e+00
1.6438531392430977e-01 5.9215853684198185e+00
1.6547445204867178e-01 5.9047432454348350e+00
1.6656372541318507e-01 5.8872893304461016e+00
1.6765295168544386e-01 5.8696421580721605e+00
1.6874214856190980e-01 5.8523948451541878e+00
1.6983133147600352e-01 5.8356746043173393e+00
1.7092051681823955e-01 5.8194449002688478e+00
1.7200972092826589e-01 5.8035909283065470e+00
1.7309895935612443e-01 5.7879728446108212e+00
1.7418824806228611e-01 5.7723186044968875e+00
1.7527760413759749e-01 5.7562492169596560e+00
1.7636703970812162e-01 5.7396767971216143e+00
1.7745656421543488e-01 5.7229108530464394e+00
1.7854618399211275e-01 5.7055028787267261e+00
1.7963590242023764e-01 5.6881124348033829e+00
1.8072572027448575e-01 5.6711754013492115e+00
1.8181563619945618e-01 5.6547552227034705e+00
1.8290564736521681e-01 5.6387897396361453e+00
1.8399574955623618e-01 5.6231528862297449e+00
1.8508593667551967e-01 5.6077040908538276e+00
1.8617620031750751e-01 5.5921278911080243e+00
1.8726653208180094e-01 5.5760908588667535e+00
1.8835692489643854e-01 5.5595683533324509e+00
1.8944737270433645e-01 5.5428476510370750e+00
1.9053787028901051e-01 5.5255255405190109e+00
1.9162841319582760e-01 5.5083376220964864e+00
1.9271899763122247e-01 5.4916330129059441e+00
1.9380962046339789e-01 5.4754449073502363e+00
1.9490027914858429e-01 5.4596943538208391e+00
1.9599097177999164e-01 5.4442472330274141e+00
1.9708169756255042e-01 5.4289570358425543e+00
1.9817245655152915e-01 5.4134852917590903e+00
1.9926324901857767e-01 5.3975318286073488e+00
2.0035407578368905e-01 5.3811182168947509e+00
2.0144493807687147e-01 5.3644668929526791e+00
2.0253583770265368e-01 5.3472542340529303e+00
2.0362673824255639e-01 5.3302235261874946e+00
2.0471762279863384e-01 5.3136876509866831e+00
2.0580848944358343e-01 5.2976691036307937e+00
2.0689933635457425e-01 5.2820826577289450e+00
2.0799016254127942e-01 5.2667919420685383e+00
2.0908096788447877e-01 5.2516494114710603e+00
2.1017175280310027e-01 5.2363123658383586e+00
2.1126251839921664e-01 5.2204892756043710e+00
2.1235326609469943e-01 5.2042101565195455e+00
2.1344399782254145e-01 5.1876860689050694e+00
2.1453471592994228e-01 5.1706072990056828e+00
2.1562542317820230e-01 5.1537062758862291e+00
2.1671612269293075e-01 5.1372907732374591e+00
2.1780681763660095e-01 5.1213857924692592e+00
2.1889751141057059e-01 5.1059125877632985e+00
2.1998820749250331e-01 5.0907367866537792e+00
2.2107890918576850e-01 5.0757148623321591e+00
2.2216961960247938e-01 5.0605198714903761e+00
2.2326034175345169e-01 5.0448497998932389e+00
2.2435107867105633e-01 5.0287067891247759e+00
2.2544183348502275e-01 5.0123493654862106e+00
2.2653260945173592e-01 4.9954115339044662e+00
2.2762340997976926e-01 4.9786064526717437e+00
2.2871423862732523e-01 4.9622679085846002e+00
2.2980509910344044e-01 4.9464313250486303e+00
2.3089599523577695e-01 4.9310249703245130e+00
2.3198693097266262e-01 4.9159208577688602e+00
2.3307791038276157e-01 4.9009859542969192e+00
2.3416891157901046e-01 4.8859240772678216e+00
2.3525988298218073e-01 4.8704096267367900e+00
2.3635082781940964e-01 4.8544035053645738e+00
2.3744174894478018e-01 4.8382212152546016e+00
2.3853264943394828e-01 4.8214306624272734e+00
2.3962353272256698e-01 4.8046920076283950e+00
2.4071440207494413e-01 4.7883953131436305e+00
2.4180526085231480e-01 4.7725969925465233e+00
2.4289611250059695e-01 4.7572344175972709e+00
2.4398696056186839e-01 4.7421849479328904e+00
2.4507780860416029e-01 4.7273181690249899e+00
2.4616866029488929e-01 4.7123856628690257e+00
2.4725951927835588e-01 4.6970393807655206e+00
2.4835038913431517e-01 4.6811911585496633e+00
2.4944127335605454e-01 4.6651572631543621e+00
2.5053217529545069e-01 4.6485316748024692e+00
2.5162309840973063e-01 4.6318336499960147e+00
2.5271404616602428e-01 4.6155414425666113e+00
2.5380502196084942e-01 4.5997459141224715e+00
2.5489602901512037e-01 4.5843985024735785e+00
2.5598707041173385e-01 4.5693834950947538e+00
2.5707814915778493e-01 4.5545676238583699e+00
2.5816926818621011e-01 4.5397520090142169e+00
2.5926043037925489e-01 4.5245734887241564e+00
2.6035163863455024e-01 4.5088963267795013e+00
2.6144289595130543e-01 4.4929678902536949e+00
2.6253418553880054e-01 4.4765456944450959e+00
2.6362545666699844e-01 4.4598740055145578e+00
2.6471671184098500e-01 4.4435461681787949e+00
2.6580795604742102e-01 4.4277106068356229e+00
2.6689919217717045e-01 4.4123415831755306e+00
2.6799042255224215e-01 4.3973350480351199e+00
2.6908164943386748e-01 4.3825545659926997e+00
2.7017287506966686e-01 4.3678424064709604e+00
2.7126410176951421e-01 4.3528473604974334e+00
2.7235533187228644e-01 4.3373618822017175e+00
2.7344656744228318e-01 4.3215038139870368e+00
2.7453781021183205e-01 4.3053374751483098e+00
2.7562906167698403e-01 4.2887203190607996e+00
2.7672032264883895e-01 4.2723378339144356e+00
2.7781159396748722e-01 4.2564304902626002e+00
2.7890287682594667e-01 4.2410058038363969e+00
2.7999417251434311e-01 4.2259775041508787e+00
2.8108548223462315e-01 4.2112117008893675e+00
2.8217680701609471e-01 4.1965719398500969e+00
2.8326814767337116e-01 4.1817586407835448e+00
2.8435950496329415e-01 4.1664795158348129e+00
2.8545087967771160e-01 4.1507211177730907e+00
2.8654227284544875e-01 4.1347964218174980e+00
2.8763368581385623e-01 4.1182862697844103e+00
2.8872512018346730e-01 4.1018360637155409e+00
2.8981657756303597e-01 4.0858232558640104e+00
2.9090805947652965e-01 4.0703029581758008e+00
2.9199956743191036e-01 4.0552138239499174e+00
2.9309110309551295e-01 4.0404319178251882e+00
2.9418266826950018e-01 4.0258227630254853e+00
2.9527426492785902e-01 4.0111626156469038e+00
2.9636585609389177e-01 3.9960987401806514e+00
2.9745742508508366e-01 3.9805266846728835e+00
2.9854897268440916e-01 3.9647375898641752e+00
2.9964049986302110e-01 3.9484221996059010e+00
3.0073200773494346e-01 3.9319241796147897e+00
3.0182349750530152e-01 3.9157903124141549e+00
3.0291497043829207e-01 3.9001484707060450e+00
3.0400642785980908e-01 3.8849679152296126e+00
3.0509787117627979e-01 3.8701422818556011e+00
3.0618930198241195e-01 3.8555340288277455e+00
3.0728072204657281e-01 3.8409829827376694e+00
3.0837213330012414e-01 3.8261390780568689e+00
3.0946353786868253e-01 3.8107962149770938e+00
3.1055493799103673e-01 3.7950687251470603e+00
3.1164633588336121e-01 3.7790427302943108e+00
3.1273773374279296e-01 3.7625614954387268e+00
3.1382913384275712e-01 3.7463021590482062e+00
3.1492053858281321e-01 3.7305131541695098e+00
3.1601195048958419e-01 3.7152066824284411e+00
3.1710337220010076e-01 3.7003012987976560e+00
3.1819480644466991e-01 3.6856638847436991e+00
3.1928625603660254e-01 3.6711594794396478e+00
3.2037772387417285e-01 3.6565079912233664e+00
3.2146921299126346e-01 3.6413974405359442e+00
3.2256072650588313e-01 3.6257885066547462e+00
3.2365226767528121e-01 3.6100036391439061e+00
3.2474383989570077e-01 3.5936322331651569e+00
3.2583544665218678e-01 3.5772561458930698e+00
3.2692708111381369e-01 3.5612979375140879e+00
3.2801868692538355e-01 3.5458333788575018e+00
3.2911026612351568e-01 3.5308114825658716e+00
3.3020182084703770e-01 3.5161143465744709e+00
3.3129335335890675e-01 3.5016050648144894e+00
3.3238486608014223e-01 3.4870919494930086e+00
3.3347636158853960e-01 3.4722153214777602e+00
3.3456784257988786e-01 3.4568265306132169e+00
3.3565931186750475e-01 3.4411364527036072e+00
3.3675077242977713e-01 3.4250209278113921e+00
3.3784222732160762e-01 3.4085846277224094e+00
3.3893367967197480e-01 3.3924538165008089e+00
3.4002513267427981e-01 3.3768074799300076e+00
3.4111658934200056e-01 3.3616356120308621e+00
3.4220805242529923e-01 3.3468445832847040e+00
3.4329952460756674e-01 3.3322965230214745e+00
3.4439100861462280e-01 3.3178494663372136e+00
3.4548250718885692e-01 3.3031882586869670e+00
3.4657402305945156e-01 3.2880409949667815e+00
3.4766555899043661e-01 3.2724164180478188e+00
3.4875711781339197e-01 3.2566008879229731e+00
3.4984870224540793e-01 3.2402116634595686e+00
3.5094031455102515e-01 3.2239147501767316e+00
3.5203195631390832e-01 3.2080612132951325e+00
3.5312362912653400e-01 3.1927009341266848e+00
3.5421533507764008e-01 3.1777719755984459e+00
3.5530707648695647e-01 3.1631491508538376e+00
3.5639882553649077e-01 3.1486955232775378e+00
3.5749055211118536e-01 3.1341919044310975e+00
3.5858226027210560e-01 3.1192826475788102e+00
3.5967395235370803e-01 3.1038527013861499e+00
3.6076563076763657e-01 3.0881765986167373e+00
3.6185729773967729e-01 3.0719872238974717e+00
3.6294895522218046e-01 3.0555723434683499e+00
3.6404060466089316e-01 3.0395068397199272e+00
3.6513224704795283e-01 3.0239340232793683e+00
3.6622388395397004e-01 3.0088325419721440e+00
3.6731551726319239e-01 2.9941013343821017e+00
3.6840714884510750e-01 2.9795994377763835e+00
3.6949878047977841e-01 2.9651748688092132e+00
3.7059041384673808e-01 2.9504910204601686e+00
3.7168205052463593e-01 2.9353047414103055e+00
3.7277369190279508e-01 2.9196716172610615e+00
3.7386533923418680e-01 2.9037939773178354e+00
3.7495699378064418e-01 2.8873769196063903e+00
3.7604865701307416e-01 2.8711124574799767e+00
3.7714033079671311e-01 2.8553059332279211e+00
3.7823201661127231e-01 2.8399933037373133e+00
3.7932371581237301e-01 2.8251069883499480e+00
3.8041543005971423e-01 2.8105172217322258e+00
3.8150716114078359e-01 2.7960850112105375e+00
3.8259891085872233e-01 2.7815671166664866e+00
3.8369068104309068e-01 2.7666155404699091e+00
3.8478247360220064e-01 2.7511377983640841e+00
3.8587429054401495e-01 2.7354402725514659e+00
3.8696613398928453e-01 2.7191770923250909e+00
3.8805800585460876e-01 2.7027587188615452e+00
3.8914985746662206e-01 2.6867148401806471e+00
3.9024168666319120e-01 2.6711673851220188e+00
3.9133349461872208e-01 2.6560887933947059e+00
3.9242528280491196e-01 2.6413741078556177e+00
3.9351705279789023e-01 2.6268807653540875e+00
3.9460880618903749e-01 2.6124446267356456e+00
3.9570054456970943e-01 2.5977132013452553e+00
3.9679226958991698e-01 2.5824678063948636e+00
3.9788398308116185e-01 2.5668062783531314e+00
3.9897568699886632e-01 2.5508445435838998e+00
4.0000000000000002e-01 2.5354030489695991e+00
