0.0000000000000000e+00 9.0088841920838050e+00
8.8618625974256780e-04 8.9655550782890501e+00
1.7217947940887845e-03 8.9346581778590579e+00
2.5191362419337972e-03 8.9029941254868135e+00
3.2871137153821415e-03 8.8698737690487466e+00
4.0333395957605905e-03 8.8396093706678354e+00
4.7244310153348760e-03 8.8180937798052170e+00
5.3620380497947408e-03 8.8001989599035717e+00
5.9757604178081363e-03 8.7822735857039564e+00
6.5770550046799778e-03 8.7646683612269811e+00
7.1710293816270318e-03 8.7494236207670735e+00
7.7600811257174333e-03 8.7360766484146293e+00
8.3453866766006468e-03 8.7235045773362163e+00
8.9277697749567588e-03 8.7103230456986189e+00
9.5078606001069189e-03 8.6965297974903777e+00
1.0086188984569521e-02 8.6824964633969124e+00
1.0663234261836983e-02 8.6695579994804657e+00
1.1239427889291156e-02 8.6576419078506159e+00
1.1815147749878846e-02 8.6462742000579844e+00
1.2390721334227254e-02 8.6350475590812490e+00
1.2960298408662996e-02 8.6234376207918295e+00
1.3524859709568609e-02 8.6116556253478951e+00
1.4085592335480611e-02 8.5996120119363315e+00
1.4643444885642235e-02 8.5882081972584920e+00
1.5199120369284473e-02 8.5775328708025427e+00
1.5753136310769324e-02 8.5674279583127486e+00
1.6305895494623055e-02 8.5576101587915847e+00
1.6857733837139521e-02 8.5476048019124704e+00
1.7408948611020988e-02 8.5370277905191081e+00
1.7959820025100010e-02 8.5262288261187358e+00
1.8510609156962336e-02 8.5150870525015065e+00
1.9061548811191802e-02 8.5043681725030478e+00
1.9612850857457276e-02 8.4942151425278780e+00
2.0164701747160934e-02 8.4845411251246112e+00
2.0714261084184921e-02 8.4752146327866793e+00
2.1261976679436540e-02 8.4659743300170653e+00
2.1808277207129006e-02 8.4563332596476748e+00
2.2353494936823731e-02 8.4461509203205978e+00
2.2897897400784510e-02 8.4356720955897941e+00
2.3441719719545846e-02 8.4250213729693062e+00
2.3985178345386087e-02 8.4148005984189709e+00
2.4528470583807489e-02 8.4051001131462026e+00
2.5071768305233118e-02 8.3958403910174564e+00
2.5615226218308591e-02 8.3868659376530807e+00
2.6158983497601093e-02 8.3779668060699173e+00
2.6703159438442800e-02 8.3687399793965405e+00
2.7247841884917617e-02 8.3589718606600520e+00
2.7793082695978532e-02 8.3488849534918419e+00
2.8337404088261107e-02 8.3384303502186654e+00
2.8880885583121036e-02 8.3282685740368141e+00
2.9423711704823434e-02 8.3185791486718887e+00
2.9966055554066860e-02 8.3093422369848042e+00
3.0508076413661440e-02 8.3004549152399143e+00
3.1049918671260546e-02 8.2917613650598145e+00
3.1591700393615321e-02 8.2829481413242778e+00
3.2133535018367590e-02 8.2737036550051322e+00
3.2675523758290088e-02 8.2641131606101297e+00
3.3217748287683951e-02 8.2540632050179035e+00
3.3760265148094139e-02 8.2439693212782323e+00
3.4303119330624875e-02 8.2342244595459100e+00
3.4846367511545615e-02 8.2248786948961694e+00
3.5390080096585272e-02 8.2158797213125592e+00
3.5933366557781531e-02 8.2071479618824092e+00
3.6476230710170435e-02 8.1985348914561627e+00
3.7018797941949608e-02 8.1897159686943706e+00
3.7561177877145371e-02 8.1805050114334001e+00
3.8103466600526339e-02 8.1710519127894354e+00
3.8645748374510548e-02 8.1611419432421926e+00
3.9188094733331437e-02 8.1513451810636841e+00
3.9730560722223654e-02 8.1419016753465741e+00
4.0273185563372595e-02 8.1328241326434494e+00
4.0816006781544768e-02 8.1240467814718240e+00
4.1359062944260179e-02 8.1154685885845197e+00
4.1902389306230678e-02 8.1069193622657618e+00
4.2446006053733047e-02 8.0981165475212240e+00
4.2989950608488009e-02 8.0889671645348411e+00
4.3533895164276637e-02 8.0796108703391596e+00
4.4077654071065987e-02 8.0698707313113687e+00
4.4621299925050768e-02 8.0602855147614747e+00
4.5164895092206392e-02 8.0510362101228754e+00
4.5708490489494089e-02 8.0421258048613353e+00
4.6252123973217943e-02 8.0334890631687603e+00
4.6795823121460058e-02 8.0250298802029629e+00
4.7339607327770393e-02 8.0165739474720947e+00
4.7883494255354153e-02 8.0078626523145360e+00
4.8427504409062613e-02 7.9988301203054837e+00
4.8971650806703161e-02 7.9896064930181980e+00
4.9515930394786849e-02 7.9800228612458808e+00
5.0060331434242641e-02 7.9705884379452874e+00
5.0604847344954643e-02 7.9614748055460716e+00
5.1149482329003848e-02 7.9526801576227051e+00
5.1694236545256136e-02 7.9441425351544499e+00
5.2239100695075640e-02 7.9357740279139106e+00
5.2784060526588975e-02 7.9274204129173986e+00
5.3329095117327703e-02 7.9188337177278907e+00
5.3874181000299629e-02 7.9099339818099450e+00
5.4419289633897604e-02 7.9008701958234022e+00
5.4964419178322045e-02 7.8914205853592287e+00
5.5509552509424617e-02 7.8820643730423665e+00
5.6054676515446766e-02 7.8730199632649374e+00
5.6599782688165255e-02 7.8643017507873134e+00
5.7144859279375022e-02 7.8558484811226528e+00
5.7689899807871536e-02 7.8475704218557407e+00
5.8234910228787053e-02 7.8393426412376543e+00
5.8779896310902538e-02 7.8309278710567858e+00
5.9324858007225395e-02 7.8222132417243531e+00
5.9869795915823844e-02 7.8133363517072167e+00
6.0414712646110223e-02 7.8040855511612461e+00
6.0959612352845832e-02 7.7948013898366879e+00
6.1504500405161179e-02 7.7857817698374703e+00
6.2049383306347315e-02 7.7770821825959624e+00
6.2594268937451764e-02 7.7686688381881597e+00
6.3139167136976773e-02 7.7604591552181548e+00
6.3684009296997787e-02 7.7523506165194593e+00
6.4228776509270266e-02 7.7441305498210298e+00
6.4773473352638639e-02 7.7356349697531357e+00
6.5318105090548681e-02 7.7269144733430810e+00
6.5862674295360482e-02 7.7179478938722985e+00
6.6407184209923711e-02 7.7087574554416056e+00
6.6951639240337979e-02 7.6997465118781001e+00
6.7496044734844288e-02 7.6910289615040179e+00
6.8040406775554896e-02 7.6826026531953255e+00
6.8584732146928035e-02 7.6744119065689702e+00
6.9129028537243328e-02 7.6663760861271157e+00
6.9673304918376436e-02 7.6583448193027230e+00
7.0217571795869876e-02 7.6500957875017788e+00
7.0761840326736922e-02 7.6415630183645433e+00
7.1306120212718371e-02 7.6328979780648574e+00
7.1850421056199279e-02 7.6238722918781274e+00
7.2394751791257456e-02 7.6148659689789877e+00
7.2939123011020554e-02 7.6061078309078631e+00
7.3483545440505643e-02 7.5976334072716076e+00
7.4028029678977814e-02 7.5894110835143502e+00
7.4572462580502930e-02 7.5813757644879161e+00
7.5116830536209975e-02 7.5734438502589825e+00
7.5661143577948647e-02 7.5654190142798186e+00
7.6205412746678330e-02 7.5571447861452601e+00
7.6749649531149572e-02 7.5486535387086624e+00
7.7293865697227404e-02 7.5399558567227789e+00
7.7838072984061396e-02 7.5310108762433972e+00
7.8382282972819295e-02 7.5222084648824543e+00
7.8926506404420130e-02 7.5136697154221821e+00
7.9470753234041347e-02 7.5053960453010440e+00
8.0015033161308216e-02 7.4973394171267946e+00
8.0559355360530799e-02 7.4894298684544998e+00
8.1103728282573409e-02 7.4815605278835209e+00
8.1648159785213725e-02 7.4735255011336177e+00
8.2192656962154845e-02 7.4652347797798235e+00
8.2737226024335850e-02 7.4568137184303716e+00
8.3281862706592491e-02 7.4480867608831698e+00
8.3826475842721890e-02 7.4392631746390263e+00
8.4371074280954847e-02 7.4306395183487384e+00
8.4915665738001689e-02 7.4222793977646813e+00
8.5460258409119694e-02 7.4141645457979690e+00
8.6004860464132846e-02 7.4062375595566650e+00
8.6549479678062091e-02 7.3984285177769085e+00
8.7094124031142903e-02 7.3906013980085197e+00
8.7638802068798566e-02 7.3825667042026009e+00
8.8183519854060602e-02 7.3742804942538740e+00
8.8728282107717202e-02 7.3658975222757412e+00
8.9273091996056111e-02 7.3571935353425504e+00
8.9817951210118527e-02 7.3484983133750585e+00
9.0362860137242540e-02 7.3400297964547603e+00
9.0907818099727727e-02 7.3318197070557805e+00
9.1452823682608014e-02 7.3238369655579820e+00
9.1997874778117675e-02 7.3160185393519219e+00
9.2542968337759393e-02 7.3082941415228371e+00
9.3088100158753281e-02 7.3005060416932377e+00
9.3633266040899971e-02 7.2924875256690944e+00
9.4178462448218744e-02 7.2842262728051308e+00
9.4723686352167685e-02 7.2758659217381805e+00
9.5268935144504699e-02 7.2672048661686564e+00
9.5814206597913232e-02 7.2586109068975535e+00
9.6359498815610650e-02 7.2502586031173450e+00
9.6904810231698363e-02 7.2421645490817461e+00
9.7450139574291564e-02 7.2342892722741237e+00
9.7995485889995237e-02 7.2265657115826034e+00
9.8540848781274629e-02 7.2189206132616714e+00
9.9086228275763993e-02 7.2111847411675241e+00
9.9631624509288252e-02 7.2032080097351354e+00
1.0017703789184394e-01 7.1950012041992464e+00
1.0072246903843515e-01 7.1866755419674142e+00
1.0126791885132626e-01 7.1780692123894809e+00
1.0181336912127768e-01 7.1695538587063847e+00
1.0235881139931649e-01 7.1612859210436977e+00
1.0290424472179137e-01 7.1532766473878713e+00
1.0344966817728686e-01 7.1454834244346923e+00
1.0399508127063951e-01 7.1378380663304482e+00
1.0454048394223926e-01 7.1302668010759174e+00
1.0508587640155009e-01 7.1225982782318713e+00
1.0563125919960835e-01 7.1146867332158976e+00
1.0617663304734981e-01 7.1065471737849251e+00
1.0672199891127088e-01 7.0982851292442994e+00
1.0726735796497135e-01 7.0897457440216520e+00
1.0781271158910140e-01 7.0812952328879604e+00
1.0835806134646564e-01 7.0730874813258087e+00
1.0890340881830075e-01 7.0651349909069801e+00
1.0944875570528557e-01 7.0573983886012632e+00
1.0999410374625192e-01 7.0498104906174683e+00
1.1053945459288449e-01 7.0422995262454915e+00
1.1108480980123989e-01 7.0347020303197336e+00
1.1163017087672600e-01 7.0268669953184544e+00
1.1217553933552828e-01 7.0187954895892011e+00
1.1272091674251143e-01 7.0106167778124933e+00
1.1326630472586796e-01 7.0021478620091697e+00
1.1381170498988458e-01 6.9937453213525282e+00
1.1435711931366251e-01 6.9855760493938401e+00
1.1490254955172005e-01 6.9776577576211736e+00
1.1544799761788826e-01 6.9699545801834475e+00
1.1599346548633106e-01 6.9624025236903266e+00
1.1653895519138049e-01 6.9549350720991256e+00
1.1708445578950487e-01 6.9474041336534391e+00
1.1762994149108993e-01 6.9396469085350887e+00
1.1817541390970430e-01 6.9316438484163054e+00
1.1872087447238949e-01 6.9235527029626027e+00
1.1926632471697346e-01 6.9151574265117750e+00
1.1981176636128273e-01 6.9067880990112247e+00
1.2035720103747122e-01 6.8986397518191440e+00
1.2090263042615647e-01 6.8907405916044846e+00
1.2144805625029746e-01 6.8830593039976327e+00
1.2199348028093310e-01 6.8755345670794918e+00
1.2253890430207896e-01 6.8681011797421654e+00
1.2308433014744340e-01 6.8606349265964459e+00
1.2362975963917662e-01 6.8529617854374925e+00
1.2417519456715623e-01 6.8450376741054404e+00
1.2472063667802587e-01 6.8370207265623950e+00
1.2526608764772390e-01 6.8287079323761821e+00
1.2581154920486387e-01 6.8203589199869352e+00
1.2635702308301069e-01 6.8122128167987954e+00
1.2690251098042327e-01 6.8043150519326216e+00
1.2744801450755874e-01 6.7966413461029935e+00
1.2799353520586548e-01 6.7891338424743450e+00
1.2853907457889105e-01 6.7817259065901796e+00
1.2908463409310367e-01 6.7743180990616025e+00
1.2963021518962609e-01 6.7667288387741369e+00
1.3017581931727379e-01 6.7588902581314576e+00
1.3072144797565141e-01 6.7509260393276262e+00
1.3126709276939916e-01 6.7427149416112115e+00
1.3181272833349830e-01 6.7343790968517956e+00
1.3235835592049178e-01 6.7262151783274104e+00
1.3290397802371001e-01 6.7182973974283513e+00
1.3344959608858492e-01 6.7106128858960234e+00
1.3399521127612099e-01 6.7031096206713014e+00
1.3454082471693388e-01 6.6957193772289569e+00
1.3508643753483376e-01 6.6883632975973297e+00
1.3563205088475766e-01 6.6808657744417221e+00
1.3617766593614400e-01 6.6731230352264630e+00
1.3672328372114256e-01 6.6651940013885005e+00
1.3726890510591719e-01 6.6571108317097698e+00
1.3781453083849335e-01 6.6488022538296674e+00
1.3836016132442097e-01 6.6406110112406651e+00
1.3890579698374528e-01 6.6326573393235018e+00
1.3945143841297514e-01 6.6249449960808731e+00
1.3999708625717350e-01 6.6174308460250728e+00
1.4054274111731366e-01 6.6100479443814608e+00
1.4108840350804958e-01 6.6027280639420827e+00
1.4163407383668791e-01 6.5953214143375467e+00
1.4217975248164949e-01 6.5876818515779201e+00
1.4272543983885830e-01 6.5798026524446076e+00
1.4327113642272693e-01 6.5718403048890890e+00
1.4381684290693073e-01 6.5635852285410117e+00
1.4436256009173634e-01 6.5553601234382715e+00
1.4490828878152073e-01 6.5473537220216498e+00
1.4545402973826763e-01 6.5395935731048542e+00
1.4599978371595804e-01 6.5320490060930245e+00
1.4654555154775936e-01 6.5246580506439136e+00
1.4709133413475300e-01 6.5173534754966216e+00
1.4763713246393248e-01 6.5100234016784988e+00
1.4818292804694874e-01 6.5024914642497196e+00
1.4872871254254458e-01 6.4947054360312517e+00
1.4927448634220725e-01 6.4868108886045732e+00
1.4982024993151313e-01 6.4786531955510025e+00
1.5036600386747426e-01 6.4704041839723025e+00
1.5091174875265323e-01 6.4623372500705845e+00
1.5145748521914845e-01 6.4545163293463768e+00
1.5200321392990690e-01 6.4469260516419400e+00
1.5254893558814220e-01 6.4395132347445099e+00
1.5309465099120825e-01 6.4322091082855284e+00
1.5364036102328865e-01 6.4249335852523703e+00
1.5418606665006429e-01 6.4175116328754545e+00
1.5473176893434346e-01 6.4098402014162570e+00
1.5527746899552050e-01 6.4019764565278150e+00
1.5582316794168269e-01 6.3939634590236825e+00
1.5636886687139853e-01 6.3857228415406375e+00
1.5691456692138053e-01 6.3775931731243229e+00
1.5746026929140852e-01 6.3696986707908057e+00
1.5800597524479396e-01 6.3620454348956494e+00
1.5855168610005219e-01 6.3545927432663634e+00
1.5909740322233670e-01 6.3472740361915099e+00
1.5964312801830294e-01 6.3400218338810355e+00
1.6018886193708801e-01 6.3326960896898949e+00
1.6073460649563326e-01 6.3251408140982912e+00
1.6128036325294304e-01 6.3173363467370232e+00
1.6182613383764202e-01 6.3094439137128182e+00
1.6237191994785177e-01 6.3012582108422581e+00
1.6291772332609472e-01 6.2930701670988256e+00
1.6346354055690801e-01 6.2850910630505759e+00
1.6400934346269275e-01 6.2773587834375411e+00
1.6455513306175862e-01 6.2698478353515785e+00
1.6510091042351940e-01 6.2624992676375699e+00
1.6564667667945368e-01 6.2552446266655100e+00
1.6619243304007120e-01 6.2479880688832887e+00
1.6673818079426966e-01 6.2405497549532951e+00
1.6728392128994357e-01 6.2328553594519391e+00
1.6782965593375179e-01 6.2250103206054224e+00
1.6837538621488779e-01 6.2169525579232356e+00
1.6892111366080287e-01 6.2087344077918560e+00
1.6946683983598629e-01 6.2006690022752098e+00
1.7001256633713863e-01 6.1928458340309582e+00
1.7055829467099887e-01 6.1852599000510065e+00
1.7110402621264803e-01 6.1778643855279416e+00
1.7164976230378162e-01 6.1705903554593204e+00
1.7219550430730954e-01 6.1633668272214788e+00
1.7274125359442649e-01 6.1560362231259642e+00
1.7328701152972370e-01 6.1484625912107242e+00
1.7383277949521617e-01 6.1406503030759039e+00
1.7437855890669382e-01 6.1327425379419900e+00
1.7492435112270180e-01 6.1245479258235616e+00
1.7547015727551038e-01 6.1163994691656214e+00
1.7601597815695197e-01 6.1084727005201351e+00
1.7656181456326478e-01 6.1007925610424572e+00
1.7710766753881779e-01 6.0933280816024471e+00
1.7765353824347596e-01 6.0860166692546080e+00
1.7819941276824297e-01 6.0787898555977655e+00
1.7874527605559012e-01 6.0715380458196790e+00
1.7929113013605011e-01 6.0640834177587566e+00
1.7983697617685121e-01 6.0563684445878350e+00
1.8038281538381534e-01 6.0485303930433725e+00
1.8092864886983556e-01 6.0404357058286262e+00
1.8147447761108704e-01 6.0322282655197554e+00
1.8202030233044328e-01 6.0241955138526784e+00
1.8256612352397303e-01 6.0164091057508813e+00
1.8311194197698158e-01 6.0088583649848202e+00
1.8365775863159270e-01 6.0014927635953210e+00
1.8420357442255023e-01 5.9942418128389265e+00
1.8474939023988565e-01 5.9870295283663246e+00
1.8529520692336546e-01 5.9796876038023274e+00
1.8584102526231439e-01 5.9720944644929421e+00
1.8638684595139396e-01 5.9642779025095320e+00
1.8693266961708982e-01 5.9563390828127112e+00
1.8747849689031851e-01 5.9481305534975455e+00
1.8802432850653353e-01 5.9399983223409469e+00
1.8857016539835300e-01 5.9320950604770477e+00
1.8911600830563260e-01 5.9244387456168104e+00
1.8966185790618295e-01 5.9169955877964346e+00
1.9020771502985356e-01 5.9097007045828356e+00
1.9075358057038824e-01 5.9024845994412942e+00
1.9129945542935761e-01 5.8952256520200716e+00
1.9184534052154176e-01 5.8877498639657437e+00
1.9239123680109671e-01 5.8800109928853317e+00
1.9293714527200384e-01 5.8721622300275769e+00
1.9348306699463858e-01 5.8640306402589202e+00
1.9402900292730060e-01 5.8558214534587707e+00
1.9457492873330787e-01 5.8477995139985852e+00
1.9512084333159299e-01 5.8400257865493259e+00
1.9566674730935898e-01 5.8324864904814913e+00
1.9621264140245445e-01 5.8251291501224767e+00
1.9675852639894409e-01 5.8178824765282506e+00
1.9730440309451822e-01 5.8106644071510747e+00
1.9785027228485466e-01 5.8032986944960561e+00
1.9839613479495888e-01 5.7956759971951044e+00
1.9894199154058173e-01 5.7878452331041412e+00
1.9948784349943433e-01 5.7798643655074367e+00
2.0003369171684618e-01 5.7716365183725165e+00
2.0057953722832017e-01 5.7635080486409764e+00
2.0112538100245034e-01 5.7556123152742602e+00
2.0167122398726570e-01 5.7479624633593849e+00
2.0221706716024235e-01 5.7405229511460494e+00
2.0276291155196616e-01 5.7332275314570369e+00
2.0330875824322714e-01 5.7260058024801586e+00
2.0385460835496538e-01 5.7187237668008049e+00
2.0440046303575327e-01 5.7112129795785780e+00
2.0494632345264530e-01 5.7034388611810121e+00
2.0549219080122086e-01 5.6955637313931042e+00
2.0603806629905003e-01 5.6873890521337636e+00
2.0658395120677583e-01 5.6791731608298663e+00
2.0712984683641270e-01 5.6711543533410644e+00
2.0767575453040737e-01 5.6633829507201998e+00
2.0822167562946428e-01 5.6558421844436317e+00
2.0876761145753159e-01 5.6484782367713455e+00
2.0931356332479475e-01 5.6412197313123080e+00
2.0985950445797380e-01 5.6339770340408553e+00
2.1040543394158229e-01 5.6265670124814777e+00
2.1095135274598992e-01 5.6188938914670903e+00
2.1149726187817883e-01 5.6110333391094489e+00
2.1204316238614784e-01 5.6029864204024653e+00
2.1258905535155359e-01 5.5947271387782038e+00
2.1313494187413462e-01 5.5865923290651880e+00
2.1368082306008690e-01 5.5786945331346205e+00
2.1422670005588873e-01 5.5710401610784572e+00
2.1477257402012151e-01 5.5635904741647249e+00
2.1531844611512052e-01 5.5562780739990103e+00
2.1586431749459209e-01 5.5490309034616949e+00
2.1641018929441785e-01 5.5416993257180653e+00
2.1695606263242354e-01 5.5341248672029080e+00
2.1750193861649345e-01 5.5262903289599477e+00
2.1804781835772463e-01 5.5183550783087973e+00
2.1859370295998795e-01 5.5101142785743820e+00
2.1913959345653339e-01 5.5018789022691674e+00
2.1968549078477917e-01 5.4938537466289095e+00
2.2023139585621299e-01 5.4860768086245564e+00
2.2077730959171857e-01 5.4785258822387526e+00
2.2132323292211806e-01 5.4711432635873249e+00
2.2186916677877325e-01 5.4638577914694411e+00
2.2241511208712789e-01 5.4565657816443265e+00
2.2296106975358679e-01 5.4490788012050686e+00
2.2350704064013224e-01 5.4413201529927573e+00
2.2405302559897194e-01 5.4334055856305454e+00
2.2459901864649451e-01 5.4252513087608536e+00
2.2514500161847401e-01 5.4169447402859410e+00
2.2569097523957013e-01 5.4087954850057338e+00
2.2623694013140355e-01 5.4008907194157381e+00
2.2678289704224722e-01 5.3932276302799167e+00
2.2732884675387718e-01 5.3857608897620075e+00
2.2787479005279215e-01 5.3784203416828431e+00
2.2842072772070604e-01 5.3711285342512873e+00
2.2896666053616255e-01 5.3637137886016886e+00
2.2951258929347845e-01 5.3560381842511893e+00
2.3005851476918307e-01 5.3481175699113654e+00
2.3060443771755409e-01 5.3400753136413925e+00
2.3115035891211691e-01 5.3317488141932845e+00
2.3169627920674901e-01 5.3234898971942259e+00
2.3224219944173924e-01 5.3154596556403115e+00
2.3278812033486768e-01 5.3076801857134193e+00
2.3333404268360775e-01 5.3001198869136479e+00
2.3387996733840125e-01 5.2927143776068624e+00
2.3442589515651124e-01 5.2853920162942023e+00
2.3497182698993449e-01 5.2780227122628869e+00
2.3551776369341162e-01 5.2704221482740978e+00
2.3606370614811542e-01 5.2625428972065018e+00
2.3660965526520189e-01 5.2545500243063046e+00
2.3715561198809876e-01 5.2462545278681976e+00
2.3770157730164432e-01 5.2379039644334062e+00
2.3824755228294350e-01 5.2297517962295172e+00
2.3879353806197529e-01 5.2218539352886957e+00
2.3933953568224370e-01 5.2141928940874269e+00
2.3988554618769709e-01 5.2067128755324310e+00
2.4043156408009123e-01 5.1993414480797480e+00
2.4097757048315535e-01 5.1919847117815037e+00
2.4152356611485287e-01 5.1844487909385588e+00
2.4206955172007555e-01 5.1766336734486815e+00
2.4261552808602579e-01 5.1686300204552573e+00
2.4316149604835585e-01 5.1604136891383465e+00
2.4370745652413175e-01 5.1520054235829571e+00
2.4425341044203433e-01 5.1437424164212677e+00
2.4479935870576028e-01 5.1357300419822121e+00
2.4534530223091153e-01 5.1279680540605481e+00
2.4589124194986059e-01 5.1204103421834111e+00
2.4643717883237232e-01 5.1129850264605379e+00
2.4698311386978516e-01 5.1056150978197357e+00
2.4752904806185172e-01 5.0981294603578240e+00
2.4807498241304290e-01 5.0903763985005881e+00
2.4862091794331029e-01 5.0823632667407184e+00
2.4916685566829488e-01 5.0742277916199985e+00
2.4971279661674875e-01 5.0657991635682631e+00
2.5025874182907543e-01 5.0574387742093911e+00
2.5080469234898933e-01 5.0493172853557970e+00
2.5135064921823180e-01 5.0414556859655919e+00
2.5189661347986464e-01 5.0338186423972466e+00
2.5244258618620424e-01 5.0263375287930225e+00
2.5298856840718065e-01 5.0189380480383727e+00
2.5353456123226725e-01 5.0114835333196774e+00
2.5408056575428278e-01 5.0037862393098429e+00
2.5462658307843267e-01 4.9958010853852501e+00
2.5517261431509408e-01 4.9877016322223406e+00
2.5571864802150118e-01 4.9792864127876193e+00
2.5626467085813015e-01 4.9708467347157965e+00
2.5681068370946936e-01 4.9626259148445833e+00
2.5735668748424989e-01 4.9546701398812365e+00
2.5790268310786441e-01 4.9469563500889260e+00
2.5844867151567963e-01 4.9394221713380784e+00
2.5899465365146296e-01 4.9319901483275608e+00
2.5954063046969583e-01 4.9245523942543645e+00
2.6008660295487795e-01 4.9169086804523454e+00
2.6063257211592167e-01 4.9089734903909470e+00
2.6117853894591342e-01 4.9008768993893268e+00
2.6172450439608380e-01 4.8925140928013500e+00
2.6227046937535009e-01 4.8840230939411446e+00
2.6281643476849359e-01 4.8757173110688869e+00
2.6336240144092754e-01 4.8676754798385353e+00
2.6390837024520519e-01 4.8598878595329582e+00
2.6445434202478951e-01 4.8523012925716751e+00
2.6500031761240600e-01 4.8448370704561290e+00
2.6554629782673272e-01 4.8374032224990442e+00
2.6609228345907254e-01 4.8298063798230979e+00
2.6663827528460565e-01 4.8219231064785939e+00
2.6718427409834344e-01 4.8138197725806675e+00
2.6773028071391702e-01 4.8055240498982705e+00
2.6827629601009634e-01 4.7970047613225297e+00
2.6882232090985392e-01 4.7886253759409705e+00
2.6936835624874605e-01 4.7805047910896983e+00
2.6991440289858792e-01 4.7726467722787831e+00
2.7046046177465299e-01 4.7650070535937878e+00
2.7100653125630536e-01 4.7575100174482463e+00
2.7155259033885903e-01 4.7500707457088840e+00
2.7209863970490500e-01 4.7425125817558387e+00
2.7264468004117964e-01 4.7346780474114745e+00
2.7319071203736622e-01 4.7265759323340637e+00
2.7373673638973367e-01 4.7183431828261391e+00
2.7428275382296619e-01 4.7098190403736941e+00
2.7482876511573184e-01 4.7013806457403664e+00
2.7537477104395708e-01 4.6931922901045775e+00
2.7592077236449453e-01 4.6852725437974536e+00
2.7646676990495972e-01 4.6775853060280115e+00
2.7701276451254980e-01 4.6700588163638779e+00
2.7755875704062216e-01 4.6626113581830779e+00
2.7810474833087673e-01 4.6550871558974203e+00
2.7865073921357492e-01 4.6473010804836079e+00
2.7919673052312222e-01 4.6392243087944083e+00
2.7974272310297849e-01 4.6310326974922313e+00
2.8028871780575698e-01 4.6225211784943232e+00
2.8083471550002942e-01 4.6140354077720156e+00
2.8138071709103163e-01 4.6057877880263129e+00
2.8192672352162357e-01 4.5978126265334431e+00
2.8247273571088771e-01 4.5900816387410224e+00
2.8301875456664238e-01 4.5825278092079484e+00
2.8356478101056781e-01 4.5750695089099214e+00
2.8411081599633736e-01 4.5675732259184896e+00
2.8465686051028827e-01 4.5598351042885810e+00
2.8520291556175953e-01 4.5517957146950474e+00
2.8574898218519196e-01 4.5436260740592518e+00
2.8629506143256583e-01 4.5351458519409977e+00
2.8684113951561307e-01 4.5266231239521169e+00
2.8738720688393321e-01 4.5183219039026783e+00
2.8793326431743038e-01 4.5102957050075689e+00
2.8847931261388199e-01 4.5025243182247214e+00
2.8902535259652434e-01 4.4949458371119357e+00
2.8957138511249508e-01 4.4874781338634246e+00
2.9011741102808991e-01 4.4800057544918737e+00
2.9066343124138216e-01 4.4723185718132452e+00
2.9120944668595145e-01 4.4643279749041804e+00
2.9175545830069327e-01 4.4561737958024183e+00
2.9230146702415621e-01 4.4477432615127110e+00
2.9284747379200488e-01 4.4391979028380444e+00
2.9339347953536105e-01 4.4308507825468499e+00
2.9393948518232393e-01 4.4227785551755430e+00
2.9448549166092480e-01 4.4149700663014206e+00
2.9503149990073235e-01 4.4073693760492700e+00
2.9557751083250750e-01 4.3998943440695548e+00
2.9612352538691006e-01 4.3924427067052196e+00
2.9666954449085586e-01 4.3848078041954084e+00
2.9721556907603530e-01 4.3768727797731843e+00
2.9776160007360680e-01 4.3687315043799426e+00
2.9830763841181623e-01 4.3603640702521806e+00
2.9885368501345749e-01 4.3518097528750479e+00
2.9939974079899401e-01 4.3434230753149601e+00
2.9994580668733656e-01 4.3353079968195605e+00
3.0049188359504103e-01 4.3274635009735389e+00
3.0103797243525093e-01 4.3198404101567567e+00
3.0158407411225957e-01 4.3123580270656303e+00
3.0213017201163234e-01 4.3049229695178175e+00
3.0267626011419796e-01 4.2973395141152686e+00
3.0322233922696756e-01 4.2894635848043796e+00
3.0376841014648392e-01 4.2813392358818687e+00
3.0431447366639952e-01 4.2730437564845003e+00
3.0486053058414470e-01 4.2644969850863852e+00
3.0540658169586898e-01 4.2560795745522491e+00
3.0595262779712168e-01 4.2479272166013775e+00
3.0649866970887624e-01 4.2400501536788680e+00
3.0704470825480001e-01 4.2324066089361541e+00
3.0759074424571015e-01 4.2249189593231815e+00
3.0813677847070969e-01 4.2174989391007518e+00
3.0868281169331113e-01 4.2099678324992578e+00
3.0922884467241946e-01 4.2021554214683459e+00
3.0977487817146254e-01 4.1940657735558018e+00
3.1032091296456604e-01 4.1858386817227942e+00
3.1086694987171104e-01 4.1773131193979758e+00
3.1141298969340253e-01 4.1688713330907685e+00
3.1195903318041474e-01 4.1606849359612239e+00
3.1250508112480141e-01 4.1527764409277612e+00
3.1305113435493181e-01 4.1451117699332425e+00
3.1359719370970773e-01 4.1376175467822103e+00
3.1414326002916382e-01 4.1302083211378564e+00
3.1468933416105105e-01 4.1227264410913822e+00
3.1523541696546709e-01 4.1149797905595618e+00
3.1578150931482363e-01 4.1069365577637376e+00
3.1632761209388377e-01 4.0987742273289793e+00
3.1687372620045695e-01 4.0902857811169069e+00
3.1741985083019203e-01 4.0818221650957893e+00
3.1796596491113049e-01 4.0736003542554231e+00
3.1851206911637947e-01 4.0656582857714563e+00
3.1905816414920629e-01 4.0579699859291125e+00
3.1960425076089505e-01 4.0504675880063470e+00
3.2015032972637353e-01 4.0430664648056744e+00
3.2069640182799425e-01 4.0356310842647209e+00
3.2124246785047628e-01 4.0279547838913246e+00
3.2178852860233631e-01 4.0199745797590545e+00
3.2233458491502298e-01 4.0118602931576435e+00
3.2288063762286356e-01 4.0034311570602386e+00
3.2342668756363446e-01 3.9949547650884374e+00
3.2397273557939954e-01 3.9866993601366443e+00
3.2451878251786931e-01 3.9787228669094516e+00
3.2506482922934044e-01 3.9710086276065839e+00
3.2561087656492438e-01 3.9634958040496340e+00
3.2615692538068952e-01 3.9561004796599266e+00
3.2670297654125086e-01 3.9487076763079290e+00
3.2724903092990953e-01 3.9411064027288143e+00
3.2779508943853802e-01 3.9332024433182848e+00
3.2834115296975025e-01 3.9251253354901663e+00
3.2888722243457913e-01 3.9167761883940075e+00
3.2943329874883881e-01 3.9082938222438632e+00
3.2997938283211042e-01 3.9000016039581209e+00
3.3052547560961087e-01 3.8919846974738133e+00
3.3107157801393156e-01 3.8842374668773920e+00
3.3161769098474780e-01 3.8767074359749145e+00
3.3216381546462059e-01 3.8693123496519117e+00
3.3270995238769835e-01 3.8619531268762177e+00
3.3325608054419426e-01 3.8544272232428440e+00
3.3380219876509570e-01 3.8466061884168510e+00
3.3434830785289060e-01 3.8385598994388950e+00
3.3489440862884617e-01 3.8303095061316372e+00
3.3544050193102409e-01 3.8218354728295485e+00
3.3598658860828146e-01 3.8135069468761009e+00
3.3653266951367983e-01 3.8054459198298463e+00
3.3707874550558847e-01 3.7976603890135205e+00
3.3762481746487755e-01 3.7901076123867181e+00
3.3817088626854080e-01 3.7827091513477793e+00
3.3871695278471542e-01 3.7753758180284409e+00
3.3926301787411889e-01 3.7679255491403372e+00
3.3980908238581053e-01 3.7601941492343047e+00
3.4035514715548404e-01 3.7521903058634689e+00
3.4090121300932674e-01 3.7440410805740387e+00
3.4144728076692660e-01 3.7355953011992682e+00
3.4199335124329294e-01 3.7272337154267996e+00
3.4253942524908393e-01 3.7191254190331104e+00
3.4308550359123130e-01 3.7112949592155080e+00
3.4363158706717173e-01 3.7037104613970362e+00
3.4417767646310887e-01 3.6963003446717364e+00
3.4472377256675296e-01 3.6889799503468446e+00
3.4526987618427807e-01 3.6815965481166484e+00
3.4581598814568021e-01 3.6739563395012698e+00
3.4636210927855099e-01 3.6660186726324575e+00
3.4690824039209989e-01 3.6579584068882816e+00
3.4745438228902020e-01 3.6495667685682611e+00
3.4800053579538587e-01 3.6411732296655606e+00
3.4854668704721614e-01 3.6330105405072888e+00
3.4909282864706115e-01 3.6251256774313561e+00
3.4963896130971117e-01 3.6174987311212852e+00
3.5018508575516161e-01 3.6100670818675384e+00
3.5073120270152841e-01 3.6027477076314982e+00
3.5127731286704167e-01 3.5954182169785107e+00
3.5182341697976582e-01 3.5878704437978071e+00
3.5236951578091996e-01 3.5800224881031033e+00
3.5291561004745675e-01 3.5720159556969118e+00
3.5346170058352866e-01 3.5637161946670561e+00
3.5400778817368700e-01 3.5553053801215171e+00
3.5455387357140067e-01 3.5470889010693045e+00
3.5509995754964391e-01 3.5391451592108178e+00
3.5564604090214497e-01 3.5314681722906518e+00
3.5619212442829251e-01 3.5240062988153249e+00
3.5673820891949903e-01 3.5166789534537801e+00
3.5728429516329918e-01 3.5093874182624454e+00
3.5783038395152178e-01 3.5019305900144815e+00
3.5837647608379941e-01 3.4941829185432516e+00
3.5892257237047054e-01 3.4862118420023238e+00
3.5946867363374085e-01 3.4780344957106868e+00
3.6001478070762066e-01 3.4696264564215911e+00
3.6056089443756267e-01 3.4613549462496862e+00
3.6110701567983905e-01 3.4533447890141917e+00
3.6165314529881615e-01 3.4456072083642200e+00
3.6219928416357333e-01 3.4381028840679528e+00
3.6274543314765789e-01 3.4307567246793944e+00
3.6329159313060666e-01 3.4234825249493457e+00
3.6383776168157939e-01 3.4161064120327165e+00
3.6438391981361234e-01 3.4084588318808957e+00
3.6493006826421814e-01 3.4005332642292223e+00
3.6547620779067891e-01 3.3924731786970490e+00
3.6602233916837790e-01 3.3840979617256197e+00
3.6656846318779457e-01 3.3757772886312445e+00
3.6711458065094821e-01 3.3676985082472157e+00
3.6766069236800175e-01 3.3598942876294640e+00
3.6820679915770976e-01 3.3523386434484097e+00
3.6875290186759663e-01 3.3449656127474685e+00
3.6929900134074900e-01 3.3376930915900114e+00
3.6984509841778013e-01 3.3303841546848254e+00
3.7039119393637032e-01 3.3228386642018894e+00
3.7093728873235304e-01 3.3149961715962708e+00
3.7148338364152245e-01 3.3070175689125696e+00
3.7202947950070187e-01 3.2987198882801638e+00
3.7257557714866202e-01 3.2903606289014204e+00
3.7312167742635960e-01 3.2822092260290372e+00
3.7366778117687249e-01 3.2743293684290631e+00
3.7421388924414328e-01 3.2667101870482118e+00
3.7476000247047708e-01 3.2592972163978340e+00
3.7530612170426791e-01 3.2520104293601411e+00
3.7585224779424786e-01 3.2447450719272086e+00
3.7639838158844052e-01 3.2372972167476171e+00
3.7694452393347333e-01 3.2295576624140661e+00
3.7749067567403294e-01 3.2216171655302546e+00
3.7803683765119805e-01 3.2134404907920033e+00
3.7858301070252470e-01 3.2050650250180617e+00
3.7912919478576185e-01 3.1968406185583182e+00
3.7967536869556001e-01 3.1888778825028616e+00
3.8022153324033481e-01 3.1811842303997384e+00
3.8076768920481607e-01 3.1737184986163256e+00
3.8131383737876029e-01 3.1664058079600914e+00
3.8185997855358000e-01 3.1591592377359854e+00
3.8240611351871179e-01 3.1517995572434696e+00
3.8295224306058884e-01 3.1441665579530849e+00
3.8349836796196657e-01 3.1362648024163797e+00
3.8404448900663335e-01 3.1282189630530968e+00
3.8459060698611808e-01 3.1198668672223500e+00
3.8513672268269827e-01 3.1115803140584615e+00
3.8568283686098198e-01 3.1035350724142181e+00
3.8622895026566184e-01 3.0957613483178417e+00
3.8677506363894887e-01 3.0882327826388760e+00
3.8732117772417557e-01 3.0808839455767689e+00
3.8786729327829567e-01 3.0736338480499281e+00
3.8841341107703292e-01 3.0663432117765170e+00
3.8895953188545451e-01 3.0588150607027305e+00
3.8950565646223290e-01 3.0509925492080239e+00
3.9005178556504921e-01 3.0430360979149813e+00
3.9059791996345444e-01 3.0347574374438828e+00
3.9114406045659744e-01 3.0264207375243979e+00
3.9169020785253017e-01 3.0182897500320309e+00
3.9223636295527092e-01 3.0104271530899345e+00
3.9278252656619100e-01 3.0028228343373145e+00
3.9332869948775645e-01 2.9954236608507019e+00
3.9387488252551695e-01 2.9881509970353459e+00
3.9442107648907032e-01 2.9809009196310363e+00
3.9496727093133144e-01 2.9734709817744140e+00
3.9551345550610650e-01 2.9657523002074209e+00
3.9605963094357344e-01 2.9578326262537842e+00
3.9660579798699658e-01 2.9496788790413366e+00
3.9715195738696296e-01 2.9413212288842319e+00
3.9769810989751775e-01 2.9331091891517089e+00
3.9824425627400339e-01 2.9251546326251243e+00
3.9879039728241766e-01 2.9174665879679544e+00
3.9933653369348282e-01 2.9100059656636668e+00
3.9988266627844965e-01 2.9026999868567249e+00
4.0000000000000002e-01 2.9011427559726615e+00
