1.0000000000000657e+00 8.9999999999997771e-01 1.0000000000001898e+00
1.0000000000000639e+00 8.9999999999997804e-01 1.0000000000001841e+00
1.0000000000000602e+00 8.9999999999997871e-01 1.0000000000001734e+00
1.0000000000000602e+00 8.9999999999997848e-01 1.0000000000001688e+00
1.0000000000000699e+00 8.9999999999997737e-01 1.0000000000001918e+00
1.0000000000000722e+00 8.9999999999997682e-01 1.0000000000002029e+00
1.0000000000000642e+00 8.9999999999997760e-01 1.0000000000001876e+00
1.0000000000000639e+00 8.9999999999997715e-01 1.0000000000001839e+00
1.0000000000000724e+00 8.9999999999997637e-01 1.0000000000001958e+00
1.0000000000000830e+00 8.9999999999997560e-01 1.0000000000002069e+00
1.0000000000000886e+00 8.9999999999997493e-01 1.0000000000002196e+00
1.0000000000000779e+00 8.9999999999997449e-01 1.0000000000002196e+00
1.0000000000000620e+00 8.9999999999997526e-01 1.0000000000002052e+00
1.0000000000000597e+00 8.9999999999997593e-01 1.0000000000001981e+00
1.0000000000000671e+00 8.9999999999997549e-01 1.0000000000002058e+00
1.0000000000000624e+00 8.9999999999997671e-01 1.0000000000001861e+00
1.0000000000000708e+00 8.9999999999997549e-01 1.0000000000002141e+00
1.0000000000000593e+00 8.9999999999997737e-01 1.0000000000001852e+00
1.0000000000000480e+00 8.9999999999997893e-01 1.0000000000001597e+00
1.0000000000000429e+00 8.9999999999997959e-01 1.0000000000001548e+00
1.0000000000000471e+00 8.9999999999997815e-01 1.0000000000001714e+00
1.0000000000000471e+00 8.9999999999997804e-01 1.0000000000001663e+00
1.0000000000000409e+00 8.9999999999997893e-01 1.0000000000001612e+00
1.0000000000000393e+00 8.9999999999997937e-01 1.0000000000001592e+00
1.0000000000000444e+00 8.9999999999997937e-01 1.0000000000001643e+00
1.0000000000000444e+00 8.9999999999998026e-01 1.0000000000001594e+00
1.0000000000000375e+00 8.9999999999998170e-01 1.0000000000001403e+00
1.0000000000000322e+00 8.9999999999998137e-01 1.0000000000001377e+00
1.0000000000000333e+00 8.9999999999998137e-01 1.0000000000001426e+00
1.0000000000000480e+00 8.9999999999997982e-01 1.0000000000001923e+00
1.0000000000000393e+00 8.9999999999998104e-01 1.0000000000001479e+00
1.0000000000000295e+00 8.9999999999998148e-01 1.0000000000001392e+00
1.0000000000000235e+00 8.9999999999998259e-01 1.0000000000001386e+00
1.0000000000000269e+00 8.9999999999998259e-01 1.0000000000001272e+00
1.0000000000000309e+00 8.9999999999998193e-01 1.0000000000001217e+00
1.0000000000000369e+00 8.9999999999998082e-01 1.0000000000001406e+00
1.0000000000000340e+00 8.9999999999998104e-01 1.0000000000001412e+00
1.0000000000000246e+00 8.9999999999998248e-01 1.0000000000001250e+00
1.0000000000000118e+00 8.9999999999998337e-01 1.0000000000001115e+00
9.9999999999999878e-01 8.9999999999998503e-01 1.0000000000000884e+00
1.0000000000000018e+00 8.9999999999998592e-01 1.0000000000000833e+00
9.9999999999999734e-01 8.9999999999998581e-01 1.0000000000000839e+00
9.9999999999999123e-01 8.9999999999998692e-01 1.0000000000000766e+00
1.0000000000000075e+00 8.9999999999998492e-01 1.0000000000000981e+00
1.0000000000000073e+00 8.9999999999998570e-01 1.0000000000000930e+00
1.0000000000000049e+00 8.9999999999998648e-01 1.0000000000000846e+00
1.0000000000000047e+00 8.9999999999998681e-01 1.0000000000000837e+00
1.0000000000000069e+00 8.9999999999998703e-01 1.0000000000000917e+00
1.0000000000000000e+00 8.9999999999998692e-01 1.0000000000000897e+00
9.9999999999998690e-01 8.9999999999998848e-01 1.0000000000000613e+00
9.9999999999999245e-01 8.9999999999998848e-01 1.0000000000000644e+00
1.0000000000000038e+00 8.9999999999998759e-01 1.0000000000000824e+00
9.9999999999999645e-01 8.9999999999998881e-01 1.0000000000000664e+00
9.9999999999999500e-01 8.9999999999998848e-01 1.0000000000000688e+00
9.9999999999999478e-01 8.9999999999998914e-01 1.0000000000000648e+00
9.9999999999998535e-01 8.9999999999998959e-01 1.0000000000000537e+00
9.9999999999996114e-01 8.9999999999999125e-01 1.0000000000000244e+00
9.9999999999994416e-01 8.9999999999999258e-01 1.0000000000000069e+00
9.9999999999994393e-01 8.9999999999999303e-01 1.0000000000000091e+00
9.9999999999997014e-01 8.9999999999998803e-01 1.0000000000001288e+00
9.9999999999994482e-01 8.9999999999999281e-01 1.0000000000000124e+00
9.9999999999994038e-01 8.9999999999999392e-01 9.9999999999999756e-01
9.9999999999994471e-01 8.9999999999999392e-01 9.9999999999999667e-01
9.9999999999995548e-01 8.9999999999999369e-01 9.9999999999999711e-01
9.9999999999996025e-01 8.9999999999999369e-01 9.9999999999999734e-01
9.9999999999996081e-01 8.9999999999999347e-01 1.0000000000000009e+00
9.9999999999996114e-01 8.9999999999999292e-01 9.9999999999999933e-01
9.9999999999997824e-01 8.9999999999999147e-01 1.0000000000000173e+00
1.0000000000000151e+00 8.9999999999998836e-01 1.0000000000000635e+00
1.0000000000000120e+00 8.9999999999998848e-01 1.0000000000000620e+00
9.9999999999997946e-01 8.9999999999999025e-01 1.0000000000000386e+00
9.9999999999995459e-01 8.9999999999999580e-01 9.9999999999991873e-01
1.0000000000000027e+00 8.9999999999999092e-01 1.0000000000000289e+00
1.0000000000000171e+00 8.9999999999998914e-01 1.0000000000000471e+00
9.9999999999998845e-01 8.9999999999999092e-01 1.0000000000000213e+00
9.9999999999997236e-01 8.9999999999999192e-01 1.0000000000000226e+00
9.9999999999996381e-01 8.9999999999999558e-01 9.9999999999992428e-01
1.0000000000000016e+00 8.9999999999999047e-01 1.0000000000000360e+00
1.0000000000000138e+00 8.9999999999998870e-01 1.0000000000000600e+00
1.0000000000000062e+00 8.9999999999998981e-01 1.0000000000000386e+00
9.9999999999998845e-01 8.9999999999999092e-01 1.0000000000000278e+00
9.9999999999994549e-01 8.9999999999999514e-01 9.9999999999998224e-01
9.9999999999993505e-01 8.9999999999999614e-01 9.9999999999997002e-01
9.9999999999994749e-01 8.9999999999999625e-01 9.9999999999997635e-01
9.9999999999997335e-01 8.9999999999999469e-01 9.9999999999999578e-01
9.9999999999997902e-01 8.9999999999999358e-01 1.0000000000000058e+00
9.9999999999996547e-01 8.9999999999999380e-01 9.9999999999999856e-01
9.9999999999994449e-01 8.9999999999999580e-01 9.9999999999997691e-01
9.9999999999993938e-01 8.9999999999999603e-01 9.9999999999998201e-01
9.9999999999995359e-01 8.9999999999999392e-01 1.0000000000000042e+00
9.9999999999996325e-01 8.9999999999999236e-01 1.0000000000000260e+00
9.9999999999996214e-01 8.9999999999999292e-01 1.0000000000000200e+00
9.9999999999996414e-01 8.9999999999999258e-01 1.0000000000000204e+00
9.9999999999996869e-01 8.9999999999999214e-01 1.0000000000000313e+00
9.9999999999997780e-01 8.9999999999999158e-01 1.0000000000000364e+00
9.9999999999997358e-01 8.9999999999999258e-01 1.0000000000000313e+00
9.9999999999997080e-01 8.9999999999999392e-01 1.0000000000000129e+00
9.9999999999998057e-01 8.9999999999999258e-01 1.0000000000000342e+00
9.9999999999997602e-01 8.9999999999999336e-01 1.0000000000000233e+00
9.9999999999998135e-01 8.9999999999999203e-01 1.0000000000000384e+00
9.9999999999998423e-01 8.9999999999999170e-01 1.0000000000000469e+00
9.9999999999996037e-01 8.9999999999999325e-01 1.0000000000000151e+00
9.9999999999995637e-01 8.9999999999999547e-01 1.0000000000000111e+00
9.9999999999995648e-01 8.9999999999999425e-01 1.0000000000000075e+00
9.9999999999996259e-01 8.9999999999999625e-01 1.0000000000000111e+00
9.9999999999994871e-01 8.9999999999999625e-01 9.9999999999998135e-01
9.9999999999997213e-01 8.9999999999999680e-01 1.0000000000000009e+00
9.9999999999998257e-01 8.9999999999999458e-01 1.0000000000000218e+00
9.9999999999997347e-01 8.9999999999999225e-01 1.0000000000000162e+00
9.9999999999999156e-01 8.9999999999999747e-01 1.0000000000000409e+00
9.9999999999988753e-01 8.9999999999999103e-01 9.9999999999991762e-01
1.0000000000000393e+00 9.0000000000000735e-01 1.0000000000001088e+00
9.9999999999975764e-01 8.9999999999998193e-01 9.9999999999976052e-01
1.0000000000002325e+00 9.0000000000002411e-01 1.0000000000003226e+00
9.9999999999954525e-01 8.9999999999995650e-01 9.9999999999950662e-01
1.0000000000005591e+00 9.0000000000005020e-01 1.0000000000007325e+00
9.9999999999917699e-01 8.9999999999992297e-01 9.9999999999908828e-01
1.0000000000008982e+00 9.0000000000008384e-01 1.0000000000011360e+00
9.9999999999896938e-01 8.9999999999990477e-01 9.9999999999880229e-01
1.0000000000006835e+00 9.0000000000006797e-01 1.0000000000009330e+00
1.0000000000000382e+00 8.9999999999999136e-01 9.9999999999995604e-01
9.9999999999809430e-01 8.9999999999985170e-01 9.9999999999810574e-01
1.0000000000049476e+00 9.0000000000041946e-01 1.0000000000053952e+00
9.9999999998945965e-01 8.9999999999910762e-01 9.9999999998851363e-01
1.0000000000191243e+00 9.0000000000163338e-01 1.0000000000210980e+00
9.9999999996763234e-01 8.9999999999722036e-01 9.9999999996419509e-01
1.0000000000509881e+00 9.0000000000442082e-01 1.0000000000569740e+00
9.9999999992399213e-01 8.9999999999336455e-01 9.9999999991453881e-01
1.0000000001058673e+00 9.0000000000935065e-01 1.0000000001206011e+00
9.9999999986354193e-01 8.9999999998769264e-01 9.9999999984149690e-01
1.0000000001583593e+00 9.0000000001479730e-01 1.0000000001907543e+00
9.9999999984652577e-01 8.9999999998442637e-01 9.9999999979943821e-01
1.0000000000939773e+00 9.0000000001247293e-01 1.0000000001609626e+00
1.0000000000673808e+00 8.9999999999820401e-01 9.9999999997685007e-01
9.9999999960814423e-01 8.9999999997907942e-01 9.9999999973055065e-01
1.0000000009880272e+00 9.0000000006408076e-01 1.0000000008263219e+00
9.9999999796458849e-01 8.9999999985677037e-01 9.9999999815418006e-01
1.0000000037489210e+00 9.0000000027812643e-01 1.0000000035847278e+00
9.9999999368964010e-01 8.9999999951231002e-01 9.9999999371331938e-01
1.0000000096844939e+00 9.0000000077507203e-01 1.0000000099927642e+00
9.9999998647406108e-01 8.9999999888196280e-01 9.9999998558327652e-01
1.0000000173123189e+00 9.0000000148109227e-01 1.0000000191016454e+00
9.9999997925042516e-01 8.9999999813863329e-01 9.9999997599195156e-01
1.0000000233131190e+00 9.0000000226782051e-01 1.0000000292420645e+00
9.9999997697763088e-01 8.9999999734773894e-01 9.9999996583530915e-01
1.0000000147861732e+00 9.0000000282972381e-01 1.0000000363596979e+00
1.0000000077943587e+00 8.9999999751403170e-01 9.9999996828446158e-01
9.9999994720952168e-01 9.0000000082054588e-01 1.0000000098160173e+00
1.0000001388051629e+00 9.0000000382449941e-01 1.0000000508335174e+00
9.9999971075537664e-01 8.9999998736219289e-01 9.9999983436796924e-01
1.0000005321476209e+00 9.0000002662728407e-01 1.0000003473732746e+00
9.9999905779633602e-01 8.9999994811772110e-01 9.9999932640538014e-01
1.0000016413158901e+00 9.0000010034319977e-01 1.0000012953376711e+00
9.9999724199752671e-01 8.9999981366290416e-01 9.9999760725021236e-01
1.0000044132960502e+00 9.0000032736031754e-01 1.0000041806414808e+00
9.9999330162241729e-01 8.9999945606130460e-01 9.9999309065778208e-01
1.0000095218332725e+00 9.0000085407545061e-01 1.0000108090200195e+00
9.9998700459522827e-01 8.9999873502329231e-01 9.9998403358690502e-01
1.0000164922556758e+00 9.0000176037969870e-01 1.0000221383492238e+00
9.9998207051261379e-01 8.9999772256518251e-01 9.9997152939243639e-01
1.0000149892135739e+00 9.0000267872037187e-01 1.0000331885020111e+00
9.9999939371993407e-01 8.9999739351176444e-01 9.9996820695545896e-01
9.9996681734127557e-01 9.0000207795073606e-01 1.0000247849158961e+00
1.0001024135898922e+00 8.9999938160186299e-01 9.9999359366641438e-01
9.9975847651211669e-01 8.9999623115273031e-01 9.9995326910722615e-01
1.0004832604551708e+00 9.0001240459195586e-01 1.0001480341504081e+00
9.9910827149666648e-01 8.9997031293317675e-01 9.9965076887269699e-01
1.0015710692322364e+00 9.0006611870269737e-01 1.0007600215243133e+00
9.9736853052247254e-01 8.9986565131217922e-01 9.9846948896815335e-01
1.0041276988902026e+00 9.0025560778910663e-01 1.0027701631826724e+00
9.9386652425266941e-01 8.9955707835542642e-01 9.9519412046218947e-01
1.0081721623069442e+00 9.0076109722232756e-01 1.0071738904608332e+00
9.8963896487057923e-01 8.9884631354871747e-01 9.8881147632601341e-01
1.0118005368004976e+00 9.0171217954238714e-01 1.0148141675772200e+00
1.0142948591533432e+00 8.9418760674043285e-01 1.0156946751646168e+00
1.2110011505286060e+00 8.7452659611755024e-01 1.4007475836547640e+00
2.7068058597577229e+00 6.4110039730088642e-01 4.9493380736579962e+00
5.8935559873496395e+00 2.8111054642018374e-01 1.4731750940937182e+01
6.1769914288607426e+00 2.3683898051117885e-01 1.6142018331555569e+01
6.2503662175603250e+00 2.3073930832976011e-01 1.6408997077995600e+01
6.3755082669339886e+00 2.2359532330794665e-01 1.6828746555364397e+01
6.3748542642999624e+00 2.2637171758858582e-01 1.6821944433777674e+01
6.3969636929449845e+00 2.2382454039531788e-01 1.6902070289178496e+01
6.3742454276650404e+00 2.2277275451022793e-01 1.6822197129952649e+01
6.3671083209487156e+00 2.2125329182775391e-01 1.6796640384157357e+01
6.3707544627991304e+00 2.2170682729581481e-01 1.6809431209936491e+01
6.3871820910953181e+00 2.2296839822764464e-01 1.6867572647617536e+01
6.3979668385904276e+00 2.2387656538140166e-01 1.6905731139195261e+01
6.3934309811173566e+00 2.2346234954070121e-01 1.6889634534480265e+01
6.3792603250086080e+00 2.2223614928678981e-01 1.6839456272152390e+01
6.3702800505930384e+00 2.2146160775492321e-01 1.6807665678984769e+01
6.3752247242809181e+00 2.2188084677574085e-01 1.6825139472619099e+01
6.3881877321697056e+00 2.2298669984544989e-01 1.6871000477076613e+01
6.3957821955020124e+00 2.2363314335717091e-01 1.6897886206799498e+01
6.3907388593087449e+00 2.2320498482005002e-01 1.6880048636800481e+01
6.3789959938573473e+00 2.2220463852878619e-01 1.6838524381843861e+01
6.3726713712641807e+00 2.2166727921848861e-01 1.6816209900484132e+01
6.3776670245290301e+00 2.2210045782235513e-01 1.6833959238416735e+01
6.3882066102582415e+00 2.2300813356837221e-01 1.6871322875797354e+01
6.3933483438625460e+00 2.2345552757403189e-01 1.6889566570211237e+01
6.3882919111620513e+00 2.2303325260920265e-01 1.6871685515692462e+01
6.3787178344181088e+00 2.2222284876831547e-01 1.6837796347624888e+01
6.3744606046030281e+00 2.2186436311070082e-01 1.6822699067842706e+01
6.3793306754582755e+00 2.2228524048072834e-01 1.6839868134797911e+01
6.3878901715482028e+00 2.2301874796586368e-01 1.6870083042159223e+01
6.3913097874435891e+00 2.2331092961085866e-01 1.6882115049162834e+01
6.3865679568073501e+00 2.2290665664754930e-01 1.6865283549800850e+01
6.3788991249731426e+00 2.2225303759498954e-01 1.6838136480860513e+01
6.3761751014347521e+00 2.2202313597240675e-01 1.6828532688839509e+01
6.3806820538033229e+00 2.2241459718446407e-01 1.6844591086967103e+01
6.3874300601184082e+00 2.2300111686042409e-01 1.6868719238218070e+01
6.3894096939877496e+00 2.2318225130594252e-01 1.6876069475826093e+01
6.3849423533489800e+00 2.2281205181212838e-01 1.6860588462961140e+01
6.3787920573741932e+00 2.2229401117156708e-01 1.6839034928392273e+01
6.3771939384370162e+00 2.2215845117909302e-01 1.6833370818832059e+01
6.3814473544825274e+00 2.2251259454519384e-01 1.6848013129369910e+01
6.3870413270717892e+00 2.2297373457773650e-01 1.6867110923342430e+01
6.3883478166981034e+00 2.2307044267676676e-01 1.6871084627268729e+01
6.3845201358572288e+00 2.2274094471931719e-01 1.6857320340999365e+01
6.3795682193074263e+00 2.2233479351342894e-01 1.6840314714532916e+01
6.3782167452038090e+00 2.2226883644905351e-01 1.6837412932106020e+01
6.3804849501346510e+00 2.2258617654846324e-01 1.6850508573219166e+01
6.3822251871313895e+00 2.2294170039050434e-01 1.6865311481634095e+01
6.3798352400114604e+00 2.2297427176689397e-01 1.6866782004417480e+01
6.3740867718409175e+00 2.2269253578475817e-01 1.6855262728142016e+01
6.3682113901363140e+00 2.2236439779093098e-01 1.6841831180644803e+01
6.3657337478504239e+00 2.2235073375095155e-01 1.6841326997923403e+01
6.3654472677968341e+00 2.2266146989466012e-01 1.6854070378918934e+01
6.3598900313305116e+00 2.2286309343509492e-01 1.6862147207609404e+01
6.3419211600395720e+00 2.2286567574272223e-01 1.6862054765122139e+01
6.3002647141941113e+00 2.2268181821256480e-01 1.6854256729467039e+01
6.2078070072163252e+00 2.2241232412187423e-01 1.6843029059305604e+01
6.0176543498507256e+00 2.2245660119232435e-01 1.6844922377312123e+01
5.6445280873207473e+00 2.2262496313643965e-01 1.6852256841835498e+01
4.8854181463190622e+00 2.2266949527041816e-01 1.6854702059955976e+01
3.8135725339844528e+00 2.2267562931360901e-01 1.6856200931443553e+01
2.8155680016343432e+00 2.2269605710452509e-01 1.6856017746316851e+01
2.1165779986414801e+00 2.2276174713893523e-01 1.6851886954256159e+01
1.7421200305912161e+00 2.2271690122568918e-01 1.6851611719546831e+01
1.5839991575066146e+00 2.2268357480462106e-01 1.6852191226898469e+01
1.5205034809722462e+00 2.2266643379363713e-01 1.6852670479349364e+01
1.4935536791561028e+00 2.2265972568103412e-01 1.6853060775457202e+01
1.4818664535130428e+00 2.2266999158016493e-01 1.6853352085124740e+01
1.4769013557439445e+00 2.2267456698896002e-01 1.6853652461993065e+01
1.4748357031463641e+00 2.2266960780061892e-01 1.6853415018769908e+01
1.4740133338479220e+00 2.2265827757466819e-01 1.6852973017715570e+01
1.4737442993766154e+00 2.2265255984080282e-01 1.6852740341380901e+01
1.4737545608034854e+00 2.2265838032466359e-01 1.6852984299050178e+01
1.4739247638471293e+00 2.2266961576955177e-01 1.6853453357499987e+01
1.4741559278268297e+00 2.2267383694043080e-01 1.6853632152484067e+01
1.4743843228157938e+00 2.2266595627148350e-01 1.6853317440252788e+01
1.4746029769282836e+00 2.2265452944584663e-01 1.6852855463006104e+01
1.4748465985893244e+00 2.2265142407928473e-01 1.6852735273053540e+01
1.4751300810462755e+00 2.2265872564719369e-01 1.6853039048730551e+01
1.4754253902049956e+00 2.2266777371544391e-01 1.6853414850006104e+01
1.4756878517839760e+00 2.2266940536357141e-01 1.6853487275915597e+01
1.4758867595031602e+00 2.2266324137675109e-01 1.6853241410755842e+01
1.4760111304797978e+00 2.2265639450807534e-01 1.6852967598891038e+01
1.4760728121796818e+00 2.2265591041674210e-01 1.6852955167232608e+01
1.4760915365143539e+00 2.2266163448868825e-01 1.6853197180345525e+01
1.4760671953506996e+00 2.2266700293941460e-01 1.6853423257033995e+01
1.4759937249975201e+00 2.2266477915386718e-01 1.6853336330325348e+01
1.4758874900615238e+00 2.2265623179094404e-01 1.6852990348942328e+01
1.4757859643798035e+00 2.2265051726017135e-01 1.6852762526685382e+01
1.4757133442927040e+00 2.2265269456085268e-01 1.6852859175012327e+01
1.4756667975326567e+00 2.2265927960135737e-01 1.6853136107055313e+01
1.4756292651564624e+00 2.2266335210510552e-01 1.6853310026393331e+01
1.4755923558470418e+00 2.2266227282929268e-01 1.6853273146773510e+01
1.4755593445777349e+00 2.2265816761103280e-01 1.6853111102715381e+01
1.4755413683109229e+00 2.2265626332916713e-01 1.6853037562057210e+01
1.4755521641385758e+00 2.2266272136031465e-01 1.6853307346665233e+01
1.4755753550838620e+00 2.2267230207533978e-01 1.6853707754011189e+01
1.4755849705240403e+00 2.2267597460197178e-01 1.6853866456355448e+01
1.4755833211439660e+00 2.2267495732033557e-01 1.6853830749687859e+01
1.4755806958714721e+00 2.2267322030713799e-01 1.6853764175220334e+01
1.4755833398188529e+00 2.2267315287435949e-01 1.6853767335851096e+01
1.4755892129722621e+00 2.2267413073923778e-01 1.6853814297181195e+01
1.4755912808443439e+00 2.2267368622064956e-01 1.6853802175313255e+01
1.4755902734947777e+00 2.2267214182923134e-01 1.6853744952883218e+01
1.4755794946410907e+00 2.2266698966984702e-01 1.6853541818375390e+01
1.4755164030424359e+00 2.2264245626944520e-01 1.6852544662956831e+01
1.4754196212207762e+00 2.2260551781486487e-01 1.6851036611621474e+01
1.4753498510761045e+00 2.2257870351652911e-01 1.6849941703525182e+01
1.4753132001785099e+00 2.2256418454715574e-01 1.6849352352381075e+01
1.4752817874898549e+00 2.2255158465520444e-01 1.6848843309358401e+01
1.4752323974848780e+00 2.2253232772751708e-01 1.6848060550518866e+01
1.4751755432853144e+00 2.2251030284562859e-01 1.6847164028203139e+01
1.4751413120098911e+00 2.2249662744109150e-01 1.6846612035799822e+01
1.4751306729900797e+00 2.2249170418814404e-01 1.6846419230057325e+01
1.4751297764578535e+00 2.2249047936534197e-01 1.6846374576228278e+01
1.4751298864116882e+00 2.2248968381680767e-01 1.6846345080193117e+01
1.4751482229110380e+00 2.2249560366329985e-01 1.6846593019643748e+01
1.4751899412770251e+00 2.2251017075897472e-01 1.6847197059394063e+01
1.4752335233765381e+00 2.2252547614207480e-01 1.6847829455587444e+01
1.4753630527110240e+00 2.2257275291263187e-01 1.6849771264660994e+01
1.4754219382175431e+00 2.2259366994638993e-01 1.6850636853701559e+01
1.4750623536635759e+00 2.2245898206841089e-01 1.6845128223411621e+01
1.4748551212060508e+00 2.2238100568610444e-01 1.6841940094828388e+01
1.4742884677168102e+00 2.2216933968006664e-01 1.6833276701969439e+01
1.4715543613071791e+00 2.2115030967777757e-01 1.6791635351447290e+01
1.4708677289472889e+00 2.2089129960503723e-01 1.6781100325783783e+01
1.4657275603426025e+00 2.1896840185929201e-01 1.6702816020612403e+01
1.4463247616405479e+00 2.1166454312282479e-01 1.6409435640652895e+01
1.4248513707328230e+00 2.0315334226998524e-01 1.6080501084656795e+01
1.3300393681063185e+00 1.6461525855392961e-01 1.4663333381072462e+01
1.1479699914139236e+00 8.0551420423372197e-02 1.2041109768761267e+01
1.0372958955584461e+00 2.1051252569649220e-02 1.0501271566997872e+01
1.0067099663462558e+00 3.8852911934049842e-03 1.0089842951018035e+01
1.0018035719184382e+00 1.0536525229317560e-03 1.0024265628145326e+01
1.0007182186091979e+00 4.1600372307780159e-04 1.0009604645285521e+01
1.0002244812530736e+00 1.2974622405716616e-04 1.0002995563699972e+01
1.0000534218514996e+00 3.0777360871547793e-05 1.0000712660963821e+01
1.0000125502914339e+00 7.2483371049939098e-06 1.0000167429297633e+01
1.0000036172204938e+00 2.0867750701224442e-06 1.0000048255773930e+01
1.0000010098960634e+00 5.8262717351865642e-07 1.0000013471888465e+01
1.0000001651476420e+00 9.5351301828907830e-08 1.0000002203057585e+01
9.9999999427933384e-01 -3.3064436097364608e-09 9.9999999236940340e+00
9.9999999908213211e-01 -5.3350322408777174e-10 9.9999999877558494e+00
1.0000000072918804e+00 4.2108034971017559e-09 1.0000000097272689e+01
1.0000000034158196e+00 1.9698581723217375e-09 1.0000000045566601e+01
9.9999999990133925e-01 -5.6589709333280551e-11 9.9999999986839292e+00
9.9999999952941232e-01 -2.7157962438152341e-10 9.9999999937224686e+00
9.9999999995007394e-01 -2.8842861483959606e-11 9.9999999993340367e+00
1.0000000000719793e+00 4.1582586490283229e-11 1.0000000000960231e+01
1.0000000000239964e+00 1.3824244241270850e-11 1.0000000000320135e+01
9.9999999999353339e-01 -3.7121340005997861e-12 9.9999999999137650e+00
9.9999999999483147e-01 -2.9851983236478365e-12 9.9999999999310809e+00
1.0000000000000524e+00 3.7443705124261198e-14 1.0000000000000725e+01
1.0000000000008278e+00 4.8100486481792845e-13 1.0000000000011077e+01
1.0000000000001343e+00 8.1593090846824305e-14 1.0000000000001812e+01
9.9999999999987388e-01 -6.9473274993900859e-14 9.9999999999983302e+00
9.9999999999993328e-01 -3.5097469912098767e-14 9.9999999999991225e+00
9.9999999999998801e-01 -3.4962936945653641e-15 9.9999999999998579e+00
9.9999999999998979e-01 -2.1836326377841452e-15 9.9999999999998863e+00
9.9999999999998213e-01 -6.5708272306517419e-15 9.9999999999997815e+00
9.9999999999998079e-01 -7.3507304912960174e-15 9.9999999999997584e+00
9.9999999999998379e-01 -6.2937029061874384e-15 9.9999999999997904e+00
9.9999999999998546e-01 -5.7340712966932066e-15 9.9999999999998153e+00
9.9999999999998646e-01 -5.3638159587122315e-15 9.9999999999998295e+00
9.9999999999998745e-01 -5.0207013036214895e-15 9.9999999999998401e+00
9.9999999999998779e-01 -5.1046082376452749e-15 9.9999999999998437e+00
9.9999999999998845e-01 -5.1868684113834042e-15 9.9999999999998508e+00
9.9999999999998745e-01 -4.7563482224693622e-15 9.9999999999998472e+00
9.9999999999998712e-01 -4.4705383497590004e-15 9.9999999999998437e+00
9.9999999999998845e-01 -4.3937207382660078e-15 9.9999999999998508e+00
9.9999999999999045e-01 -4.2260921736913874e-15 9.9999999999998650e+00
9.9999999999999067e-01 -3.6441066761073861e-15 9.9999999999998721e+00
9.9999999999999079e-01 -3.5768218372379772e-15 9.9999999999998792e+00
9.9999999999999112e-01 -3.7290180863772963e-15 9.9999999999998792e+00
9.9999999999999156e-01 -3.2561740445473708e-15 9.9999999999999023e+00
9.9999999999999245e-01 -2.5003878682282050e-15 9.9999999999999112e+00
9.9999999999999378e-01 -2.1544852591070147e-15 9.9999999999999254e+00
9.9999999999999489e-01 -2.0649572758223035e-15 9.9999999999999325e+00
9.9999999999999512e-01 -1.7145598664470516e-15 9.9999999999999361e+00
9.9999999999999412e-01 -1.9557305624459976e-15 9.9999999999999289e+00
9.9999999999999478e-01 -2.0322773413899233e-15 9.9999999999999396e+00
9.9999999999999345e-01 -1.4729222271843967e-15 9.9999999999999218e+00
9.9999999999999400e-01 -1.9928443682088695e-15 9.9999999999999289e+00
9.9999999999999478e-01 -1.8601992594192310e-15 9.9999999999999361e+00
9.9999999999999600e-01 -1.7275178977016381e-15 9.9999999999999432e+00
9.9999999999999545e-01 -1.9050416713120788e-15 9.9999999999999432e+00
9.9999999999999623e-01 -1.2945023504479801e-15 9.9999999999999574e+00
9.9999999999999678e-01 -7.8356577026538178e-16 9.9999999999999609e+00
9.9999999999999711e-01 -5.6128394101752200e-16 9.9999999999999680e+00
9.9999999999999778e-01 -6.7749759668154883e-16 9.9999999999999716e+00
9.9999999999999845e-01 -8.2483943750689673e-16 9.9999999999999751e+00
9.9999999999999845e-01 -7.0049942880148910e-16 9.9999999999999787e+00
9.9999999999999845e-01 -6.4631043868241539e-16 9.9999999999999822e+00
9.9999999999999845e-01 -2.8012946379519352e-16 9.9999999999999787e+00
9.9999999999999867e-01 -5.1579665164630363e-16 9.9999999999999858e+00
9.9999999999999878e-01 -9.7785212639323936e-17 9.9999999999999893e+00
1.0000000000000000e+00 -4.1988646649191490e-16 9.9999999999999929e+00
9.9999999999999944e-01 -3.2275382070914609e-16 9.9999999999999964e+00
9.9999999999999911e-01 -2.5194135361113796e-16 9.9999999999999929e+00
9.9999999999999944e-01 -6.6327423129692914e-17 9.9999999999999929e+00
1.0000000000000000e+00 -9.6674788114927567e-17 9.9999999999999929e+00
9.9999999999999978e-01 -8.3785003502657336e-17 9.9999999999999929e+00
1.0000000000000000e+00 -9.7776894480173241e-17 9.9999999999999964e+00
9.9999999999999978e-01 5.3297500925078712e-17 9.9999999999999929e+00
1.0000000000000000e+00 -1.2785470226274477e-16 9.9999999999999964e+00
9.9999999999999978e-01 5.4810706836798942e-17 9.9999999999999929e+00
1.0000000000000000e+00 -1.3401002036031794e-16 9.9999999999999964e+00
9.9999999999999978e-01 3.2772559041809910e-16 9.9999999999999929e+00
9.9999999999999978e-01 -1.3401715616940484e-16 9.9999999999999929e+00
9.9999999999999978e-01 3.0757489323486150e-16 9.9999999999999929e+00
9.9999999999999978e-01 -1.3853033202477441e-16 9.9999999999999929e+00
9.9999999999999978e-01 3.1215951850312082e-16 9.9999999999999929e+00
9.9999999999999978e-01 -1.0118394788098373e-16 9.9999999999999929e+00
9.9999999999999933e-01 -1.3861104536764249e-16 9.9999999999999929e+00
9.9999999999999944e-01 1.5097838556854806e-16 9.9999999999999964e+00
9.9999999999999911e-01 2.5707859423101502e-16 9.9999999999999929e+00
9.9999999999999867e-01 3.0996762144050899e-16 9.9999999999999822e+00
9.9999999999999867e-01 9.0990090272602863e-17 9.9999999999999858e+00
9.9999999999999867e-01 2.4093698916718867e-16 9.9999999999999893e+00
9.9999999999999933e-01 1.2966363359248366e-16 9.9999999999999893e+00
9.9999999999999933e-01 2.4732440340625168e-16 9.9999999999999893e+00
9.9999999999999933e-01 3.7034906332919962e-16 9.9999999999999893e+00
9.9999999999999811e-01 9.0276797649572213e-17 9.9999999999999787e+00
9.9999999999999867e-01 -3.2664385789153372e-16 9.9999999999999893e+00
1.0000000000000000e+00 -5.2943902339994727e-16 9.9999999999999929e+00
