5.0000000000000000e+00 0.0000000000000000e+00 4.9999999999999957e+01
5.0000000000000000e+00 0.0000000000000000e+00 4.9999999999999957e+01
5.0000000000000000e+00 0.0000000000000000e+00 4.9999999999999957e+01
5.0000000000000000e+00 0.0000000000000000e+00 4.9999999999999957e+01
5.0000000000000000e+00 0.0000000000000000e+00 4.9999999999999957e+01
5.0000000000000000e+00 0.0000000000000000e+00 4.9999999999999957e+01
5.0000000000000000e+00 0.0000000000000000e+00 4.9999999999999957e+01
5.0000000000000000e+00 0.0000000000000000e+00 4.9999999999999957e+01
5.0000000000000000e+00 0.0000000000000000e+00 4.9999999999999957e+01
5.0000000000000000e+00 0.0000000000000000e+00 4.9999999999999957e+01
5.0000000000000000e+00 0.0000000000000000e+00 4.9999999999999957e+01
5.0000000000000000e+00 5.8856191229237272e-18 4.9999999999999957e+01
5.0000000000000000e+00 5.4930683705201101e-17 4.9999999999999957e+01
5.0000000000000000e+00 -1.1626833858661534e-16 5.0000000000000014e+01
5.0000000000000009e+00 -1.9429832888584611e-16 5.0000000000000014e+01
5.0000000000000009e+00 -1.4202984139807406e-16 5.0000000000000000e+01
5.0000000000000018e+00 -3.0446232798771572e-16 5.0000000000000000e+01
5.0000000000000000e+00 -3.0759189346191612e-16 5.0000000000000014e+01
5.0000000000000036e+00 -1.6247313807735976e-16 5.0000000000000043e+01
5.0000000000000000e+00 -3.9138301457670193e-16 5.0000000000000021e+01
4.9999999999999991e+00 -1.8550469192801389e-16 5.0000000000000014e+01
5.0000000000000009e+00 -2.9353665023025065e-16 5.0000000000000014e+01
5.0000000000000009e+00 -1.1497123376154969e-16 5.0000000000000071e+01
5.0000000000000018e+00 -1.9899089549785807e-16 4.9999999999999986e+01
5.0000000000000018e+00 -4.9475543746582951e-16 5.0000000000000000e+01
5.0000000000000009e+00 1.2071191045946395e-17 5.0000000000000085e+01
4.9999999999999991e+00 -1.2817441841816000e-16 4.9999999999999943e+01
5.0000000000000009e+00 -9.5221169425514951e-17 5.0000000000000000e+01
5.0000000000000062e+00 5.7401896155121884e-17 5.0000000000000057e+01
5.0000000000000000e+00 -3.1355090568504525e-16 4.9999999999999957e+01
4.9999999999999964e+00 -1.5778421399960807e-16 4.9999999999999957e+01
4.9999999999999991e+00 -1.6540336156728700e-16 5.0000000000000000e+01
5.0000000000000018e+00 -2.2349000645375035e-16 5.0000000000000000e+01
5.0000000000000018e+00 -1.0973938249252183e-16 4.9999999999999986e+01
5.0000000000000018e+00 -2.4662659547679044e-16 4.9999999999999986e+01
5.0000000000000000e+00 -4.0616522540573648e-16 4.9999999999999986e+01
4.9999999999999982e+00 -6.3594161590663287e-17 5.0000000000000043e+01
5.0000000000000027e+00 3.4514718942834102e-17 4.9999999999999986e+01
5.0000000000000044e+00 -7.5070177244136131e-17 5.0000000000000014e+01
5.0000000000000044e+00 -1.3308133118142823e-16 5.0000000000000014e+01
5.0000000000000044e+00 -2.9025370649001197e-16 5.0000000000000000e+01
5.0000000000000027e+00 -1.7128952283401259e-16 5.0000000000000000e+01
5.0000000000000053e+00 -2.5476356340090412e-16 5.0000000000000014e+01
5.0000000000000018e+00 -4.2012920562951705e-16 5.0000000000000000e+01
4.9999999999999956e+00 1.5356693389613962e-16 4.9999999999999957e+01
5.0000000000000027e+00 2.5766674510931837e-16 5.0000000000000000e+01
5.0000000000000062e+00 -1.1429055734313826e-17 5.0000000000000043e+01
5.0000000000000036e+00 -3.5383128196012838e-16 5.0000000000000000e+01
5.0000000000000080e+00 -2.9025143326503555e-16 5.0000000000000043e+01
5.0000000000000080e+00 -3.4788691961322291e-16 5.0000000000000014e+01
5.0000000000000044e+00 -5.0437300997028233e-16 5.0000000000000000e+01
4.9999999999999973e+00 -1.8852357431441174e-16 4.9999999999999964e+01
4.9999999999999973e+00 -5.1380331623998815e-16 5.0000000000000028e+01
4.9999999999999973e+00 -4.9257811909214845e-16 5.0000000000000043e+01
4.9999999999999991e+00 -3.8869140457879640e-16 5.0000000000000021e+01
5.0000000000000044e+00 -6.4099354068474827e-16 5.0000000000000071e+01
4.9999999999999973e+00 -3.8835328415528640e-16 5.0000000000000028e+01
4.9999999999999973e+00 -3.6613375244649754e-16 5.0000000000000028e+01
4.9999999999999982e+00 -4.7814097173346360e-16 5.0000000000000043e+01
4.9999999999999982e+00 -4.9032364211812169e-16 5.0000000000000014e+01
4.9999999999999982e+00 -2.6349990847826262e-16 5.0000000000000043e+01
5.0000000000000027e+00 -1.3928189365008613e-16 5.0000000000000014e+01
5.0000000000000053e+00 -2.8178389594499236e-16 5.0000000000000014e+01
5.0000000000000053e+00 -2.3763441481617384e-16 5.0000000000000057e+01
5.0000000000000027e+00 -2.4083047879478903e-16 5.0000000000000000e+01
5.0000000000000053e+00 -3.7183724187067556e-16 5.0000000000000071e+01
5.0000000000000036e+00 -3.4753348669309357e-16 5.0000000000000057e+01
5.0000000000000000e+00 -2.0665838965191693e-16 5.0000000000000071e+01
5.0000000000000018e+00 2.5034551771668228e-16 5.0000000000000057e+01
5.0000000000000009e+00 2.0150334622430262e-16 5.0000000000000014e+01
4.9999999999999973e+00 -1.8364510788067553e-16 5.0000000000000014e+01
4.9999999999999920e+00 2.9527043172559939e-16 4.9999999999999972e+01
4.9999999999999938e+00 -3.8533237897254177e-17 4.9999999999999964e+01
4.9999999999999991e+00 -2.2070314527702911e-16 5.0000000000000043e+01
5.0000000000000053e+00 -5.9714329680731995e-16 5.0000000000000071e+01
5.0000000000000044e+00 -7.2448882299666493e-16 5.0000000000000057e+01
4.9999999999999956e+00 9.8547413343197291e-17 4.9999999999999986e+01
4.9999999999999858e+00 8.3359740313422469e-16 4.9999999999999844e+01
5.0000000000000444e+00 -4.9853764210389996e-15 5.0000000000000611e+01
5.0000000000001785e+00 -2.0639148954377494e-14 5.0000000000002402e+01
5.0000000000001048e+00 -1.1942126941117475e-14 5.0000000000001421e+01
4.9999999999992921e+00 8.2157730250643316e-14 4.9999999999990564e+01
4.9999999999980451e+00 2.2571706912860075e-13 4.9999999999973923e+01
4.9999999999995293e+00 5.4701319878147242e-14 4.9999999999993719e+01
5.0000000000083329e+00 -9.6241254131106058e-13 5.0000000000111214e+01
5.0000000000190923e+00 -2.2024111097329843e-12 5.0000000000254744e+01
4.9999999999998916e+00 1.0470665551835717e-14 4.9999999999998579e+01
4.9999999999118465e+00 1.0177726370745065e-11 4.9999999998824038e+01
4.9999999998166933e+00 2.1148135403299858e-11 4.9999999997554724e+01
4.9999999999966152e+00 4.0194802664969060e-13 4.9999999999954838e+01
5.0000000007646692e+00 -8.8267628836949431e-11 5.0000000010200537e+01
5.0000000015278783e+00 -1.7629964770040069e-10 5.0000000020381634e+01
4.9999999997154303e+00 3.2795105419746705e-11 4.9999999996203854e+01
4.9999999920828859e+00 9.1376789660037246e-10 4.9999999894386832e+01
4.9999999813104559e+00 2.1568264695517703e-09 4.9999999750684182e+01
4.9999999819249625e+00 2.0861515265972683e-09 4.9999999758881593e+01
5.0000000059710770e+00 -6.8932718353398616e-10 5.0000000079653319e+01
5.0000000121175781e+00 -1.3981165610767273e-09 5.0000000161646796e+01
4.9999997826845437e+00 2.5079275632303571e-08 4.9999997101043263e+01
4.9999987584449448e+00 1.4328714771817267e-07 4.9999983437835638e+01
4.9999958022604014e+00 4.8444999034645695e-07 4.9999944002770945e+01
4.9999883256987196e+00 1.3473184200938848e-06 4.9999844266594494e+01
4.9999700425499372e+00 3.4573240750926325e-06 4.9999600372504858e+01
4.9999259474702686e+00 8.5463415993089888e-06 4.9999012153265582e+01
4.9998211688992171e+00 2.0638776489650384e-05 4.9997614437450423e+01
4.9995775248085845e+00 4.8758798701481156e-05 4.9994364340296386e+01
4.9990251723693202e+00 1.1251232918477357e-04 4.9986996446485904e+01
4.9977991646171080e+00 2.5404478615662513e-04 4.9970643665224003e+01
4.9951132870725168e+00 5.6422641220253201e-04 4.9934823590670021e+01
4.9893283843400376e+00 1.2328845772045275e-03 4.9857694175676016e+01
4.9774475077780949e+00 2.6086342501491092e-03 4.9699378718238933e+01
4.9553952144071225e+00 5.1708060095422394e-03 4.9405863841535648e+01
4.9201930351955223e+00 9.2841870614827470e-03 4.8938234473436694e+01
4.8723272162107154e+00 1.4924351523737093e-02 4.8304166704042487e+01
4.8150792271886882e+00 2.1742312233377626e-02 4.7548534828403632e+01
4.7521140990516830e+00 2.9332780897671318e-02 4.6720894583028638e+01
4.6861608427183077e+00 3.7388469404919147e-02 4.5857893414344304e+01
4.6189338456429736e+00 4.5711968287889454e-02 4.4982387456198992e+01
4.5514430947525160e+00 5.4184338053120867e-02 4.4107713928826456e+01
4.4842725199573250e+00 6.2734210451871095e-02 4.3241476805055200e+01
4.4177755262509262e+00 7.1316132843627533e-02 4.2388180775725530e+01
4.3521754345461128e+00 7.9899198927685905e-02 4.1550583235091295e+01
4.2876125727460250e+00 8.8461946186983553e-02 4.0730332823363852e+01
4.2241709490292783e+00 9.6989464706869741e-02 3.9928332478700483e+01
4.1618972202734552e+00 1.0547129712166291e-01 3.9144995775042560e+01
4.1008133925755637e+00 1.1390000633410262e-01 3.8380417474513990e+01
4.0409251045344874e+00 1.2227023914169220e-01 3.7634484363453737e+01
3.9822267965136655e+00 1.3057814893486577e-01 3.6906944303253852e+01
3.9247052788801571e+00 1.3882097762304954e-01 3.6197453594434030e+01
3.8683420865534970e+00 1.4699677585727319e-01 3.5505608112105364e+01
3.8131154249330721e+00 1.5510417634683740e-01 3.4830968561350375e+01
3.7590013356746956e+00 1.6314225890691966e-01 3.4173075526710235e+01
3.7059745439005201e+00 1.7111043257317896e-01 3.3531460255161406e+01
3.6540089632760346e+00 1.7900836571481582e-01 3.2905651023456244e+01
3.6030782439284326e+00 1.8683592052556477e-01 3.2295179814313002e+01
3.5531560525975743e+00 1.9459311780542671e-01 3.1699585636028658e+01
3.5042162839739563e+00 2.0228009676985406e-01 3.1118416910770485e+01
3.4562331625773166e+00 2.0989709171217077e-01 3.0551232540282967e+01
3.4091813605225592e+00 2.1744441790781957e-01 2.9997603069458052e+01
3.3630360870251441e+00 2.2492245896831284e-01 2.9457111548426660e+01
3.3177731209655175e+00 2.3233165577383375e-01 2.8929353650128135e+01
3.2733688829594758e+00 2.3967248716629644e-01 2.8413938294783080e+01
3.2298004165555687e+00 2.4694546643757964e-01 2.7910487148437738e+01
3.1870454785262199e+00 2.5415112164203169e-01 2.7418635449311445e+01
3.1450824999947748e+00 2.6128999931471270e-01 2.6938031276861579e+01
3.1038906657677927e+00 2.6836264460282133e-01 2.6468336232681303e+01
3.0634498993668107e+00 2.7536960493292600e-01 2.6009224981826243e+01
3.0237409474561519e+00 2.8231139930627147e-01 2.5560385985037385e+01
2.9847453728211999e+00 2.8918851904744358e-01 2.5121521128515390e+01
2.9464457150245900e+00 2.9600139450142798e-01 2.4692347294195599e+01
2.9088254631175792e+00 3.0275038788539937e-01 2.4272595735074020e+01
2.8718692293698074e+00 3.0943575586633965e-01 2.3862013752570391e+01
2.8355626686981448e+00 3.1605763728076097e-01 2.3460363464761969e+01
2.7998927310656354e+00 3.2261602796572569e-01 2.3067424325967615e+01
2.7648475668027492e+00 3.2911077882688888e-01 2.2682991729704824e+01
2.7304166753288377e+00 3.3554157417725139e-01 2.2306878347284957e+01
2.6965906353255087e+00 3.4190794241474154e-01 2.1938910846161470e+01
2.6633611205254555e+00 3.4820926096628885e-01 2.1578929804546121e+01
2.6307206799770388e+00 3.5444478308947452e-01 2.1226787077910728e+01
2.5986627373458617e+00 3.6061365565390963e-01 2.0882345589059064e+01
2.5671814247323153e+00 3.6671492930391814e-01 2.0545477353390034e+01
2.5362715440028882e+00 3.7274756093031880e-01 2.0216062907817772e+01
2.5059285100309467e+00 3.7871042416800549e-01 1.9893990562076581e+01
2.4761482983376433e+00 3.8460229504606147e-01 1.9579155715152666e+01
2.4469275702047177e+00 3.9042188485319584e-01 1.9271462052749428e+01
2.4182635241765200e+00 3.9616778816726989e-01 1.8970819859315029e+01
2.3901542847303090e+00 4.0183848006136358e-01 1.8677149960447473e+01
2.3625993252351463e+00 4.0743214282065232e-01 1.8390387950152530e+01
2.3356009380935561e+00 4.1294641424401390e-01 1.8110499132480740e+01
2.3091666048590365e+00 4.1837786478290634e-01 1.7837502448185099e+01
2.2833126928443894e+00 4.2372122778101357e-01 1.7571507427870017e+01
2.2580690266973114e+00 4.2896835764629254e-01 1.7312759339229800e+01
2.2334850417089980e+00 4.3410691880134977e-01 1.7061699604487700e+01
2.2096426892942578e+00 4.3911749356635194e-01 1.6819093333194964e+01
2.1867025827321820e+00 4.4396364817359518e-01 1.6586491731104800e+01
2.1650434267166694e+00 4.4856196468377690e-01 1.6367625288066137e+01
2.1454520573532414e+00 4.5274036364399967e-01 1.6170283040255683e+01
2.1291814059652059e+00 4.5622439136809723e-01 1.6006847450283658e+01
2.1177723772782420e+00 4.5867495651359003e-01 1.5892492050529846e+01
2.1118007471263756e+00 4.5996003414658204e-01 1.5832721646654129e+01
2.1092961312231671e+00 4.6049953113396730e-01 1.5807669745622315e+01
2.1083713743403374e+00 4.6069881255525968e-01 1.5798422186679211e+01
2.1081789029978362e+00 4.6074030348098166e-01 1.5796497648793764e+01
2.1083268281356200e+00 4.6070842339732043e-01 1.5797977136705192e+01
2.1086521682958019e+00 4.6063830408534978e-01 1.5801230737806506e+01
2.1089416059960113e+00 4.6057592495626720e-01 1.5804125253897787e+01
2.1090130928510771e+00 4.6056051312638618e-01 1.5804840427714804e+01
2.1087071009037683e+00 4.6062644285116683e-01 1.5801781082686080e+01
2.1079968896452250e+00 4.6077950975080151e-01 1.5794679890448720e+01
2.1072612591482729e+00 4.6093808582682760e-01 1.5787325300384161e+01
2.1067587799908640e+00 4.6104640936546298e-01 1.5782302465792483e+01
2.1065469628366507e+00 4.6109206366274375e-01 1.5780185652524231e+01
2.1064701445717269e+00 4.6110861238405781e-01 1.5779418246614828e+01
2.1064520503213644e+00 4.6111250025476885e-01 1.5779237887483486e+01
2.1064626422597508e+00 4.6111020037133815e-01 1.5779344476008490e+01
2.1064889433817844e+00 4.6110451408803943e-01 1.5779608150612543e+01
2.1065156338544408e+00 4.6109874663093448e-01 1.5779875635600837e+01
2.1065302801559991e+00 4.6109557201661688e-01 1.5780022814455297e+01
2.1065218680235045e+00 4.6109736167271004e-01 1.5779939665909556e+01
2.1064917326618611e+00 4.6110383326917820e-01 1.5779639379163342e+01
2.1064528215541540e+00 4.6111219857974184e-01 1.5779251328831393e+01
2.1064116474918499e+00 4.6112104820810934e-01 1.5778840801394498e+01
2.1063714214130873e+00 4.6112968783099806e-01 1.5778439932114154e+01
2.1063325076833985e+00 4.6113804530048508e-01 1.5778052213999668e+01
2.1062946762583974e+00 4.6114617738242353e-01 1.5777675342677068e+01
2.1062595681879110e+00 4.6115373139303178e-01 1.5777325882998063e+01
2.1062292315788156e+00 4.6116025864636323e-01 1.5777024309171232e+01
2.1062041541847067e+00 4.6116564085898115e-01 1.5776775361269284e+01
2.1061818589287729e+00 4.6117039885711830e-01 1.5776554308505581e+01
2.1061578273467085e+00 4.6117550851795852e-01 1.5776316125959582e+01
2.1061272544881739e+00 4.6118202592873103e-01 1.5776012762944340e+01
2.1060852794089553e+00 4.6119101815671593e-01 1.5775595514557422e+01
2.1060259908098469e+00 4.6120375835298572e-01 1.5775005360458147e+01
2.1059423156576735e+00 4.6122175601884030e-01 1.5774171729993114e+01
2.1058287246466554e+00 4.6124619236822778e-01 1.5773039302419118e+01
2.1056848223773312e+00 4.6127715328177987e-01 1.5771604011089913e+01
2.1055161924646733e+00 4.6131343941897268e-01 1.5769921782735851e+01
2.1053325683232598e+00 4.6135295808447774e-01 1.5768090063269135e+01
2.1051453097798887e+00 4.6139326516291962e-01 1.5766222325161696e+01
2.1049647352465368e+00 4.6143213410395023e-01 1.5764421543758978e+01
2.1047980937129007e+00 4.6146798927340893e-01 1.5762760249815182e+01
2.1046493197065792e+00 4.6149997261025849e-01 1.5761277924662229e+01
2.1045215042220082e+00 4.6152742237849176e-01 1.5760005457356961e+01
2.1044201768841360e+00 4.6154915604351032e-01 1.5758998050488792e+01
2.1043497544661678e+00 4.6156421716727924e-01 1.5758299887306357e+01
2.1043081078331207e+00 4.6157305260812070e-01 1.5757889776146069e+01
2.1042869343629254e+00 4.6157744730010486e-01 1.5757684916541763e+01
2.1042802607836979e+00 4.6157869624489584e-01 1.5757625896675108e+01
2.1042893816491381e+00 4.6157653497389584e-01 1.5757725748421368e+01
2.1043215448333998e+00 4.6156940056155921e-01 1.5758056808134750e+01
2.1043876501133494e+00 4.6155491710161828e-01 1.5758728301241277e+01
2.1044935981078030e+00 4.6153177642130000e-01 1.5759799802058488e+01
2.1046356562657533e+00 4.6150078253870208e-01 1.5761234064167152e+01
2.1048086241371080e+00 4.6146309057024498e-01 1.5762978837632744e+01
2.1050109672667405e+00 4.6141903307586540e-01 1.5765019498836686e+01
2.1052453314949360e+00 4.6136802401079691e-01 1.5767383471078702e+01
2.1055145132541782e+00 4.6130945278565721e-01 1.5770098384286023e+01
2.1058121551696396e+00 4.6124469446803917e-01 1.5773100124641726e+01
2.1061231939514395e+00 4.6117696562961052e-01 1.5776239857679400e+01
2.1064322963292397e+00 4.6110953942025851e-01 1.5779365932219591e+01
2.1067331052049836e+00 4.6104379782709110e-01 1.5782413632667645e+01
2.1070304019723474e+00 4.6097874254088833e-01 1.5785429997403533e+01
2.1073270218629601e+00 4.6091364020935571e-01 1.5788447723284984e+01
2.1076136467449467e+00 4.6085048533748380e-01 1.5791376359845135e+01
2.1078794548663820e+00 4.6079168744523868e-01 1.5794103606241915e+01
2.1081171903664648e+00 4.6073884732931619e-01 1.5796554495556968e+01
2.1083229475065202e+00 4.6069254661325199e-01 1.5798702080733992e+01
2.1084942573441650e+00 4.6065309553947897e-01 1.5800531929879646e+01
2.1086220619349114e+00 4.6062263314903046e-01 1.5801942333981209e+01
2.1086949283035437e+00 4.6060413619956608e-01 1.5802801838085742e+01
2.1087216070588717e+00 4.6059509918730124e-01 1.5803217693493274e+01
2.1087213842882635e+00 4.6059046183571983e-01 1.5803432837469998e+01
2.1087030442897401e+00 4.6058820227311525e-01 1.5803538513200824e+01
2.1086701878365424e+00 4.6058831169764375e-01 1.5803524743575505e+01
2.1086121794515682e+00 4.6059170275195738e-01 1.5803376174808658e+01
2.1084967745843812e+00 4.6059860859571167e-01 1.5803044785665385e+01
2.1083261433442892e+00 4.6060980792928441e-01 1.5802523427322132e+01
2.1081434206814791e+00 4.6062686411004583e-01 1.5801760133215261e+01
2.1079774519768564e+00 4.6065050703327504e-01 1.5800583022964297e+01
2.1078907416227013e+00 4.6068461573622277e-01 1.5799145213096621e+01
2.1080486190399017e+00 4.6072154846373847e-01 1.5797260201182674e+01
2.1087685758805343e+00 4.6076511219513611e-01 1.5795374824288878e+01
2.1113326806823669e+00 4.6081083983001120e-01 1.5793624244104068e+01
2.1173532267378645e+00 4.6083789417391735e-01 1.5791266198752789e+01
2.1318869473104747e+00 4.6089109019561630e-01 1.5789852515327365e+01
2.1676857972760444e+00 4.6093057481180355e-01 1.5786925374756528e+01
2.2383531934571890e+00 4.6094091603315579e-01 1.5784011149092400e+01
2.4045418949983586e+00 4.6095864456519903e-01 1.5783280474750640e+01
2.7577944252990947e+00 4.6097869813463743e-01 1.5782549413684109e+01
3.3103299909396582e+00 4.6111433079230701e-01 1.5782292976763792e+01
3.9783450530590838e+00 4.6123584102658338e-01 1.5776166449882325e+01
4.5881255632746996e+00 4.6127659652426162e-01 1.5773053543817326e+01
4.9924898056672005e+00 4.6131073712271703e-01 1.5769861309726949e+01
5.1944605376867585e+00 4.6135242669884369e-01 1.5767714082613793e+01
5.2619397379686212e+00 4.6139600057570251e-01 1.5765710263733435e+01
5.2402234115607040e+00 4.6144000144286218e-01 1.5764226203105643e+01
5.1497410715195926e+00 4.6147235982996265e-01 1.5762184870307372e+01
5.0036675913636959e+00 4.6149549118479477e-01 1.5761066300431846e+01
4.8164742986509133e+00 4.6151008707329172e-01 1.5760258944407227e+01
4.6070418667083510e+00 4.6156305273279236e-01 1.5759119868706719e+01
4.3972203693770551e+00 4.6159180112865300e-01 1.5757919916282358e+01
4.2082958760000002e+00 4.6159973510191465e-01 1.5757405366289333e+01
4.0581498504429305e+00 4.6160107692494323e-01 1.5757041488346474e+01
3.9620629802838421e+00 4.6160469857360864e-01 1.5757020565806034e+01
3.9330625570322475e+00 4.6160499623558626e-01 1.5757092006257327e+01
3.9754614062500426e+00 4.6159451388616046e-01 1.5756960566624663e+01
4.0835517716896446e+00 4.6158540354478950e-01 1.5756601886381020e+01
4.2468657291557941e+00 4.6157994679868647e-01 1.5756801170385977e+01
4.4508548999314606e+00 4.6159111929506330e-01 1.5757992188632297e+01
4.6750835041626582e+00 4.6160881143856430e-01 1.5758481074039789e+01
4.8941178498929752e+00 4.6160893627230104e-01 1.5758484175380413e+01
5.0808724056095116e+00 4.6158509471333864e-01 1.5760246133842987e+01
5.2116684972529388e+00 4.6149999014071214e-01 1.5759997915406473e+01
5.2772155098506870e+00 4.6144617143073030e-01 1.5762488082706557e+01
5.2767095833171647e+00 4.6144043501739690e-01 1.5767698484585175e+01
5.2100810135554845e+00 4.6135475429158601e-01 1.5768908318931445e+01
5.0818129786003308e+00 4.6125057164287492e-01 1.5769534094884428e+01
4.9029842422036900e+00 4.6120899022063866e-01 1.5773775416469299e+01
4.6909530868566049e+00 4.6115499541954325e-01 1.5777604088325152e+01
4.4695218231980984e+00 4.6103342989877716e-01 1.5776562026796164e+01
4.2665689589136546e+00 4.6101100527359362e-01 1.5780325021540527e+01
4.1030239876891796e+00 4.6104376322403068e-01 1.5790405706328404e+01
3.9902098002999584e+00 4.6099910157895618e-01 1.5795343328746362e+01
3.9374992119278489e+00 4.6078115617058779e-01 1.5790673692727619e+01
3.9532357907439626e+00 4.6044427616924760e-01 1.5779249712173712e+01
4.0408839163277053e+00 4.6031103843668286e-01 1.5778972230223360e+01
4.1892808420323284e+00 4.6014519193735620e-01 1.5775917537091818e+01
4.3697950931750826e+00 4.5858394341574160e-01 1.5707729811297455e+01
4.5777985608315666e+00 4.5744377001035358e-01 1.5656676845696186e+01
4.7749020819235932e+00 4.5539307712368132e-01 1.5564592704423664e+01
4.8511131764515607e+00 4.4451850296462952e-01 1.5078639797482932e+01
4.9032857823603271e+00 4.3493507689417338e-01 1.4683793093952772e+01
4.5276930376013276e+00 3.8585714473305688e-01 1.2833799262069967e+01
3.3252999498084010e+00 2.1969476688591646e-01 8.3485627054711031e+00
2.5156192836520077e+00 5.1183124922318184e-02 5.6504280903234854e+00
2.3102483085178638e+00 3.7849491611589661e-03 5.0428778874003681e+00
2.2914166258420843e+00 1.1197796368326439e-03 5.0129202494810006e+00
2.2778790554219048e+00 9.1500069226844007e-04 5.0106859857931649e+00
2.2579703555307638e+00 2.6598494076778337e-04 5.0031447578804862e+00
2.2356164032942742e+00 4.4112414558148765e-06 5.0000817583565098e+00
2.2105597245553485e+00 -1.2285491847599262e-05 4.9998918545798592e+00
2.1823194640689558e+00 -1.4358707837644043e-06 5.0000152702643064e+00
2.1511976582319798e+00 -7.2438594553528676e-07 5.0000294120370121e+00
2.1177097540537804e+00 -1.1143140106342721e-06 5.0000226471605806e+00
2.0823868088488813e+00 -1.2390187474147362e-06 5.0000212017220029e+00
2.0457785492249192e+00 -1.1756666950247800e-06 5.0000203810805672e+00
2.0084560714246833e+00 -1.1512760918809897e-06 5.0000192874705967e+00
1.9710017920038485e+00 -1.0324685332178714e-06 5.0000174044553898e+00
1.9340012236475779e+00 -9.9154042533865008e-07 5.0000177914645754e+00
1.8980313138366303e+00 -7.7775800619106100e-07 5.0000187195243546e+00
1.8636531978730713e+00 -6.8202663235304506e-07 5.0000194255899775e+00
1.8314031624201181e+00 -5.0530257023783379e-07 5.0000186865772012e+00
1.8017862928716903e+00 -7.2190991997599904e-08 5.0000217850126578e+00
1.7752609633311678e+00 -5.8022100783366246e-08 5.0000126979525277e+00
1.7522463386195595e+00 -3.1621056821060820e-08 5.0000120181479488e+00
1.7330968189939342e+00 -1.0411345940056138e-07 5.0000090255757073e+00
1.7181079926108109e+00 -1.2706005947626384e-07 5.0000040845094880e+00
1.7075132964674662e+00 -2.1102645487323960e-07 5.0000045705402609e+00
1.7014775484016682e+00 1.7941191985630287e-07 4.9999973233984214e+00
1.7001063800592335e+00 7.6273550166009516e-07 4.9999925485083550e+00
1.7034217687342281e+00 1.6819188396048459e-06 4.9999793833563571e+00
1.7113677351077508e+00 2.0854910785583156e-06 4.9999719499276605e+00
1.7238099170653025e+00 2.1468498279910374e-06 4.9999559123537693e+00
1.7405605227348693e+00 2.3978140162633842e-06 4.9999566809461662e+00
1.7613533756689392e+00 3.5388790931560832e-06 4.9999435057748496e+00
1.7858667849619014e+00 5.9381946355870424e-06 4.9999171727314611e+00
1.8137249583194801e+00 8.1384721499185773e-06 4.9998998604687248e+00
1.8444874137448495e+00 1.0635275897968785e-05 4.9998713079913824e+00
1.8776775756731354e+00 1.3109098588680013e-05 4.9998468145223338e+00
1.9127764959460916e+00 1.5017339205765144e-05 4.9998240035011374e+00
1.9492369231694926e+00 1.6672708224161854e-05 4.9998049110982627e+00
1.9864901841400497e+00 1.7954932071672544e-05 4.9997906825954663e+00
2.0239536593808056e+00 1.9278331658126534e-05 4.9997772816986537e+00
2.0610425470261320e+00 2.0625366896919093e-05 4.9997646128114290e+00
2.0971778527264875e+00 2.1679575176416912e-05 4.9997523756501305e+00
2.1317960950410906e+00 2.2730359361900833e-05 4.9997420568811322e+00
2.1643564761201177e+00 2.3598723957658785e-05 4.9997319378892815e+00
2.1943512197999708e+00 2.4620840644070683e-05 4.9997231710806211e+00
2.2213112172915501e+00 2.4915493271629924e-05 4.9997127617912760e+00
2.2448180349217020e+00 2.5512806391795209e-05 4.9997074997265685e+00
2.2645041009071569e+00 2.5488656256412552e-05 4.9997043186003705e+00
2.2800619960261810e+00 2.5338092914113117e-05 4.9997012993296881e+00
2.2912509651647461e+00 2.5531800580740786e-05 4.9997035821406746e+00
2.2978931880837377e+00 2.5273210795069602e-05 4.9997028829253320e+00
2.2998861036309877e+00 2.5285632399888257e-05 4.9997056407236853e+00
2.2971962774698262e+00 2.4892870313892099e-05 4.9997054687992950e+00
2.2898681641797696e+00 2.4930393377396856e-05 4.9997085785153583e+00
2.2780132203662879e+00 2.4318797457480371e-05 4.9997034801498241e+00
2.2618215638058574e+00 2.4139516769138000e-05 4.9997045042420432e+00
2.2415437315856344e+00 2.3982003153186400e-05 4.9997062319423051e+00
2.2174964625493767e+00 2.3876290829411870e-05 4.9997107628728408e+00
2.1900536432582185e+00 2.3556192680481341e-05 4.9997146098327452e+00
2.1596445002759213e+00 2.3536769935482804e-05 4.9997208934039064e+00
2.1267409803656223e+00 2.3341163373533064e-05 4.9997213281172890e+00
2.0918596210676825e+00 2.3232295080692788e-05 4.9997254034948924e+00
2.0555434791007481e+00 2.2940341572775517e-05 4.9997291627701035e+00
2.0183585717958330e+00 2.2900126142148045e-05 4.9997302817928713e+00
1.9808866395739593e+00 2.2691054777703258e-05 4.9997330185467108e+00
1.9437122147811652e+00 2.2687724506406286e-05 4.9997354165874377e+00
1.9074157241723040e+00 2.2801767120396866e-05 4.9997383644538020e+00
1.8725625847152763e+00 2.2981101092484650e-05 4.9997421367349126e+00
1.8396945258134232e+00 2.2980356562094158e-05 4.9997421640326891e+00
1.8093293643287813e+00 2.3297161579516603e-05 4.9997444897680356e+00
1.7819456918661096e+00 2.3405794041296294e-05 4.9997397659131231e+00
1.7579709031338149e+00 2.3214433520850974e-05 4.9997393980123412e+00
1.7377473432366353e+00 2.3118370705080790e-05 4.9997378584666912e+00
1.7215540512998608e+00 2.2702027380450419e-05 4.9997334505455786e+00
1.7097153676383068e+00 2.1618270532562994e-05 4.9997460283909216e+00
1.7025945865666900e+00 2.1815015924008714e-05 4.9997413746606334e+00
1.7003632666425121e+00 2.1245434258346798e-05 4.9997536534920766e+00
1.7026066405562172e+00 2.1274055017942645e-05 4.9997487154627258e+00
1.7089160911553889e+00 2.0854246315784718e-05 4.9997566261690114e+00
1.7196732067663398e+00 2.0280300109503467e-05 4.9997505280953742e+00
1.7374062727541957e+00 1.9954698743929588e-05 4.9997545346405268e+00
1.7655014048534017e+00 1.9889723257350534e-05 4.9997562381663290e+00
1.8002418539532847e+00 2.0134960935770257e-05 4.9997679272123001e+00
1.8310157509039249e+00 2.0179246105214764e-05 4.9997677426421170e+00
1.8461274044848910e+00 1.9552474997200523e-05 4.9997737907309983e+00
1.8507922888474577e+00 1.9602230081572545e-05 4.9997724192180293e+00
1.8518071220392465e+00 1.9128264788880659e-05 4.9997770657409468e+00
