5.0000000000000000e+00 0.0000000000000000e+00 4.9999999999999957e+01
5.0000000000000000e+00 0.0000000000000000e+00 4.9999999999999957e+01
5.0000000000000000e+00 0.0000000000000000e+00 4.9999999999999957e+01
5.0000000000000000e+00 0.0000000000000000e+00 4.9999999999999957e+01
5.0000000000000000e+00 0.0000000000000000e+00 4.9999999999999957e+01
5.0000000000000000e+00 0.0000000000000000e+00 4.9999999999999957e+01
5.0000000000000000e+00 0.0000000000000000e+00 4.9999999999999957e+01
5.0000000000000000e+00 0.0000000000000000e+00 4.9999999999999957e+01
5.0000000000000000e+00 0.0000000000000000e+00 4.9999999999999957e+01
5.0000000000000000e+00 0.0000000000000000e+00 4.9999999999999957e+01
5.0000000000000000e+00 0.0000000000000000e+00 4.9999999999999957e+01
5.0000000000000000e+00 0.0000000000000000e+00 4.9999999999999957e+01
5.0000000000000000e+00 0.0000000000000000e+00 4.9999999999999957e+01
5.0000000000000000e+00 0.0000000000000000e+00 4.9999999999999957e+01
5.0000000000000000e+00 0.0000000000000000e+00 4.9999999999999957e+01
5.0000000000000000e+00 0.0000000000000000e+00 4.9999999999999957e+01
5.0000000000000000e+00 3.0712738176186920e-17 4.9999999999999957e+01
5.0000000000000000e+00 1.0666707334239267e-17 4.9999999999999957e+01
5.0000000000000000e+00 -9.1067256883984714e-17 5.0000000000000014e+01
5.0000000000000018e+00 -2.4001793211286408e-16 5.0000000000000014e+01
5.0000000000000018e+00 -2.2727244008976576e-16 5.0000000000000000e+01
5.0000000000000009e+00 -1.1548727484002069e-16 5.0000000000000000e+01
5.0000000000000000e+00 -2.1405801870260847e-16 4.9999999999999957e+01
5.0000000000000009e+00 -6.8067693368587821e-17 5.0000000000000000e+01
5.0000000000000000e+00 -6.1831299600229426e-17 5.0000000000000014e+01
5.0000000000000036e+00 -1.7617096993971755e-16 5.0000000000000014e+01
5.0000000000000071e+00 -4.5964715344913763e-16 5.0000000000000057e+01
5.0000000000000027e+00 -5.5521465710510013e-16 5.0000000000000043e+01
4.9999999999999982e+00 -1.4666904942083294e-16 5.0000000000000028e+01
4.9999999999999991e+00 -1.8991761131128157e-16 4.9999999999999943e+01
4.9999999999999964e+00 -9.6036461952614311e-17 4.9999999999999964e+01
5.0000000000000027e+00 -7.8797452822507707e-17 4.9999999999999986e+01
4.9999999999999991e+00 -2.6811303969001531e-16 5.0000000000000000e+01
5.0000000000000018e+00 3.7151971505251982e-17 5.0000000000000014e+01
5.0000000000000036e+00 1.1261877012470150e-17 4.9999999999999986e+01
5.0000000000000009e+00 -1.6014271079749031e-16 4.9999999999999986e+01
5.0000000000000009e+00 2.0406999184416836e-16 5.0000000000000000e+01
5.0000000000000027e+00 -1.4316982283573703e-16 4.9999999999999986e+01
5.0000000000000044e+00 -3.7052568018043967e-16 5.0000000000000014e+01
5.0000000000000053e+00 -3.0667870494719007e-16 5.0000000000000043e+01
5.0000000000000027e+00 -5.8451379530569091e-16 5.0000000000000000e+01
5.0000000000000053e+00 -4.5380989529254511e-16 5.0000000000000043e+01
5.0000000000000027e+00 -2.8803277531544784e-16 5.0000000000000000e+01
5.0000000000000027e+00 -1.0455455374206760e-16 5.0000000000000014e+01
4.9999999999999973e+00 4.4263102215281597e-17 4.9999999999999964e+01
5.0000000000000000e+00 -2.0239694136203038e-16 5.0000000000000014e+01
4.9999999999999947e+00 -1.2493647080326179e-16 4.9999999999999943e+01
4.9999999999999991e+00 2.7737282916919969e-16 5.0000000000000000e+01
5.0000000000000053e+00 2.3747017394583542e-16 5.0000000000000043e+01
5.0000000000000044e+00 -2.1634647780260864e-16 5.0000000000000043e+01
5.0000000000000044e+00 -1.7603798512787412e-16 5.0000000000000043e+01
5.0000000000000027e+00 -2.4749108366242443e-17 5.0000000000000014e+01
5.0000000000000027e+00 -3.6488460750626270e-16 5.0000000000000000e+01
5.0000000000000000e+00 -1.7376319278534906e-16 4.9999999999999957e+01
4.9999999999999991e+00 -1.5007794085579574e-16 5.0000000000000000e+01
4.9999999999999991e+00 -2.5819481916485158e-16 5.0000000000000043e+01
5.0000000000000009e+00 -4.0901463724319971e-16 5.0000000000000000e+01
5.0000000000000053e+00 -1.4223865190372062e-16 5.0000000000000043e+01
5.0000000000000036e+00 -1.2949977057155130e-16 5.0000000000000014e+01
5.0000000000000071e+00 -4.3878955770875449e-16 5.0000000000000014e+01
5.0000000000000053e+00 -3.6562637141005317e-16 5.0000000000000000e+01
5.0000000000000036e+00 -3.8654704378428856e-16 5.0000000000000000e+01
5.0000000000000027e+00 -6.4312535743955226e-16 5.0000000000000000e+01
5.0000000000000036e+00 -4.0352020218201240e-16 5.0000000000000000e+01
5.0000000000000018e+00 -4.5045058898593818e-16 5.0000000000000000e+01
5.0000000000000009e+00 -3.1023421292421291e-16 5.0000000000000071e+01
4.9999999999999956e+00 1.7241262087982608e-16 4.9999999999999957e+01
5.0000000000000009e+00 -9.2208133400547378e-17 5.0000000000000014e+01
5.0000000000000018e+00 -1.2151415414722319e-16 5.0000000000000000e+01
5.0000000000000044e+00 -1.2299719342121470e-16 5.0000000000000014e+01
5.0000000000000071e+00 -3.4134574695964013e-16 5.0000000000000043e+01
5.0000000000000053e+00 -2.4162777553726284e-16 5.0000000000000057e+01
5.0000000000000036e+00 -4.4938608549986556e-16 4.9999999999999986e+01
5.0000000000000027e+00 -4.6696143300639569e-16 5.0000000000000000e+01
4.9999999999999991e+00 -3.5629708284148263e-16 4.9999999999999943e+01
5.0000000000000009e+00 -8.0166546671955821e-16 5.0000000000000014e+01
4.9999999999999885e+00 7.2309869950560430e-16 4.9999999999999915e+01
4.9999999999999876e+00 1.2884323511319340e-15 4.9999999999999872e+01
5.0000000000000524e+00 -6.1719109205550287e-15 5.0000000000000696e+01
5.0000000000001732e+00 -2.0213248980961686e-14 5.0000000000002331e+01
5.0000000000000631e+00 -7.3397146843872636e-15 5.0000000000000853e+01
4.9999999999992308e+00 8.8339456429166537e-14 4.9999999999989768e+01
4.9999999999981020e+00 2.1830009191836597e-13 4.9999999999974733e+01
4.9999999999998197e+00 2.1082513788717082e-14 4.9999999999997641e+01
5.0000000000085043e+00 -9.8272427094844545e-13 5.0000000000113488e+01
5.0000000000179208e+00 -2.0666388399482368e-12 5.0000000000239069e+01
4.9999999999967120e+00 3.7578175250818670e-13 4.9999999999956138e+01
4.9999999999095586e+00 1.0443278444741633e-11 4.9999999998793527e+01
4.9999999998254898e+00 2.0128830857429515e-11 4.9999999997672049e+01
5.0000000000249516e+00 -2.8599321734947857e-12 5.0000000000332847e+01
5.0000000007891181e+00 -9.1104225277877759e-11 5.0000000010526747e+01
5.0000000014519772e+00 -1.6751484710653780e-10 5.0000000019369168e+01
4.9999999994342934e+00 6.5199346989545571e-11 4.9999999992453581e+01
4.9999999917010287e+00 9.5788897131332650e-10 4.9999999889292951e+01
4.9999999813777398e+00 2.1490198384817288e-09 4.9999999751581726e+01
4.9999999831120947e+00 1.9490825004898671e-09 4.9999999774717793e+01
5.0000000068873387e+00 -7.9461885728190124e-10 5.0000000091876117e+01
5.0000000042971502e+00 -4.9710698175144187e-10 5.0000000057323433e+01
4.9999997469324056e+00 2.9209634409445579e-08 4.9999996624114885e+01
4.9999986590162022e+00 1.5475118893979063e-07 4.9999982111470715e+01
4.9999955706909134e+00 5.1120068277904639e-07 4.9999940913668667e+01
4.9999877761643541e+00 1.4106819126820656e-06 4.9999836935893441e+01
4.9999687351178226e+00 3.6083349794319010e-06 4.9999582931597246e+01
4.9999228735594503e+00 8.9008521893192246e-06 4.9998971148013084e+01
4.9998141002289156e+00 2.1455067208206486e-05 4.9997520143842593e+01
4.9995616633810114e+00 5.0588606724888061e-05 4.9994152758460658e+01
4.9989903798067630e+00 1.1653009101947654e-04 4.9986532354730400e+01
4.9977237515300610e+00 2.6274993232144249e-04 4.9969637831748400e+01
4.9949525589201960e+00 5.8279796374634599e-04 4.9932680230874027e+01
4.9890024781096090e+00 1.2705737753602316e-03 4.9853349762303139e+01
4.9768580433849516e+00 2.6769758834984687e-03 4.9691527594783139e+01
4.9545139654111425e+00 5.2733990335099524e-03 4.9394144720904137e+01
4.9191595625502389e+00 9.4053730738573888e-03 4.8924525025181879e+01
4.8713757480254678e+00 1.5036917473375445e-02 4.8291588957986306e+01
4.8143749423026660e+00 2.1826542694039115e-02 4.7539266860227130e+01
4.7516984791649843e+00 2.9383014627561085e-02 4.6715458346000176e+01
4.6859975519573078e+00 3.7408223222437524e-02 4.5855781987212040e+01
4.6189627407206242e+00 4.5707999435504271e-02 4.4982788514033899e+01
4.5516084378649388e+00 5.4162982357744333e-02 4.4109882397040508e+01
4.4845325533486964e+00 6.2700351099018684e-02 4.3244857789009203e+01
4.4180997720030879e+00 7.1273368556675099e-02 4.2392371716914383e+01
4.3525413072836585e+00 7.9850291837497936e-02 4.1555288053912321e+01
4.2880027507455916e+00 8.8409073005408859e-02 4.0735326496293851e+01
4.2245722904971741e+00 9.6934314993602971e-02 3.9933446104691669e+01
4.1622998773351281e+00 1.0541517831826194e-01 3.9150104287017001e+01
4.1012102144746825e+00 1.1384391359155964e-01 3.8385431397953077e+01
4.0413108328846983e+00 1.2221494283471696e-01 3.7639339069232250e+01
3.9825976395608098e+00 1.3052422755269619e-01 3.6911594269781304e+01
3.9250585109285576e+00 1.3876887277790584e-01 3.6201867094785598e+01
3.8686759961489430e+00 1.4694680900662813e-01 3.5509766321360502e+01
3.8134289772046137e+00 1.5505658420488319e-01 3.4834861174627633e+01
3.7592940069726213e+00 1.6309719372910594e-01 3.4176698603003842e+01
3.7062461216361835e+00 1.7106799406975415e-01 3.3534813672745202e+01
3.6542596481273457e+00 1.7896860188205618e-01 3.2908739630638564e+01
3.6033085050573508e+00 1.8679884529973331e-01 3.2298011609021927e+01
3.5533665287873428e+00 1.9455870642350825e-01 3.1702170526226013e+01
3.5044076886878113e+00 2.0224829657125437e-01 3.1120765568291787e+01
3.4564063517931642e+00 2.0986782554223321e-01 3.0553357161740571e+01
3.4093373051953453e+00 2.1741759622275472e-01 2.9999517051800602e+01
3.3631758319117617e+00 2.2489798102233163e-01 2.9458828960221311e+01
3.3178977733864752e+00 2.3230939952557406e-01 2.8930889113464893e+01
3.2734795473089346e+00 2.3965231259588793e-01 2.8415306187221574e+01
3.2298982332366237e+00 2.4692721729604047e-01 2.7911702084139293e+01
3.1871315692445568e+00 2.5413464818291376e-01 2.7419711617239500e+01
3.1451580332354436e+00 2.6127514958718201e-01 2.6938983218473609e+01
3.1039567830670642e+00 2.6834927027413552e-01 2.6469177973981694e+01
3.0635077357033205e+00 2.7535754048975841e-01 2.6009970303476805e+01
3.0237915737587855e+00 2.8230048259606516e-01 2.5561047754193432e+01
2.9847898820462020e+00 2.8917858083408504e-01 2.5122112304359980e+01
2.9464851273463664e+00 2.9599227326452937e-01 2.4692879838206025e+01
2.9088608078272662e+00 3.0274191284687779e-01 2.4273081564762808e+01
2.8719014183005673e+00 3.0942775961276919e-01 2.3862463317298591e+01
2.8355926523006967e+00 3.1604995403332353e-01 2.3460787519854989e+01
2.7999213450877458e+00 3.2260851425672826e-01 2.3067832221958717e+01
2.7648756241287646e+00 3.2910329515207398e-01 2.2683392459001354e+01
2.7304448304034774e+00 3.3553400176330994e-01 2.2307279055130245e+01
2.6966194782558199e+00 3.4190016717922317e-01 2.1939317893190179e+01
2.6633911212959340e+00 3.4820119557083123e-01 2.1579348171232354e+01
2.6307522184896248e+00 3.5443636556699593e-01 2.1227220715387752e+01
2.5986960050846686e+00 3.6060485072916520e-01 2.0882796381360514e+01
2.5672164342063937e+00 3.6670573406164081e-01 2.0545945251421827e+01
2.5363080598076833e+00 3.7273800587402145e-01 2.0216545229295704e+01
2.5059660885490018e+00 3.7870058849731680e-01 1.9894482453984857e+01
2.4761862306581022e+00 3.8459231430960150e-01 1.9579649589286639e+01
2.4469648412111180e+00 3.9041196023402519e-01 1.9271947193919161e+01
2.4182987426333944e+00 3.9615819278891401e-01 1.8971281743595860e+01
2.3901856966027601e+00 4.0182958430142279e-01 1.8677570449858649e+01
2.3626246875449750e+00 4.0742440969461419e-01 1.8390744043513337e+01
2.3356176094115324e+00 4.1294042162128791e-01 1.8110763968433361e+01
2.3091715853681443e+00 4.1837426467336997e-01 1.7837645781263092e+01
2.2833028863505413e+00 4.2372067461977064e-01 1.7571498349088415e+01
2.2580419655282080e+00 4.2897141356418028e-01 1.7312573724991125e+01
2.2334394714933734e+00 4.3411384809500425e-01 1.7061325923162400e+01
2.2095794226187464e+00 4.3912816639381774e-01 1.6818541138314089e+01
2.1866240751418284e+00 4.4397761448780559e-01 1.6585787125087286e+01
2.1649509969221463e+00 4.4857896797626262e-01 1.6366782465606008e+01
2.1453421618863975e+00 4.5276117879892896e-01 1.6169267084463009e+01
2.1290426131668401e+00 4.5625146993476151e-01 1.6005544313754065e+01
2.1175883132075559e+00 4.5871185053051489e-01 1.5890738075672786e+01
2.1115745038478124e+00 4.6000604268200329e-01 1.5830547761291495e+01
2.1090524959889847e+00 4.6054930262378657e-01 1.5805323470422735e+01
2.1081263961532932e+00 4.6074887331348913e-01 1.5796063400077948e+01
2.1079467726123018e+00 4.6078756077120786e-01 1.5794268052829906e+01
2.1081212722625104e+00 4.6074990773678021e-01 1.5796013960197657e+01
2.1084788989350001e+00 4.6067279885681650e-01 1.5799591053843496e+01
2.1087965454760957e+00 4.6060433038661802e-01 1.5802768292420671e+01
2.1088829785493912e+00 4.6058569770043517e-01 1.5803633638158953e+01
2.1085789313526546e+00 4.6065119329071624e-01 1.5800594550729585e+01
2.1078889501444369e+00 4.6079985742700746e-01 1.5793696501925634e+01
2.1071764305599068e+00 4.6095339769225746e-01 1.5786573808421775e+01
2.1066782055941555e+00 4.6106077102672571e-01 1.5781594339222650e+01
2.1064628042951088e+00 4.6110719234199882e-01 1.5779442561791733e+01
2.1063864390716525e+00 4.6112364011575230e-01 1.5778680542414136e+01
2.1063721010271759e+00 4.6112669265458139e-01 1.5778538587182734e+01
2.1063904450291653e+00 4.6112267712968125e-01 1.5778723575309723e+01
2.1064260663885390e+00 4.6111493992862701e-01 1.5779081371633964e+01
2.1064603923545424e+00 4.6110749937924062e-01 1.5779426125350138e+01
2.1064773234894809e+00 4.6110381531494388e-01 1.5779597090776939e+01
2.1064667349648349e+00 4.6110606177752844e-01 1.5779493201366794e+01
2.1064370476908985e+00 4.6111242732613034e-01 1.5779198474594118e+01
2.1063999424994080e+00 4.6112039205954625e-01 1.5778829563786058e+01
2.1063622464472442e+00 4.6112846832610699e-01 1.5778454912975207e+01
2.1063294322052442e+00 4.6113546951612322e-01 1.5778129311081116e+01
2.1063034638674991e+00 4.6114098771967960e-01 1.5777872219344069e+01
2.1062825131906173e+00 4.6114543578293588e-01 1.5777665297842304e+01
2.1062640153836374e+00 4.6114936546262553e-01 1.5777483112115050e+01
2.1062482451249238e+00 4.6115270397225711e-01 1.5777328468877975e+01
2.1062358475494665e+00 4.6115530179240061e-01 1.5777207653412869e+01
2.1062250134989795e+00 4.6115755015348542e-01 1.5777102540849899e+01
2.1062115466582627e+00 4.6116036285175410e-01 1.5776971380212306e+01
2.1061892541695322e+00 4.6116508569161463e-01 1.5776752321172918e+01
2.1061487408468520e+00 4.6117374493712532e-01 1.5776351303891232e+01
2.1060805201880339e+00 4.6118837290253523e-01 1.5775673472361735e+01
2.1059810091619706e+00 4.6120972638254543e-01 1.5774683199794495e+01
2.1058513573871678e+00 4.6123755840552477e-01 1.5773392062814484e+01
2.1056941904969633e+00 4.6127131629657836e-01 1.5771826238664399e+01
2.1055145711926251e+00 4.6130991811793021e-01 1.5770036348159302e+01
2.1053212238687267e+00 4.6135148043753871e-01 1.5768109731423085e+01
2.1051244564745764e+00 4.6139377822123007e-01 1.5766149457665339e+01
2.1049337157432690e+00 4.6143477473644723e-01 1.5764249902936953e+01
2.1047565620126285e+00 4.6147283625641361e-01 1.5762486656372173e+01
2.1045995027221727e+00 4.6150654780359701e-01 1.5760924801584665e+01
2.1044690098424330e+00 4.6153449983681200e-01 1.5759629030881825e+01
2.1043704116013551e+00 4.6155553750154593e-01 1.5758652683600637e+01
2.1043042586357266e+00 4.6156955126014043e-01 1.5758001377936353e+01
2.1042642390100061e+00 4.6157792184560048e-01 1.5757612044173303e+01
2.1042423339260798e+00 4.6158238784074940e-01 1.5757404604293573e+01
2.1042369951736095e+00 4.6158327229847335e-01 1.5757363819176391e+01
2.1042521713570594e+00 4.6157970871332404e-01 1.5757529216362595e+01
2.1042962411090254e+00 4.6156987868004451e-01 1.5757984413293944e+01
2.1043737204482649e+00 4.6155280542362975e-01 1.5758774816146527e+01
2.1044802469115953e+00 4.6152942620717485e-01 1.5759857316368752e+01
2.1046126597494905e+00 4.6150042370627548e-01 1.5761200295030221e+01
2.1047756216114175e+00 4.6146479479937164e-01 1.5762850216654385e+01
2.1049783069297869e+00 4.6142053582833836e-01 1.5764899643672866e+01
2.1052209357338372e+00 4.6136759607768990e-01 1.5767351496284192e+01
2.1054959802093651e+00 4.6130762707780315e-01 1.5770130015793505e+01
2.1057927398177059e+00 4.6124293586201920e-01 1.5773128183210062e+01
2.1061001514240547e+00 4.6117586000995769e-01 1.5776237653143866e+01
2.1064095010615231e+00 4.6110824492848279e-01 1.5779372370520910e+01
2.1067165676258623e+00 4.6104100093316441e-01 1.5782488281548527e+01
2.1070208903188576e+00 4.6097427729921264e-01 1.5785580759816495e+01
2.1073178641929542e+00 4.6090892643296216e-01 1.5788609275709430e+01
2.1075976361757478e+00 4.6084705659916120e-01 1.5791477511805384e+01
2.1078507285972332e+00 4.6079083196131854e-01 1.5794085572311072e+01
2.1080731485949880e+00 4.6074105959583056e-01 1.5796392467139910e+01
2.1082709235297501e+00 4.6069620724219013e-01 1.5798472619042514e+01
2.1084538374133039e+00 4.6065393600128079e-01 1.5800431834245977e+01
2.1086015943511618e+00 4.6061893715189273e-01 1.5802053254743772e+01
2.1086743342979513e+00 4.6060014862665510e-01 1.5802925188350095e+01
2.1086875917190340e+00 4.6059340194563941e-01 1.5803234160594290e+01
2.1086722966532498e+00 4.6059115753765395e-01 1.5803335382483652e+01
2.1086411686513982e+00 4.6059104254364414e-01 1.5803342947290954e+01
2.1086020990641687e+00 4.6059191479208073e-01 1.5803289105049881e+01
2.1085463402690543e+00 4.6059411724566512e-01 1.5803200549746128e+01
2.1084394453400197e+00 4.6059795006458676e-01 1.5803002090216150e+01
2.1082808388482110e+00 4.6060641439788919e-01 1.5802623922258050e+01
2.1081019672985315e+00 4.6062228421455642e-01 1.5801889853764898e+01
2.1079362366271632e+00 4.6064697552051226e-01 1.5800691062821130e+01
2.1078480447540300e+00 4.6068227335546669e-01 1.5799171565144480e+01
2.1080154922026937e+00 4.6072002078923929e-01 1.5797253075421530e+01
2.1087775229152559e+00 4.6076313478903058e-01 1.5795466564635909e+01
2.1114115485872120e+00 4.6080575622947229e-01 1.5793612445958999e+01
2.1175561519384374e+00 4.6084269656114757e-01 1.5791322543734324e+01
2.1324531524439441e+00 4.6088384174921221e-01 1.5789623812682439e+01
2.1688333821952406e+00 4.6092725644504312e-01 1.5787365370498769e+01
2.2405658638020975e+00 4.6093993325630878e-01 1.5783991703723423e+01
2.4094846198057565e+00 4.6094812982519645e-01 1.5783176842825270e+01
2.7640953097818644e+00 4.6096246510017019e-01 1.5782688035786059e+01
3.3140436611401709e+00 4.6109733893422367e-01 1.5782150080734130e+01
3.9768482127838309e+00 4.6123546257661524e-01 1.5776536192250902e+01
4.5826553403833348e+00 4.6127044687497371e-01 1.5773092314258125e+01
4.9868474913005327e+00 4.6131318070861221e-01 1.5770373951023029e+01
5.1899758246700856e+00 4.6135086739201164e-01 1.5767948343470934e+01
5.2585703532287846e+00 4.6139179071983982e-01 1.5766036999048627e+01
5.2376527284739911e+00 4.6143732043677732e-01 1.5764591179198261e+01
5.1478376533076808e+00 4.6146825922765933e-01 1.5762424930695712e+01
5.0025354813360794e+00 4.6149305829232712e-01 1.5761110985838048e+01
4.8162320687176479e+00 4.6150902058698684e-01 1.5760140867767277e+01
4.6076906384594265e+00 4.6155989434087846e-01 1.5759079294427732e+01
4.3985472962084495e+00 4.6158435613439069e-01 1.5757998895432518e+01
4.2099815470960875e+00 4.6159525552254999e-01 1.5757342306746864e+01
4.0600116838719673e+00 4.6159785132736758e-01 1.5757041124113737e+01
3.9639141137711205e+00 4.6160078206454858e-01 1.5756904713243713e+01
3.9348098882008111e+00 4.6160200389753792e-01 1.5757102189377418e+01
3.9769692356026036e+00 4.6159387849268774e-01 1.5756935900464530e+01
4.0847322162935731e+00 4.6158479872204355e-01 1.5756624868098385e+01
4.2475733322667395e+00 4.6157957730518173e-01 1.5756715826049724e+01
4.4509528341255340e+00 4.6159410835887960e-01 1.5757823924434991e+01
4.6745564262745640e+00 4.6160692329505959e-01 1.5758684464408873e+01
4.8928973694147793e+00 4.6161165823504124e-01 1.5758513889392439e+01
5.0792777727466083e+00 4.6158290164530386e-01 1.5760116806873640e+01
5.2101982568698535e+00 4.6149878953496876e-01 1.5759993765540951e+01
5.2760658017886861e+00 4.6144436955953150e-01 1.5762505110223927e+01
5.2758306619109563e+00 4.6143657893204754e-01 1.5767663613892017e+01
5.2095294851380158e+00 4.6135258117943601e-01 1.5769167048612598e+01
5.0814727786763543e+00 4.6124632757224754e-01 1.5769508410780993e+01
4.9029295899299781e+00 4.6120711242558526e-01 1.5773577855803008e+01
4.6912085214327819e+00 4.6115190736123018e-01 1.5777179652123579e+01
4.4702491360635817e+00 4.6103290159979854e-01 1.5776947860707089e+01
4.2673737985656084e+00 4.6099749869703455e-01 1.5780310715000571e+01
4.1037832800700649e+00 4.6104819320589013e-01 1.5790094947919656e+01
3.9908336881972337e+00 4.6101068700380116e-01 1.5794961361279960e+01
3.9379191190966965e+00 4.6077992955784725e-01 1.5790002035721635e+01
3.9538666726074259e+00 4.6043804626503093e-01 1.5780453348793959e+01
4.0410367179317275e+00 4.6031045588193109e-01 1.5778751439357091e+01
4.1893964871464213e+00 4.6016061769083955e-01 1.5776199343276408e+01
4.3701346869736897e+00 4.5865226483911503e-01 1.5709962272521963e+01
4.5779061498384879e+00 4.5748987407007113e-01 1.5658616206552878e+01
4.7755521438402120e+00 4.5547048525494133e-01 1.5568428780437586e+01
4.8520430521584803e+00 4.4464743279723590e-01 1.5083961262060683e+01
4.9023204351413616e+00 4.3489693280335712e-01 1.4680791677649900e+01
4.5254899501145767e+00 3.8561640545332904e-01 1.2826136732879846e+01
3.3256165459021987e+00 2.1973101011381715e-01 8.3493287245340042e+00
2.5161828279551020e+00 5.1308682188107191e-02 5.6519913547029130e+00
2.3107035035721637e+00 3.9015088192726056e-03 5.0442210970646570e+00
2.2914806776070287e+00 1.1327737785183523e-03 5.0131179612994208e+00
2.2778784828034988e+00 9.1611621200804873e-04 5.0106830691857986e+00
2.2579640677934645e+00 2.6398673995302807e-04 5.0031264481112494e+00
2.2356219818455791e+00 5.5978904482383130e-06 5.0000986520186235e+00
2.2105600871701232e+00 -1.2427955573534818e-05 4.9998931517983998e+00
2.1823193887504235e+00 -2.0440732132456766e-06 5.0000152704837664e+00
2.1511989613408971e+00 -8.2658340108274875e-07 5.0000337607634542e+00
2.1177108698211113e+00 -1.4319568311426171e-06 5.0000265600129836e+00
2.0823879036455724e+00 -1.4442067897095945e-06 5.0000251990296292e+00
2.0457795700401031e+00 -1.5094430527761280e-06 5.0000242844750469e+00
2.0084572678832067e+00 -1.5140252476710782e-06 5.0000239391880150e+00
1.9710033686071797e+00 -1.4441889067521410e-06 5.0000235384870022e+00
1.9340025967627299e+00 -1.3920677765835294e-06 5.0000234351761765e+00
1.8980326794566917e+00 -1.2465653488850968e-06 5.0000245128804437e+00
1.8636544011695848e+00 -9.2726262083724372e-07 5.0000247835990024e+00
1.8314049233039400e+00 -7.6070443194442952e-07 5.0000262182277382e+00
1.8017858684949344e+00 -5.3088398193098279e-07 5.0000212646345794e+00
1.7752629123102497e+00 -6.1021959935340295e-07 5.0000210547952646e+00
1.7522467244405717e+00 -4.9682461464412396e-07 5.0000144142169685e+00
1.7330970694174623e+00 -4.8749558643766835e-07 5.0000107677511387e+00
1.7181095781429783e+00 -6.8443858957415268e-07 5.0000108913280812e+00
1.7075156957591524e+00 -1.1045744778871940e-06 5.0000144268405968e+00
1.7014795287729412e+00 -4.7562819757698863e-07 5.0000053440537577e+00
1.7001096697863953e+00 -3.8248412546325238e-07 5.0000054448741675e+00
1.7034258391581234e+00 5.5829467228861617e-07 4.9999949620088380e+00
1.7113724129815271e+00 6.1760630629469158e-07 4.9999893952566339e+00
1.7238150669932135e+00 8.1791315234246865e-07 4.9999745481766196e+00
1.7405650359135163e+00 7.6477882540783622e-07 4.9999721440935252e+00
1.7613609902367622e+00 1.4287490025132753e-06 4.9999699055591886e+00
1.7858750844299252e+00 3.8713303076127653e-06 4.9999450113709001e+00
1.8137326436333090e+00 5.9697472354711656e-06 4.9999241740427181e+00
1.8444968057022060e+00 8.1207662125018273e-06 4.9999006007989220e+00
1.8776864438321206e+00 1.0581224710751411e-05 4.9998728843368383e+00
1.9127854819593553e+00 1.2764896376509890e-05 4.9998492560335874e+00
1.9492449029488852e+00 1.4888944568777512e-05 4.9998256205744802e+00
1.9864976674836259e+00 1.6462982373866244e-05 4.9998088729223715e+00
2.0239615736015577e+00 1.7671209799750757e-05 4.9997962485888463e+00
2.0610506827234611e+00 1.9012994203882337e-05 4.9997837515577288e+00
2.0971859056907691e+00 2.0162379777023988e-05 4.9997708561904997e+00
2.1318037097421203e+00 2.1243826444239883e-05 4.9997589386038577e+00
2.1643648290938935e+00 2.2135146656292800e-05 4.9997510728507866e+00
2.1943582911857145e+00 2.2806387666741639e-05 4.9997384945978851e+00
2.2213194114830777e+00 2.3507523042758783e-05 4.9997318088636398e+00
2.2448255639893944e+00 2.4009984043839252e-05 4.9997250017530890e+00
2.2645113825278838e+00 2.4139229544494053e-05 4.9997217155705238e+00
2.2800694826048558e+00 2.4031729465784500e-05 4.9997200786694904e+00
2.2912577034772896e+00 2.4100128295407599e-05 4.9997210868768978e+00
2.2978993739888751e+00 2.3744059797851849e-05 4.9997198420825635e+00
2.2998917508719221e+00 2.3894458765557436e-05 4.9997222182269354e+00
2.2972012913125281e+00 2.3535869979735825e-05 4.9997214845568934e+00
2.2898726665509721e+00 2.3531439403776469e-05 4.9997244635530889e+00
2.2780179530374807e+00 2.3007507425604300e-05 4.9997214787300877e+00
2.2618259041859470e+00 2.2689203305550162e-05 4.9997228382843133e+00
2.2415477502090115e+00 2.2452219818863522e-05 4.9997251362655675e+00
2.2174992224849115e+00 2.2213563388698868e-05 4.9997273859632019e+00
2.1900566708885711e+00 2.2145058249735495e-05 4.9997335269245822e+00
2.1596465043510693e+00 2.1789663916196062e-05 4.9997380804385259e+00
2.1267435342605236e+00 2.1635320457364982e-05 4.9997416037061360e+00
2.0918620848427798e+00 2.1421433191163842e-05 4.9997467016281405e+00
2.0555456134557271e+00 2.1064615366619867e-05 4.9997505917544682e+00
2.0183606965161651e+00 2.1007098096585441e-05 4.9997526976555102e+00
1.9808882466851883e+00 2.0800548994699118e-05 4.9997545269258676e+00
1.9437144184011168e+00 2.0642667214045959e-05 4.9997595615901602e+00
1.9074177084982573e+00 2.0745699451556179e-05 4.9997621088656938e+00
1.8725643329323296e+00 2.0864994651144257e-05 4.9997650651176961e+00
1.8396971363109109e+00 2.0800996157671546e-05 4.9997679410458655e+00
1.8093317261012916e+00 2.0880726295652187e-05 4.9997687354833085e+00
1.7819493895376903e+00 2.0900111336497858e-05 4.9997680354818854e+00
1.7579742883591503e+00 2.0942949874915344e-05 4.9997651676612698e+00
1.7377518593089660e+00 2.0657844900691916e-05 4.9997662865092423e+00
1.7215591401902128e+00 2.0293752293741225e-05 4.9997620418859974e+00
1.7097204455400776e+00 1.9337245320670826e-05 4.9997720490534681e+00
1.7026002024400708e+00 1.9567050600883520e-05 4.9997665739390582e+00
1.7003691589536665e+00 1.9297599175592156e-05 4.9997768916924556e+00
1.7026127460851030e+00 1.9481877408785338e-05 4.9997699454553644e+00
1.7089228985579206e+00 1.9009114036869249e-05 4.9997776705147414e+00
1.7196798935055426e+00 1.8693206747596208e-05 4.9997673227790225e+00
1.7374160456389032e+00 1.8230129389380202e-05 4.9997765682157365e+00
1.7655125669644771e+00 1.8357947829001989e-05 4.9997775397725661e+00
1.8002524685409766e+00 1.8623632779962866e-05 4.9997861968612440e+00
1.8310240911009226e+00 1.8854314116391843e-05 4.9997830363741080e+00
1.8461340540192048e+00 1.8167060963792629e-05 4.9997889550366104e+00
1.8507987234194556e+00 1.8194760148368071e-05 4.9997888177532133e+00
1.8518139283659560e+00 1.7663120438989809e-05 4.9997952526146676e+00
