0.0000000000000000e+00 1.7247418887215731e+00
3.4641017113627904e-04 1.7136734919289274e+00
6.3478028495105975e-04 1.7086957236934446e+00
8.8853344403036082e-04 1.7061192934499503e+00
1.1253765688305970e-03 1.7040924519908274e+00
1.3541372187585695e-03 1.7002694246689991e+00
1.5777088501408240e-03 1.6966884482173106e+00
1.7983660266924365e-03 1.6936132481213158e+00
2.0146727057305885e-03 1.6900100609621611e+00
2.2288299989485683e-03 1.6861391235477903e+00
2.4420735799719471e-03 1.6831199103398176e+00
2.6536695883981436e-03 1.6800109782840629e+00
2.8640082884153653e-03 1.6769576566645410e+00
3.0746864972943234e-03 1.6739838008975396e+00
3.2849036794484589e-03 1.6707337913351279e+00
3.4932237523619364e-03 1.6675501596906093e+00
3.7013500821028340e-03 1.6642847198859927e+00
3.9099274287854816e-03 1.6609249495613010e+00
4.1169530452224564e-03 1.6573347704542696e+00
4.3239862207805867e-03 1.6540138357899921e+00
4.5303998874744334e-03 1.6503368638517573e+00
4.7365931099106490e-03 1.6469545499389264e+00
4.9426564708047191e-03 1.6435073107681322e+00
5.1483480030461394e-03 1.6396515018786448e+00
5.3542035635759039e-03 1.6361347493848306e+00
5.5595802758730186e-03 1.6320940286020127e+00
5.7648078903106085e-03 1.6285431326755595e+00
5.9700043849452485e-03 1.6247874665674142e+00
6.1749141710341522e-03 1.6211872584680522e+00
6.3798054084452634e-03 1.6175233528252502e+00
6.5848998754685761e-03 1.6137823365127877e+00
6.7894855524270655e-03 1.6102302496462160e+00
6.9941360358912992e-03 1.6063929287541405e+00
7.1985155087409139e-03 1.6029436967675557e+00
7.4028716007373619e-03 1.5991921097309103e+00
7.6071540433083756e-03 1.5957163311294720e+00
7.8112855418564307e-03 1.5922091196282961e+00
8.0154911186203753e-03 1.5885812987892374e+00
8.2195031233450195e-03 1.5852593191224160e+00
8.4234696521879281e-03 1.5817157275479878e+00
8.6274369328253313e-03 1.5783343382145851e+00
8.8312592159856783e-03 1.5750237445636313e+00
9.0351273768464052e-03 1.5715460723744727e+00
9.2388800797615685e-03 1.5683850964396304e+00
9.4425807246297979e-03 1.5649870771546941e+00
9.6463169944864448e-03 1.5616949415496157e+00
9.8499217103465899e-03 1.5585161447011293e+00
1.0053679145018698e-02 1.5551270293432367e+00
1.0257234541689222e-02 1.5520476030040926e+00
1.0460741259931169e-02 1.5487508651687569e+00
1.0664293116415308e-02 1.5455681181022958e+00
1.0867731023909706e-02 1.5424101598931292e+00
1.1071182119348568e-02 1.5391961043450098e+00
1.1274590375868246e-02 1.5360946819480079e+00
1.1477954649071059e-02 1.5328862481383456e+00
1.1681370381789716e-02 1.5298098344370319e+00
1.1884935414130127e-02 1.5266109665624068e+00
1.2088256013857093e-02 1.5235433158956757e+00
1.2291553075023130e-02 1.5204119755982577e+00
1.2494808386477695e-02 1.5172673003625008e+00
1.2698106029210890e-02 1.5142646239100219e+00
1.2901324460505396e-02 1.5110775005688457e+00
1.3104538755359090e-02 1.5081175059614333e+00
1.3307754045324888e-02 1.5050299715110540e+00
1.3510923741141599e-02 1.5019387803745265e+00
1.3714114855582337e-02 1.4989789955936526e+00
1.3917267226147936e-02 1.4958368008179319e+00
1.4120403646519541e-02 1.4928804744488871e+00
1.4323561100346997e-02 1.4898838096259235e+00
1.4526667322807210e-02 1.4868211960980522e+00
1.4729773385710819e-02 1.4838856878665854e+00
1.4932877516286476e-02 1.4808350480897630e+00
1.5135949390413144e-02 1.4778715007858700e+00
1.5339032686220631e-02 1.4749634328630838e+00
1.5542097328472894e-02 1.4719019099412347e+00
1.5745138176868703e-02 1.4689755158202891e+00
1.5948199122174201e-02 1.4660307704225475e+00
1.6151222108154721e-02 1.4630684558114291e+00
1.6354228553867013e-02 1.4602335628486138e+00
1.6557251980632480e-02 1.4572209830136893e+00
1.6760233640750508e-02 1.4543016632627603e+00
1.6963205625948493e-02 1.4513834287785694e+00
1.7166188673784988e-02 1.4484564314014123e+00
1.7369132642002547e-02 1.4456597928844626e+00
1.7572070759793907e-02 1.4426763538233451e+00
1.7775012836644680e-02 1.4398218924056589e+00
1.7977916238533096e-02 1.4368962545716737e+00
1.8180811799093779e-02 1.4340463072666858e+00
1.8383709661888115e-02 1.4312687945533371e+00
1.8586578611257020e-02 1.4283193722245549e+00
1.8789444819379487e-02 1.4255529138580156e+00
1.8992302384616060e-02 1.4226381963312127e+00
1.9195136588221213e-02 1.4198176857150275e+00
1.9397986669145481e-02 1.4170641666337582e+00
1.9600803976387651e-02 1.4141454118047441e+00
1.9803604965151305e-02 1.4114478458299033e+00
2.0006436228274853e-02 1.4085796117373091e+00
2.0209232193509685e-02 1.4057781580830848e+00
2.0412026351214241e-02 1.4031034795604387e+00
2.0614824167937921e-02 1.4002283947365508e+00
2.0817598565485602e-02 1.3975767643832726e+00
2.1020390486800378e-02 1.3947750589481158e+00
2.1223159041690181e-02 1.3920075368534306e+00
2.1425919043396181e-02 1.3893948047123614e+00
2.1628697424266475e-02 1.3866052928822747e+00
2.1831447706414108e-02 1.3839341689554212e+00
2.2034209276589278e-02 1.3812206456343190e+00
2.2236955803146042e-02 1.3784952029937101e+00
2.2439691782977261e-02 1.3758827884618603e+00
2.2642450020737857e-02 1.3731506703727250e+00
2.2845178897548158e-02 1.3704653450473747e+00
2.3047913745453671e-02 1.3677897558895180e+00
2.3250653428116382e-02 1.3651094949742435e+00
2.3453380152848934e-02 1.3624637740111640e+00
2.3656125388122687e-02 1.3598040262852087e+00
2.3858841644640073e-02 1.3571585979638143e+00
2.4061561964893449e-02 1.3544955415650444e+00
2.4264293794692651e-02 1.3518503065682757e+00
2.4467009556219881e-02 1.3491967304816046e+00
2.4669741593322279e-02 1.3465703899286108e+00
2.4872457750943315e-02 1.3439610281634997e+00
2.5075169675205313e-02 1.3413018655410482e+00
2.5277901144050340e-02 1.3386827434827520e+00
2.5480610792696902e-02 1.3360655888458308e+00
2.5683326138351920e-02 1.3334547891406108e+00
2.5886040035140903e-02 1.3308635289683282e+00
2.6088744977447609e-02 1.3282306265289572e+00
2.6291464085413472e-02 1.3256106030639832e+00
2.6494163029128048e-02 1.3230221196331982e+00
2.6696861230328217e-02 1.3204178745802790e+00
2.6899573925556607e-02 1.3178443601431875e+00
2.7102270556654276e-02 1.3152647468335443e+00
2.7304971175300691e-02 1.3126500215358821e+00
2.7507670546585025e-02 1.3100866275018206e+00
2.7710361061848158e-02 1.3075121908259484e+00
2.7913061337641772e-02 1.3049465582268156e+00
2.8115752727990457e-02 1.3023984303976328e+00
2.8318441101595138e-02 1.2997680068164756e+00
2.8521142232674157e-02 1.2972184137966960e+00
2.8723828844241652e-02 1.2946779736881036e+00
2.8926515649676975e-02 1.2921195530302940e+00
2.9129210019276493e-02 1.2895992050873100e+00
2.9331892182574842e-02 1.2869749888006734e+00
2.9534576633644914e-02 1.2844392701053786e+00
2.9737269133429015e-02 1.2819191448722418e+00
2.9939952373998446e-02 1.2793430130834968e+00
3.0142638344994747e-02 1.2768418036258335e+00
3.0345324756495411e-02 1.2742183947295578e+00
3.0548004463758084e-02 1.2717074506850783e+00
3.0750686640604201e-02 1.2692190462946116e+00
3.0953369986157640e-02 1.2666286735097947e+00
3.1156048199857993e-02 1.2641624946930505e+00
3.1358728271396324e-02 1.2615546580375616e+00
3.1561404649663637e-02 1.2590331787588223e+00
3.1764075786870662e-02 1.2565729953563771e+00
3.1966749148590635e-02 1.2539714550604251e+00
3.2169423687366590e-02 1.2515296853542486e+00
3.2372091959511032e-02 1.2489511975833902e+00
3.2574763005229913e-02 1.2464067631353315e+00
3.2777430746277855e-02 1.2439885400457433e+00
3.2980092361325146e-02 1.2413968419694177e+00
3.3182758422363678e-02 1.2389428576841213e+00
3.3385419254296139e-02 1.2363962372932309e+00
3.3588075345104572e-02 1.2338328142112223e+00
3.3790743815788914e-02 1.2314422050576992e+00
3.3993397884904471e-02 1.2288776360151064e+00
3.4196049142526358e-02 1.2263944877282782e+00
3.4398707853499140e-02 1.2238901643563793e+00
3.4601353395276507e-02 1.2213371192078697e+00
3.4803998189374893e-02 1.2189368569395460e+00
3.5006649370573420e-02 1.2164017276589594e+00
3.5209288809544589e-02 1.2139081616410790e+00
3.5411929351473040e-02 1.2114644382439668e+00
3.5614574320803498e-02 1.2089272855579558e+00
3.5817210478414796e-02 1.2064891530760662e+00
3.6019850459635384e-02 1.2039379141640625e+00
3.6222487704755384e-02 1.2014368425193203e+00
3.6425120749733725e-02 1.1989787888869983e+00
3.6627761760137309e-02 1.1964371756994168e+00
3.6830388616232751e-02 1.1939734587530677e+00
3.7033014470951482e-02 1.1914272925409162e+00
3.7235648552205430e-02 1.1889343334681357e+00
3.7438302869719796e-02 1.1864481047190676e+00
3.7640927418179905e-02 1.1839049126438899e+00
3.7843550825794943e-02 1.1814394084268918e+00
3.8046165437089344e-02 1.1788851119746306e+00
3.8248785751631348e-02 1.1763856876390275e+00
3.8451404801377584e-02 1.1738853929918942e+00
3.8654017942124710e-02 1.1713430451823366e+00
3.8856639071082326e-02 1.1688867257509050e+00
3.9059253238025747e-02 1.1663144070691971e+00
3.9261864579448601e-02 1.1638078081981009e+00
3.9464484376743290e-02 1.1613143233578442e+00
3.9667095498357473e-02 1.1587651347740038e+00
3.9869707716089414e-02 1.1563096623263787e+00
4.0072323162804124e-02 1.1537206323777378e+00
4.0274929993426099e-02 1.1512045702964302e+00
4.0477539817733936e-02 1.1487291422052557e+00
4.0680155298336115e-02 1.1461584577845336e+00
4.0882765540482396e-02 1.1437029262695471e+00
4.1085378342385841e-02 1.1411157788498558e+00
4.1287987118454467e-02 1.1385907600818055e+00
4.1490593319776843e-02 1.1361248906089914e+00
4.1693202563645018e-02 1.1335241392003770e+00
4.1895810750718611e-02 1.1310670964972553e+00
4.2098418463979367e-02 1.1284941573398299e+00
4.2301029358670292e-02 1.1259402887265630e+00
4.2503646251521768e-02 1.1234769054999567e+00
4.2706251605877571e-02 1.1208635362245898e+00
4.2908859228045493e-02 1.1184017391424352e+00
4.3111463148831443e-02 1.1158738832136577e+00
4.3314068100986987e-02 1.1132754566377518e+00
4.3516672410910250e-02 1.1107995678596736e+00
4.3719274508936562e-02 1.1081590177020539e+00
4.3921877030475343e-02 1.1056673319008985e+00
4.4124481309427137e-02 1.1031420065577688e+00
4.4327083018206391e-02 1.1004981827489906e+00
4.4529684880539121e-02 1.0980071953408201e+00
4.4732287351793347e-02 1.0953649606237026e+00
4.4934886475003516e-02 1.0928172679399917e+00
4.5137485129240269e-02 1.0902856474722895e+00
4.5340086949905316e-02 1.0876098282923992e+00
4.5542679902182991e-02 1.0850994708348858e+00
4.5745277192216077e-02 1.0824559029389114e+00
4.5947877010045254e-02 1.0798577237657498e+00
4.6150485994432881e-02 1.0773216443450453e+00
4.6353085043303155e-02 1.0746358315148361e+00
4.6555670345278945e-02 1.0720997736009739e+00
4.6758269266555776e-02 1.0694585654903519e+00
4.6960865897971722e-02 1.0668157160980880e+00
4.7163449834843808e-02 1.0642737959021402e+00
4.7366047610596630e-02 1.0615881908247464e+00
4.7568625087321618e-02 1.0590319515560813e+00
4.7771224890276943e-02 1.0564006518960820e+00
4.7973820517477062e-02 1.0537340806114672e+00
4.8176392733918355e-02 1.0511888508181546e+00
4.8378991869889580e-02 1.0485122174346582e+00
4.8581563946724762e-02 1.0459347737166698e+00
4.8784158141919443e-02 1.0433167880168328e+00
4.8986754080641140e-02 1.0406423509668405e+00
4.9189317149075103e-02 1.0380888266304609e+00
4.9391910529757083e-02 1.0354283173979852e+00
4.9594481592422301e-02 1.0328386747230776e+00
4.9797061930972830e-02 1.0302621967210945e+00
4.9999654493785295e-02 1.0275919660031894e+00
5.0202206779406740e-02 1.0250463969240216e+00
5.0404794269464287e-02 1.0223793854336105e+00
5.0607362072587730e-02 1.0197807888520469e+00
5.0809929070845958e-02 1.0172147499503206e+00
5.1012515845383605e-02 1.0145478636262777e+00
5.1215061306895612e-02 1.0119997620152066e+00
5.1417649137459304e-02 1.0093441050664276e+00
5.1620215534385457e-02 1.0067364430096195e+00
5.1822769192804506e-02 1.0041765116557877e+00
5.2025353382235962e-02 1.0015167322638021e+00
5.2227939413919525e-02 9.9896621835619637e-01
5.2430522608000595e-02 9.9632674480379479e-01
5.2633093058593310e-02 9.9371392985698259e-01
5.2835628918964143e-02 9.9116565819723335e-01
5.3038223567710131e-02 9.8851907246505932e-01
5.3240761032542001e-02 9.8596962959617807e-01
5.3443326265725170e-02 9.8335098241580521e-01
5.3645902558511697e-02 9.8074423008937606e-01
5.3848429735717476e-02 9.7819932044449620e-01
5.4051017367906309e-02 9.7557498248633745e-01
5.4253553669546310e-02 9.7303264804493217e-01
5.4456103423594922e-02 9.7043608823433214e-01
5.4658684212636074e-02 9.6784448192541483e-01
5.4861204948822850e-02 9.6531546438127158e-01
5.5063785910866608e-02 9.6270017559336540e-01
5.5266324498455331e-02 9.6016860489528544e-01
5.5468857636632868e-02 9.5761989699888639e-01
5.5671438830929572e-02 9.5505176850877804e-01
5.5873949910844149e-02 9.5255272167967364e-01
5.6076515798230163e-02 9.4996735149028266e-01
5.6279097159060501e-02 9.4744600573319715e-01
5.6481617316101407e-02 9.4491998965611534e-01
5.6684195704281758e-02 9.4237057499759913e-01
5.6886702695927813e-02 9.3988557099608805e-01
5.7089250838747815e-02 9.3732282991456484e-01
5.7291791983976360e-02 9.3481367820823269e-01
5.7494300320922884e-02 9.3231176000082705e-01
5.7696878961891407e-02 9.2978228943758789e-01
5.7899385208931009e-02 9.2731192043631161e-01
5.8101916999107196e-02 9.2477576887859214e-01
5.8304466204267422e-02 9.2228098391055868e-01
5.8506967421885103e-02 9.1980797452200158e-01
5.8709540242219485e-02 9.1730391668764810e-01
5.8912049625047300e-02 9.1484685938685384e-01
5.9114564491168552e-02 9.1233448797822259e-01
5.9317123401013402e-02 9.0985964101686201e-01
5.9519617915722640e-02 9.0740302797584516e-01
5.9722170615116449e-02 9.0491537636077235e-01
5.9924683244241467e-02 9.0248038670406028e-01
6.0127187771314365e-02 9.0001663817118926e-01
6.0329750386809718e-02 8.9756783401634743e-01
6.0532238839466672e-02 8.9514647110640932e-01
6.0734775091773524e-02 8.9268984107925076e-01
6.0937290923642071e-02 8.9026309883328847e-01
6.1139786575381209e-02 8.8782437588516727e-01
6.1342358482239248e-02 8.8539590777012267e-01
6.1544843942884085e-02 8.8299508897344003e-01
6.1747363855604677e-02 8.8055807637152950e-01
6.1949885615057383e-02 8.7813195821763479e-01
6.2152372586525659e-02 8.7572021799850885e-01
6.2354939649063940e-02 8.7331158734159087e-01
6.2557425463174055e-02 8.7091728867186069e-01
6.2759930348319434e-02 8.6849361756563781e-01
6.2962491420693434e-02 8.6606588810419638e-01
6.3164972860014851e-02 8.6366358138069044e-01
6.3367521488022327e-02 8.6127528296485956e-01
6.3570010038097730e-02 8.5887279257987892e-01
6.3772501452990613e-02 8.5646645771751106e-01
6.3975042049064151e-02 8.5404818159033813e-01
6.4177519023495694e-02 8.5166219597649118e-01
6.4380047834244294e-02 8.4928844783509794e-01
6.4582541536740132e-02 8.4687362794399135e-01
6.4785024096402688e-02 8.4450445856644463e-01
6.4987569869613002e-02 8.4211530347401187e-01
6.5190041955026992e-02 8.3973458874495122e-01
6.5392554641905742e-02 8.3738188766621924e-01
6.5595052399119239e-02 8.3496343253175753e-01
6.5797526603946610e-02 8.3260910445224845e-01
6.6000083700293935e-02 8.3024874953383254e-01
6.6202554930715210e-02 8.2784685459985508e-01
6.6405052823950012e-02 8.2550826103182018e-01
6.6607558349475890e-02 8.2309765434878701e-01
6.6810027122265553e-02 8.2074182309313093e-01
6.7012566336914686e-02 8.1840680064425153e-01
6.7215038795617466e-02 8.1598458606377722e-01
6.7417522443066133e-02 8.1365502787654009e-01
6.7620037221769375e-02 8.1126716179160485e-01
6.7822500527144045e-02 8.0887518574200246e-01
6.8025021968221341e-02 8.0656359745728856e-01
6.8227498373732792e-02 8.0414246207791740e-01
6.8429971962986030e-02 8.0183043820701416e-01
6.8632493016361054e-02 7.9947376008660942e-01
6.8834952650828937e-02 7.9705850820298341e-01
6.9037459040139110e-02 7.9476679375671644e-01
6.9239937499694121e-02 7.9236725399397123e-01
6.9442402395230293e-02 7.9003064767817022e-01
6.9644957840373820e-02 7.8770123442073325e-01
6.9847416388692837e-02 7.8527550877662866e-01
7.0049908858018650e-02 7.8299364027695739e-01
7.0252391929618907e-02 7.8061961780524869e-01
7.0454849192417027e-02 7.7824428144565339e-01
7.0657383298858484e-02 7.7594165288284400e-01
7.0859892869528082e-02 7.7352735479901780e-01
7.1062371916040548e-02 7.7122441942292608e-01
7.1264862233901910e-02 7.6887087069316074e-01
7.1467314196112977e-02 7.6647331550950282e-01
7.1669828529072138e-02 7.6418727376508611e-01
7.1872289621979196e-02 7.6179787615052763e-01
7.2074757372485296e-02 7.5946392531221618e-01
7.2277257293453995e-02 7.5713723753209661e-01
7.2479706444186914e-02 7.5473897538316492e-01
7.2682206697657792e-02 7.5244343817480919e-01
7.2884671493010367e-02 7.5007493729458519e-01
7.3087130400920061e-02 7.4773146808674784e-01
7.3289637448788747e-02 7.4542516378235457e-01
7.3492083274574432e-02 7.4304561308412920e-01
7.3694569028982762e-02 7.4072608329110268e-01
7.3897036803684382e-02 7.3838374259353323e-01
7.4099487741231249e-02 7.3604475225563104e-01
7.4302005034262264e-02 7.3373365190323625e-01
7.4504502069577927e-02 7.3136426831957990e-01
7.4707026420469377e-02 7.2903989583536788e-01
7.4909499761233941e-02 7.2671706088696830e-01
7.5111990440302243e-02 7.2438667548423863e-01
7.5314503815716319e-02 7.2205032871440156e-01
7.5516951411883942e-02 7.1969558438023529e-01
7.5719413794808774e-02 7.1738371030087300e-01
7.5921893829535833e-02 7.1504844708533366e-01
7.6124334496042917e-02 7.1271607806157322e-01
7.6326830648494853e-02 7.1036881351441228e-01
7.6529281624574230e-02 7.0802179817608291e-01
7.6731735116275152e-02 7.0571958183609473e-01
7.6934223502780272e-02 7.0335512081978890e-01
7.7136661445703983e-02 7.0101835318767713e-01
7.7339144528093276e-02 6.9867924086192812e-01
7.7541599294375430e-02 6.9631245095089145e-01
7.7744045843337981e-02 6.9401866713149796e-01
7.7946540261043695e-02 6.9164423595518776e-01
7.8148974809446797e-02 6.8930790274314768e-01
7.8351482549801815e-02 6.8699125849944154e-01
7.8553941591986753e-02 6.8459818560054964e-01
7.8756382005690129e-02 6.8231135591827363e-01
7.8958886590758656e-02 6.7994950500840012e-01
7.9161385191916289e-02 6.7758313509446932e-01
7.9363842611001573e-02 6.7527754986651733e-01
7.9566306514242416e-02 6.7287454522960932e-01
7.9768741361905038e-02 6.7058377858413321e-01
7.9971238841727327e-02 6.6823709787148977e-01
8.0173675416560036e-02 6.6583424857509921e-01
8.0376123474167907e-02 6.6354562750059032e-01
8.0578593716082600e-02 6.6115653615872783e-01
8.0781070645190703e-02 6.5883153802746575e-01
8.0983552838688563e-02 6.5649742342049466e-01
8.1185992325826281e-02 6.5407745571965392e-01
8.1388432419016915e-02 6.5179402940133591e-01
8.1590911143532174e-02 6.4942181636619734e-01
8.1793340139164186e-02 6.4705475363647758e-01
8.1995810163566704e-02 6.4474114029944984e-01
8.2198254726138772e-02 6.4233496978493965e-01
8.2400730517446133e-02 6.4004060478520253e-01
8.2603215356707449e-02 6.3768641431342354e-01
8.2805642240598221e-02 6.3529760750865294e-01
8.3008099074294781e-02 6.3299982949792388e-01
8.3210547695682660e-02 6.3061179494424546e-01
8.3412977579114020e-02 6.2828815387187875e-01
8.3615470838770370e-02 6.2595606595730380e-01
8.3817897222643961e-02 6.2357151271463795e-01
8.4020343816652368e-02 6.2126406836300363e-01
8.4222797482843059e-02 6.1889139225117196e-01
8.4425268858571517e-02 6.1654962831184990e-01
8.4627766552392431e-02 6.1423698465828525e-01
8.4830193897538084e-02 6.1186283242340522e-01
8.5032631739721726e-02 6.0953230055840146e-01
8.5235092201964360e-02 6.0717813568253387e-01
8.5437515232206690e-02 6.0483849479323770e-01
8.5639987001220289e-02 6.0252079342020204e-01
8.5842417173108365e-02 6.0015488780631354e-01
8.6044848315022404e-02 5.9780739476364020e-01
8.6247316359954834e-02 5.9547028918575629e-01
8.6449738193671952e-02 5.9313674950713213e-01
8.6652197844407350e-02 5.9079064966471917e-01
8.6854773573135868e-02 5.8843697863920308e-01
8.7057198819796039e-02 5.8609920329381082e-01
8.7259673113434966e-02 5.8376321642406093e-01
8.7462093215864095e-02 5.8143836500854007e-01
8.7664542530326156e-02 5.7907496150494642e-01
8.7866979149431507e-02 5.7673701927176502e-01
8.8069399330852879e-02 5.7441854327156594e-01
8.8271882561373957e-02 5.7206526456504103e-01
8.8474458341439258e-02 5.6975062426625667e-01
8.8676898760396944e-02 5.6739484236921489e-01
8.8879341574203283e-02 5.6505565018938464e-01
8.9081759652337875e-02 5.6275363783682053e-01
8.9284227676891106e-02 5.6038195873113195e-01
8.9486649131974419e-02 5.5807873382038198e-01
8.9689082235118109e-02 5.5574175681544968e-01
8.9891531329319957e-02 5.5337836351653802e-01
9.0093947638546723e-02 5.5109099871229594e-01
9.0296407787382654e-02 5.4871940137679132e-01
9.0498830070921382e-02 5.4641354609471926e-01
9.0701255553608917e-02 5.4409364099706470e-01
9.0903740968172497e-02 5.4170772610671203e-01
9.1106226101179383e-02 5.3943774588052973e-01
9.1308679583421329e-02 5.3708255082357881e-01
9.1511103620059916e-02 5.3474881992073364e-01
9.1713523089698906e-02 5.3244960913426109e-01
9.1915985385385784e-02 5.3006369328379177e-01
9.2118399247439628e-02 5.2780271073601281e-01
9.2320843929473276e-02 5.2546988046011556e-01
9.2523270853819520e-02 5.2310654564608949e-01
9.2725685826199722e-02 5.2082915298173704e-01
9.2928143569133953e-02 5.1845929362307841e-01
9.3130557638054931e-02 5.1617721818518136e-01
9.3332994603143760e-02 5.1386029397124067e-01
9.3535425742511391e-02 5.1148176068319429e-01
9.3737837621435935e-02 5.0921709791454206e-01
9.3940292910244846e-02 5.0686496615646048e-01
9.4142707547519300e-02 5.0455028053404261e-01
9.4345137192889658e-02 5.0225502972413094e-01
9.4547573508960259e-02 4.9988665191338089e-01
9.4750048256839081e-02 4.9760850900701886e-01
9.4952498382675235e-02 4.9527372187760843e-01
9.5154913857725690e-02 4.9293985852528444e-01
9.5357336888387365e-02 4.9065932397362727e-01
9.5559778630777692e-02 4.8830911304069141e-01
9.5762185892392840e-02 4.8600850251274236e-01
9.5964624590710548e-02 4.8369767147466597e-01
9.6167042579829401e-02 4.8136914256901342e-01
9.6369460610253824e-02 4.7908009180056332e-01
9.6571910088038726e-02 4.7674295938442857e-01
9.6774317704531224e-02 4.7442885869599638e-01
9.6976757194398272e-02 4.7213430571687187e-01
9.7179178093879340e-02 4.6981735271472441e-01
9.7381592169646258e-02 4.6750303613204702e-01
9.7584038818173000e-02 4.6518103947911993e-01
9.7786446861171938e-02 4.6287833251981819e-01
9.7988881565602093e-02 4.6057853499778495e-01
9.8191305354288855e-02 4.5826879945669202e-01
9.8393715688628910e-02 4.5593852267923668e-01
9.8596156747189162e-02 4.5362975310073439e-01
9.8798565181371936e-02 4.5134267199575751e-01
9.9000993216808636e-02 4.4901807487079770e-01
9.9203420436709280e-02 4.4672489102353130e-01
9.9405827203278022e-02 4.4440497283998759e-01
9.9608260296918286e-02 4.4209398896358709e-01
9.9810670271790594e-02 4.3982415450385803e-01
1.0001309288235594e-01 4.3748142819836344e-01
1.0021552477630440e-01 4.3519908135484775e-01
1.0041792918259906e-01 4.3290039618404857e-01
1.0062035945633020e-01 4.3056210950821189e-01
1.0082277160683939e-01 4.2830777923322233e-01
1.0102518943045520e-01 4.2597051303585193e-01
1.0122762754220278e-01 4.2367926776960008e-01
1.0143003114924466e-01 4.2139838121704615e-01
1.0163245932944652e-01 4.1903851073588999e-01
1.0183487470538811e-01 4.1679668694815258e-01
1.0203728916124792e-01 4.1447784056364195e-01
1.0223972159341724e-01 4.1215226803651889e-01
1.0244212475582054e-01 4.0989205717453325e-01
1.0264455873315317e-01 4.0753546914818972e-01
1.0284697683553197e-01 4.0529195545813823e-01
1.0304938736091153e-01 4.0299130926289067e-01
1.0325181488580365e-01 4.0063777150496743e-01
1.0345421866837981e-01 3.9839706244937739e-01
1.0365664684422955e-01 3.9606120721769211e-01
1.0385906891773118e-01 3.9378655000337792e-01
1.0406147703574521e-01 3.9150648129514493e-01
1.0426389982533539e-01 3.8914974099097005e-01
1.0446630458831839e-01 3.8691354590110832e-01
1.0466883138235766e-01 3.8459513548381208e-01
1.0487125879406599e-01 3.8228831469004260e-01
1.0507366556369815e-01 3.8002795184332022e-01
1.0527608587212406e-01 3.7768383982845238e-01
1.0547849402292485e-01 3.7542419921694214e-01
1.0568091380494737e-01 3.7312603298160696e-01
1.0588333487136027e-01 3.7080621933251812e-01
1.0608574058013252e-01 3.6855336416113182e-01
1.0628816632845521e-01 3.6622547057993537e-01
1.0649057780444306e-01 3.6394359759302181e-01
1.0669299459942605e-01 3.6166531308256178e-01
1.0689541065852395e-01 3.5935329928987275e-01
1.0709781579619436e-01 3.5707729842818725e-01
1.0730023992063459e-01 3.5476330250307186e-01
1.0750265505195461e-01 3.5247552441827967e-01
1.0770506938060384e-01 3.5020580625719760e-01
1.0790748417711947e-01 3.4790329608113113e-01
1.0810988919905611e-01 3.4560158236159388e-01
1.0831231696541027e-01 3.4330673214593749e-01
1.0851473664642661e-01 3.4103453761670532e-01
1.0871714952959034e-01 3.3874654720071629e-01
1.0891956239198326e-01 3.3645547271652876e-01
1.0912196849539418e-01 3.3414907371411146e-01
1.0932439827330673e-01 3.3186298014761423e-01
1.0952681881538201e-01 3.2960333929377195e-01
1.0972923060874583e-01 3.2728960889443903e-01
1.0993164836771013e-01 3.2501249873575916e-01
1.1013405652454249e-01 3.2272333301176542e-01
1.1033648244250790e-01 3.2041733734459521e-01
1.1053889670037063e-01 3.1817026740768456e-01
1.1074130802371084e-01 3.1584554768979328e-01
1.1094372527400652e-01 3.1357376424610600e-01
1.1114613636291847e-01 3.1130801597526564e-01
1.1134855921990215e-01 3.0897492264339754e-01
1.1155097298973843e-01 3.0674109707737657e-01
1.1175338449718210e-01 3.0443169844893114e-01
1.1195580232344352e-01 3.0213641807441227e-01
1.1215821736437495e-01 2.9988809746574557e-01
1.1236063828956583e-01 2.9754477494340392e-01
1.1256304984728742e-01 2.9531449230753620e-01
1.1276546205490705e-01 2.9302214864840403e-01
1.1296788509181678e-01 2.9069142318535401e-01
1.1317030494081337e-01 2.8846267411966209e-01
1.1337272503544094e-01 2.8613334825725961e-01
1.1357513011340101e-01 2.8387966734381398e-01
1.1377754411378226e-01 2.8160444614987962e-01
1.1397996858131178e-01 2.7925587898340681e-01
1.1418238155064979e-01 2.7703618339160430e-01
1.1438480091505869e-01 2.7472579352359205e-01
1.1458721130647882e-01 2.7243319881000111e-01
1.1478962840775271e-01 2.7017746481795490e-01
1.1499205780777108e-01 2.6783587790874391e-01
1.1519446665084580e-01 2.6559755480501857e-01
1.1539688822255828e-01 2.6330182758631493e-01
1.1559930080348277e-01 2.6098610276702111e-01
1.1580172188006746e-01 2.5874363014342838e-01
1.1600415194059872e-01 2.5641604229388670e-01
1.1620655571583698e-01 2.5414313731740712e-01
1.1640897990091643e-01 2.5186578462461895e-01
1.1661138934588150e-01 2.4955392930173795e-01
1.1681381045647971e-01 2.4729285357654329e-01
1.1701624976687086e-01 2.4497807424105145e-01
1.1721865263125275e-01 2.4268674289620731e-01
1.1742108023127537e-01 2.4041926472819430e-01
1.1762349854743019e-01 2.3811455997003428e-01
1.1782591202561371e-01 2.3582041909994800e-01
1.1802835714840365e-01 2.3352171197447039e-01
1.1823076726244994e-01 2.3123533151988840e-01
1.1843319846693927e-01 2.2894891069510903e-01
1.1863562430537598e-01 2.2665112573122481e-01
1.1883803738933994e-01 2.2433398167609908e-01
1.1904047923589214e-01 2.2204271779653165e-01
1.1924289123224212e-01 2.1976848601923804e-01
1.1944532029568572e-01 2.1744961115632827e-01
1.1964774718808852e-01 2.1516334298131695e-01
1.1985015519605147e-01 2.1285423666190295e-01
1.2005260021839531e-01 2.1054391623199953e-01
1.2025501392697351e-01 2.0827937727571341e-01
1.2045743802055411e-01 2.0593760544640011e-01
1.2065987058598192e-01 2.0365459532022218e-01
1.2086228419850428e-01 2.0135792710830600e-01
1.2106473356477658e-01 1.9900852196914964e-01
1.2126721103941614e-01 1.9675558140221380e-01
1.2146963297936461e-01 1.9441681361409291e-01
1.2167207464398865e-01 1.9210968884487131e-01
1.2187449117009402e-01 1.8982376378504406e-01
1.2207693763853708e-01 1.8744812843367820e-01
1.2227942375095367e-01 1.8519823488016143e-01
1.2248184454194906e-01 1.8286810699518102e-01
1.2268429461286787e-01 1.8051811752568475e-01
1.2288671280382978e-01 1.7824703277148185e-01
1.2308915425413544e-01 1.7587249028288326e-01
1.2329158743927873e-01 1.7359959563928978e-01
1.2349400864594839e-01 1.7127689396388673e-01
1.2369646877028757e-01 1.6889495345988234e-01
1.2389889407362581e-01 1.6662994967317268e-01
1.2410133464134455e-01 1.6426958014836510e-01
1.2430377140404261e-01 1.6195223916642182e-01
1.2450619285581974e-01 1.5964132207525733e-01
1.2470874265416733e-01 1.5725459598934344e-01
1.2491116695926524e-01 1.5497104706902423e-01
1.2511360897310134e-01 1.5261866883595696e-01
1.2531605185232669e-01 1.5026952673638255e-01
1.2551847521889070e-01 1.4796490513447044e-01
1.2572094362009154e-01 1.4558787931690848e-01
1.2592337795130204e-01 1.4326269470119582e-01
1.2612595464433685e-01 1.4092178739991373e-01
1.2632840480696639e-01 1.3856907388571640e-01
1.2653089563849390e-01 1.3624506879857673e-01
1.2673336203310215e-01 1.3387558534856203e-01
1.2693586718697561e-01 1.3151832560425050e-01
1.2713830961324346e-01 1.2918526539186131e-01
1.2734076773440145e-01 1.2684039385141088e-01
1.2754320489920878e-01 1.2447678514430308e-01
1.2774566677903593e-01 1.2211934447094891e-01
1.2794818341275438e-01 1.1975810213386369e-01
1.2815069059813625e-01 1.1740912741706755e-01
1.2835315724446522e-01 1.1507030427426175e-01
1.2855559777283199e-01 1.1267433643217520e-01
1.2875806495389200e-01 1.1032405225740760e-01
1.2896052124406107e-01 1.0797206113557743e-01
1.2916303985741692e-01 1.0558270547738656e-01
1.2936551401226834e-01 1.0325539870419180e-01
1.2956796657906025e-01 1.0085565061679617e-01
1.2977043454427978e-01 9.8491279772862983e-02
1.2997289789221020e-01 9.6148550407938960e-02
1.3017535212559284e-01 9.3728523594029584e-02
1.3037783322169766e-01 9.1410538078552997e-02
1.3058040360068127e-01 8.9019790341301711e-02
1.3078287392436447e-01 8.6619321246313052e-02
1.3098534430514180e-01 8.4291679442254089e-02
1.3118780348879949e-01 8.1868901722448553e-02
1.3139029151407755e-01 7.9539490028612853e-02
1.3159275646091911e-01 7.7163644999498807e-02
1.3179523211480679e-01 7.4735781951256214e-02
1.3199776463940707e-01 7.2420217830988939e-02
1.3220023348404344e-01 7.0010891303394870e-02
1.3240272664536615e-01 6.7648366018652595e-02
1.3260519685500241e-01 6.5291747563039321e-02
1.3280767549620379e-01 6.2862076534185032e-02
1.3301015360183882e-01 6.0543011388075565e-02
1.3321262085572649e-01 5.8150285723465957e-02
1.3341511727491304e-01 5.5758782970974523e-02
1.3361759221613306e-01 5.3420596790695545e-02
1.3382007430725576e-01 5.1008289488675841e-02
1.3402255706334332e-01 4.8660850268704536e-02
1.3422502849560919e-01 4.6286890665953186e-02
1.3442752915578293e-01 4.3896200936653668e-02
1.3463000877235246e-01 4.1559691979180018e-02
1.3483249334114383e-01 3.9167779953341586e-02
1.3503498048204701e-01 3.6794213369633698e-02
1.3523746136146961e-01 3.4438282813488971e-02
1.3543996134336578e-01 3.2068076694151772e-02
1.3564244509250867e-01 2.9707317139021798e-02
1.3584492926606989e-01 2.7336914213892050e-02
1.3604742086768337e-01 2.4961401283728337e-02
1.3624990298771039e-01 2.2608267881900099e-02
1.3645240108943577e-01 2.0261376487988307e-02
1.3665488858238561e-01 1.7873316163256991e-02
1.3685737450170676e-01 1.5523599721560331e-02
1.3705986995326169e-01 1.3165666022471073e-02
1.3726235642024301e-01 1.0789822430560803e-02
1.3746485641020725e-01 8.4691837707587554e-03
1.3766734820978707e-01 6.0776587380502170e-03
1.3786983549865858e-01 3.7380892547950462e-03
1.3807233705387453e-01 1.4020142420329807e-03
1.3827482740879554e-01 -1.0022073899102458e-03
1.3847732535517251e-01 -3.2921710088252188e-03
1.3867981801635143e-01 -5.6642134478011620e-03
1.3888230487303849e-01 -8.0193284813562145e-03
1.3908480940565984e-01 -1.0333918948084676e-02
1.3928730132827180e-01 -1.2743996836062681e-02
1.3948982286086190e-01 -1.5017365817076661e-02
1.3969231699850695e-01 -1.7366046098448763e-02
1.3989480924965161e-01 -1.9744520750353076e-02
1.4009731636050674e-01 -2.2034073345808616e-02
1.4029981045245002e-01 -2.4427356681166530e-02
1.4050233403224474e-01 -2.6713214850491843e-02
1.4070483107147019e-01 -2.9039421942146294e-02
1.4090737399756165e-01 -3.1423450702629079e-02
1.4110988275455696e-01 -3.3698718862215489e-02
1.4131237978098179e-01 -3.6068321586285555e-02
1.4151487765770049e-01 -3.8381869353456048e-02
1.4171737736590728e-01 -4.0682520823383889e-02
1.4191987273611281e-01 -4.3045417758929463e-02
1.4212238045820796e-01 -4.5332647905464582e-02
1.4232487803318006e-01 -4.7677624136171201e-02
1.4252738090668932e-01 -4.9999784517384072e-02
1.4272988233925443e-01 -5.2283794054464865e-02
1.4293242411910342e-01 -5.4620543385889689e-02
1.4313493138106279e-01 -5.6934962137420955e-02
1.4333743049020742e-01 -5.9253114548429901e-02
1.4353993346342822e-01 -6.1558470098849710e-02
1.4374245473558944e-01 -6.3855416749336188e-02
1.4394495313862815e-01 -6.6166069443321263e-02
1.4414745829426970e-01 -6.8493056567254698e-02
1.4434995640038650e-01 -7.0794141220972620e-02
1.4455245733650837e-01 -7.3075719574607872e-02
1.4475495964113286e-01 -7.5397518328752522e-02
1.4495745550827158e-01 -7.7678679344605955e-02
1.4515996514412691e-01 -7.9993143087361301e-02
1.4536246314821150e-01 -8.2300217330277148e-02
1.4556496516135106e-01 -8.4559547449883782e-02
1.4576746861109471e-01 -8.6898761727764257e-02
1.4596996562075637e-01 -8.9159711363031260e-02
1.4617247311725595e-01 -9.1454414925774441e-02
1.4637497040378053e-01 -9.3786443966353980e-02
1.4657746977750524e-01 -9.6019630452942012e-02
1.4677997203512083e-01 -9.8347584891462253e-02
1.4698246902688697e-01 -1.0061031054738111e-01
1.4718497626007160e-01 -1.0288533016319462e-01
1.4738747305065428e-01 -1.0523750590626618e-01
1.4758997155208703e-01 -1.0745050781942218e-01
1.4779247266106471e-01 -1.0975822006087134e-01
1.4799496746426019e-01 -1.1204783733782256e-01
1.4819747206390682e-01 -1.1429845105246531e-01
1.4839999546754445e-01 -1.1664234552984969e-01
1.4860249227542446e-01 -1.1885628672373208e-01
1.4880499175535036e-01 -1.2114223931820636e-01
1.4900748385144899e-01 -1.2345306085416277e-01
1.4920998489535073e-01 -1.2568189598661786e-01
1.4941247904920296e-01 -1.2800479283645608e-01
1.4961497424089479e-01 -1.3024448735952676e-01
1.4981747178771543e-01 -1.3250723922188173e-01
1.5001996204338752e-01 -1.3481374763420684e-01
1.5022246684307347e-01 -1.3704047192075125e-01
1.5042495885457319e-01 -1.3934185594749121e-01
1.5062745082273044e-01 -1.4160801823449276e-01
1.5082995888536169e-01 -1.4385054917768908e-01
1.5103244813456734e-01 -1.4613820682255718e-01
1.5123494368438503e-01 -1.4839132129073235e-01
1.5143743460852593e-01 -1.5067162308724413e-01
1.5163992451285224e-01 -1.5293673675604125e-01
1.5184241874235371e-01 -1.5517566374435579e-01
1.5204490573270202e-01 -1.5744457140214690e-01
1.5224739892658207e-01 -1.5972254471636788e-01
1.5244988735383783e-01 -1.6198253469874310e-01
1.5265237441039395e-01 -1.6422952845732561e-01
1.5285486681144528e-01 -1.6649012308302696e-01
1.5305735125449338e-01 -1.6873868246513177e-01
1.5325984132770526e-01 -1.7101916470054698e-01
1.5346232850333880e-01 -1.7327429619337362e-01
1.5366481456278100e-01 -1.7550198022510199e-01
1.5386730626828651e-01 -1.7778896814667322e-01
1.5406978996146078e-01 -1.8001900997019138e-01
1.5427227758886541e-01 -1.8228185181739756e-01
1.5447476376440208e-01 -1.8455595497772842e-01
1.5467724696098370e-01 -1.8676425700064009e-01
1.5487973773284036e-01 -1.8905567001016735e-01
1.5508221905003833e-01 -1.9127982654248457e-01
1.5528470310969228e-01 -1.9352227541476216e-01
1.5548718801032604e-01 -1.9582483137230688e-01
1.5568966865650952e-01 -1.9801211042068589e-01
1.5589215872988510e-01 -2.0028769085553205e-01
1.5609463866013235e-01 -2.0253433539582824e-01
1.5629712140062338e-01 -2.0475723850148070e-01
1.5649960595630119e-01 -2.0706710587893065e-01
1.5670208521862491e-01 -2.0924510917032363e-01
1.5690457254313236e-01 -2.1150027256232326e-01
1.5710705177581605e-01 -2.1377851892290434e-01
1.5730953265686484e-01 -2.1597958210808804e-01
1.5751201736269010e-01 -2.1827579200664668e-01
1.5771454169610968e-01 -2.2047350193746384e-01
1.5791702692656950e-01 -2.2270972918646942e-01
1.5811950611807640e-01 -2.2500164867075237e-01
1.5832198609999149e-01 -2.2719118007005470e-01
1.5852447154242924e-01 -2.2946678205322946e-01
1.5872695019702748e-01 -2.3169598819805221e-01
1.5892943507319196e-01 -2.3391084922615857e-01
1.5913191521814590e-01 -2.3619193302186361e-01
1.5933439595815665e-01 -2.3839437665545177e-01
1.5953688311994127e-01 -2.4065098489543135e-01
1.5973936274568720e-01 -2.4289835942558297e-01
1.5994184782834364e-01 -2.4510074095403578e-01
1.6014432941389686e-01 -2.4736181918081795e-01
1.6034680892191336e-01 -2.4959428916030571e-01
1.6054929770454254e-01 -2.5182833903952195e-01
1.6075177737875548e-01 -2.5406495573926147e-01
1.6095426098992216e-01 -2.5627983556286205e-01
1.6115674374189970e-01 -2.5852473414048360e-01
1.6135922303228709e-01 -2.6077367519226652e-01
1.6156171144685438e-01 -2.6299325736653228e-01
1.6176419212602738e-01 -2.6521430990307548e-01
1.6196667640689558e-01 -2.6745955338764243e-01
1.6216916148790556e-01 -2.6968504857447628e-01
1.6237164198374798e-01 -2.7192218420403846e-01
1.6257413526609837e-01 -2.7415066900559371e-01
1.6277661782519898e-01 -2.7635734654046207e-01
1.6297910298853521e-01 -2.7862019743357230e-01
1.6318159080947522e-01 -2.8083388586809260e-01
1.6338410602020528e-01 -2.8305022832225424e-01
1.6358659446179752e-01 -2.8530568092832775e-01
1.6378907919068281e-01 -2.8749635594609491e-01
1.6399156526668388e-01 -2.8975046699935375e-01
1.6419406065362147e-01 -2.9197340363047902e-01
1.6439654424367053e-01 -2.9417070877678897e-01
1.6459909576623849e-01 -2.9644480427287534e-01
1.6480158351926855e-01 -2.9862082141256879e-01
1.6500406866306938e-01 -3.0085672765598548e-01
1.6520656254375796e-01 -3.0311179256157494e-01
1.6540904783846500e-01 -3.0528900541864618e-01
1.6561153732833350e-01 -3.0755424137982035e-01
1.6581402754112770e-01 -3.0974061691965238e-01
1.6601651401144318e-01 -3.1195815888515871e-01
1.6621900874436427e-01 -3.1423755560967731e-01
1.6642149672257436e-01 -3.1639783824292056e-01
1.6662405379603001e-01 -3.1864465082888010e-01
1.6682654726972548e-01 -3.2086471477429529e-01
1.6702903588946377e-01 -3.2306089040988811e-01
1.6723153118647044e-01 -3.2533823344653429e-01
1.6743404095689879e-01 -3.2750150389886085e-01
1.6763653366703396e-01 -3.2972975507934155e-01
1.6783903088599778e-01 -3.3198005615808118e-01
1.6804152238933623e-01 -3.3415872215356823e-01
1.6824401904640693e-01 -3.3641967606085293e-01
1.6844651405653435e-01 -3.3861259955810924e-01
1.6864900924579471e-01 -3.4082049653051960e-01
1.6885151097759479e-01 -3.4307583973355149e-01
1.6905400560172712e-01 -3.4525582915391723e-01
1.6925650443471263e-01 -3.4750275552604276e-01
1.6945900336479042e-01 -3.4972270063969801e-01
1.6966149903346248e-01 -3.5191590117650623e-01
1.6986400205208402e-01 -3.5416090283616647e-01
1.7006649991492231e-01 -3.5637363689082258e-01
1.7026900044170717e-01 -3.5860664987283475e-01
1.7047150342438366e-01 -3.6083457919541845e-01
1.7067400237098437e-01 -3.6303427126731197e-01
1.7087650796330459e-01 -3.6527475239653967e-01
1.7107900924355379e-01 -3.6752081504021905e-01
1.7128151233456071e-01 -3.6974639922273217e-01
1.7148401961095092e-01 -3.7197174488808565e-01
1.7168652200707518e-01 -3.7420922632844184e-01
1.7188902911695722e-01 -3.7644911999362457e-01
1.7209153478489875e-01 -3.7871109500503541e-01
1.7229405890626795e-01 -3.8094623101972214e-01
1.7249657103079694e-01 -3.8317313044389151e-01
1.7269907735303330e-01 -3.8545777414924220e-01
1.7290158749244661e-01 -3.8770272721286753e-01
1.7310409779387223e-01 -3.8996644488211074e-01
1.7330662849331935e-01 -3.9224814164517935e-01
1.7350914362677503e-01 -3.9448358866773064e-01
1.7371165484487031e-01 -3.9679712890228019e-01
1.7391416835496568e-01 -3.9906384382642479e-01
1.7411668378847708e-01 -4.0133061600165471e-01
1.7431919560256903e-01 -4.0366262102713291e-01
1.7452171218328194e-01 -4.0591055121958719e-01
1.7472422761463036e-01 -4.0823266333906399e-01
1.7492674145189210e-01 -4.1055214689549380e-01
1.7512929536970534e-01 -4.1282472954786770e-01
1.7533182656396137e-01 -4.1519073516259070e-01
1.7553435395844699e-01 -4.1746722509100936e-01
1.7573687285437295e-01 -4.1979974805025622e-01
1.7593939189600155e-01 -4.2218113397664175e-01
1.7614191545783206e-01 -4.2446083616669950e-01
1.7634443488432208e-01 -4.2683996848531852e-01
1.7654695681243798e-01 -4.2917276940962534e-01
1.7674948106185584e-01 -4.3151287934619559e-01
1.7695200189390026e-01 -4.3393434611207632e-01
1.7715452651336741e-01 -4.3623395786572250e-01
1.7735705057740916e-01 -4.3861975895271244e-01
1.7755962797917385e-01 -4.4102034065184259e-01
1.7776215638465354e-01 -4.4336842743393740e-01
1.7796468036211743e-01 -4.4580595004157753e-01
1.7816720677205758e-01 -4.4815573605212383e-01
1.7836973460283004e-01 -4.5055232347018037e-01
1.7857225984586839e-01 -4.5299617525384206e-01
1.7877478983653208e-01 -4.5536118979697354e-01
1.7897731751159915e-01 -4.5781102257983358e-01
1.7917989491911476e-01 -4.6022448864884913e-01
1.7938242637301138e-01 -4.6262957323245357e-01
1.7958495476865829e-01 -4.6509437828537281e-01
1.7978748687072446e-01 -4.6750394354590974e-01
1.7999001881685370e-01 -4.6996513794638067e-01
1.8019255185625135e-01 -4.7242179094892095e-01
1.8039508874017871e-01 -4.7484517155703626e-01
1.8059762122280734e-01 -4.7732407531084614e-01
1.8080016442212968e-01 -4.7979066175781049e-01
1.8100272532427369e-01 -4.8225802011254076e-01
1.8120527406493542e-01 -4.8473129434794421e-01
1.8140781123852426e-01 -4.8719919431927550e-01
1.8161034786194077e-01 -4.8969598657727237e-01
1.8181288637891460e-01 -4.9220421616437110e-01
1.8201542679408828e-01 -4.9468411584202837e-01
1.8221796365458262e-01 -4.9717181862816223e-01
1.8242050274613877e-01 -4.9969769510605871e-01
1.8262304356575085e-01 -5.0220458241935073e-01
1.8282558233300891e-01 -5.0472420278225505e-01
1.8302812375209607e-01 -5.0724555042557851e-01
1.8323066423465095e-01 -5.0975130908306299e-01
1.8343321512235722e-01 -5.1231959976645747e-01
1.8363575972152754e-01 -5.1484692223335138e-01
1.8383830376129828e-01 -5.1737481088330839e-01
1.8404084944982510e-01 -5.1995028555267997e-01
1.8424339420527538e-01 -5.2246763519530315e-01
1.8444593847038004e-01 -5.2505483920764939e-01
1.8464848569520462e-01 -5.2762463875879251e-01
1.8485103653791304e-01 -5.3015737363672610e-01
1.8505358249369408e-01 -5.3277603116273742e-01
1.8525613136214295e-01 -5.3531240908325706e-01
1.8545867783771655e-01 -5.3790207783760269e-01
1.8566123100646303e-01 -5.4052849065235165e-01
1.8586377917774452e-01 -5.4306702914845983e-01
1.8606632759537228e-01 -5.4570170829213316e-01
1.8626887821922070e-01 -5.4828369274113842e-01
1.8647142987900062e-01 -5.5088101461078776e-01
1.8667398249380704e-01 -5.5355160251115088e-01
1.8687653413742050e-01 -5.5610111466614598e-01
1.8707908531806000e-01 -5.5874394482764356e-01
1.8728163843534745e-01 -5.6138376806743928e-01
1.8748419004528610e-01 -5.6398170783567403e-01
1.8768675253901157e-01 -5.6667032903191072e-01
1.8788930707585019e-01 -5.6925353619171515e-01
1.8809186062171526e-01 -5.7190192807424323e-01
1.8829441534295616e-01 -5.7459442490266277e-01
1.8849697395210660e-01 -5.7720018845619248e-01
1.8869952989825084e-01 -5.7989433041865968e-01
1.8890208760164204e-01 -5.8253554943287333e-01
1.8910464511104305e-01 -5.8519017362463122e-01
1.8930720343541599e-01 -5.8790421049304531e-01
1.8950976220815033e-01 -5.9053470874275205e-01
1.8971231986994980e-01 -5.9323673805689892e-01
1.8991487864997861e-01 -5.9592667528064724e-01
1.9011743697867578e-01 -5.9858741395599813e-01
1.9031999534770458e-01 -6.0131314894599819e-01
1.9052255446120420e-01 -6.0399178349089488e-01
1.9072511320921892e-01 -6.0669532382442037e-01
1.9092767273904448e-01 -6.0941038667113190e-01
1.9113023461191664e-01 -6.1209639691055207e-01
1.9133279631711930e-01 -6.1483144752353136e-01
1.9153535892448931e-01 -6.1755398636594450e-01
1.9173792005660484e-01 -6.2026075582352980e-01
1.9194048142983008e-01 -6.2298851762790786e-01
1.9214304376704167e-01 -6.2572385719797707e-01
1.9234560780767901e-01 -6.2846816267608863e-01
1.9254817216268985e-01 -6.3120832011639527e-01
1.9275073610054164e-01 -6.3393678725205072e-01
1.9295329942483197e-01 -6.3667673302672567e-01
1.9315586247206862e-01 -6.3945476946102509e-01
1.9335842711585491e-01 -6.4220477836402601e-01
1.9356099092504878e-01 -6.4495098744739709e-01
1.9376355789390240e-01 -6.4772561201100343e-01
1.9396612413368761e-01 -6.5047575422628789e-01
1.9416869052286112e-01 -6.5327404270547695e-01
1.9437125820408815e-01 -6.5604666757836416e-01
1.9457382526146536e-01 -6.5879434970569262e-01
1.9477639279891099e-01 -6.6161843049106639e-01
1.9497896315823476e-01 -6.6437994168321335e-01
1.9518153270919716e-01 -6.6717718794410319e-01
1.9538410520326210e-01 -6.6999794589399542e-01
1.9558667427310025e-01 -6.7274881514947327e-01
1.9578924257515154e-01 -6.7559282649003438e-01
1.9599181292014337e-01 -6.7837763817081964e-01
1.9619438221445384e-01 -6.8117683626008874e-01
1.9639695434927584e-01 -6.8404541500300009e-01
1.9659952624176605e-01 -6.8680202055731199e-01
1.9680209654134559e-01 -6.8965013119242291e-01
1.9700466955678828e-01 -6.9248682408543583e-01
1.9720724118456856e-01 -6.9528265981851600e-01
1.9740981802136390e-01 -6.9817324807773395e-01
1.9761239059959593e-01 -7.0095096969071091e-01
1.9781496268129090e-01 -7.0380041352449108e-01
1.9801753786977708e-01 -7.0668990800524034e-01
1.9822011244683221e-01 -7.0948452779756044e-01
1.9842268525971177e-01 -7.1237787819561438e-01
1.9862525892454347e-01 -7.1520460219854831e-01
1.9882783273441815e-01 -7.1805578821971794e-01
1.9903040616325121e-01 -7.2097543238678485e-01
1.9923298230321532e-01 -7.2378005334601503e-01
1.9943555705500632e-01 -7.2667301214599977e-01
1.9963813436259009e-01 -7.2955617345047774e-01
1.9984071074515097e-01 -7.3240535864880885e-01
2.0004328652461625e-01 -7.3533348526880260e-01
2.0024586294186550e-01 -7.3817708955289207e-01
2.0044843899692483e-01 -7.4107407094922462e-01
2.0065101514764294e-01 -7.4399427537067375e-01
2.0085359117477869e-01 -7.4685172151523471e-01
2.0105616704431445e-01 -7.4978419980403077e-01
2.0125874287343634e-01 -7.5267451964269372e-01
2.0146131826119204e-01 -7.5556552067621940e-01
2.0166389366709075e-01 -7.5849720421358868e-01
2.0186646942874106e-01 -7.6138913548743969e-01
2.0206904446052440e-01 -7.6432503511461003e-01
2.0227161960256748e-01 -7.6724586308363107e-01
2.0247419443577822e-01 -7.7014350912811413e-01
2.0267676913528382e-01 -7.7308126301461599e-01
2.0287934389470930e-01 -7.7601798780084164e-01
2.0308191824521729e-01 -7.7895613065482472e-01
2.0328449260863146e-01 -7.8188540066940426e-01
2.0348706679874498e-01 -7.8481790638054594e-01
2.0368964071201046e-01 -7.8776479400342958e-01
2.0389221473597266e-01 -7.9073073534698868e-01
2.0409478850776697e-01 -7.9367240190464827e-01
2.0429736209366692e-01 -7.9660293216882783e-01
2.0449993584897699e-01 -7.9958294574176325e-01
2.0470250929391531e-01 -8.0253264025983584e-01
2.0490508263804399e-01 -8.0550075408628741e-01
2.0510765615633894e-01 -8.0847302038523161e-01
2.0531022941624913e-01 -8.1140890745761252e-01
2.0551280269032127e-01 -8.1442126990170494e-01
2.0571537539430354e-01 -8.1738437209005588e-01
2.0591794793918242e-01 -8.2034968762839855e-01
2.0612052063930217e-01 -8.2336955860742633e-01
2.0632309347773806e-01 -8.2630950541992720e-01
2.0652566621177740e-01 -8.2932754268026099e-01
2.0672823873853971e-01 -8.3232263359765224e-01
2.0693081095042939e-01 -8.3528659084083334e-01
2.0713338316889077e-01 -8.3833640828660638e-01
2.0733595554192039e-01 -8.4128656894389053e-01
2.0753852763930686e-01 -8.4430042808703709e-01
2.0774109974898172e-01 -8.4734572958800003e-01
2.0794367181670040e-01 -8.5030437276121273e-01
2.0814624370964172e-01 -8.5336041286686193e-01
2.0834881566532454e-01 -8.5634372901796774e-01
2.0855138749808860e-01 -8.5935640588781936e-01
2.0875395926160359e-01 -8.6243956026195912e-01
2.0895653103733777e-01 -8.6539735314383648e-01
2.0915910270914068e-01 -8.6844935305554471e-01
2.0936167395581906e-01 -8.7148943169464121e-01
2.0956424485194461e-01 -8.7449754085269482e-01
2.0976681571778905e-01 -8.7758966218807721e-01
2.0996938679017363e-01 -8.8057164914463681e-01
2.1017195796994528e-01 -8.8362323165971068e-01
2.1037452898367645e-01 -8.8670400486793599e-01
2.1057710026153020e-01 -8.8970685919267212e-01
2.1077967131826847e-01 -8.9279997321188342e-01
2.1098224235362012e-01 -8.9582798011157372e-01
2.1118481313190124e-01 -8.9887321779717577e-01
2.1138738380772781e-01 -9.0197081581305172e-01
2.1158995457775312e-01 -9.0499149821327840e-01
2.1179252507074739e-01 -9.0808110369142148e-01
2.1199509551752446e-01 -9.1114965641219459e-01
2.1219766591652667e-01 -9.1419480361470229e-01
2.1240023602804053e-01 -9.1729497170238672e-01
2.1260280608294152e-01 -9.2035755426259769e-01
2.1280537630644292e-01 -9.2344199242597402e-01
2.1300794668455703e-01 -9.2652411444789895e-01
2.1321051706907793e-01 -9.2958417157119466e-01
2.1341308709046000e-01 -9.3268879609015987e-01
2.1361565705844937e-01 -9.3578644252060128e-01
2.1381822715149049e-01 -9.3886679953042385e-01
2.1402079697590642e-01 -9.4195114888914999e-01
2.1422336671927020e-01 -9.4505283659280126e-01
2.1442593656205738e-01 -9.4815454003983135e-01
2.1462850648544787e-01 -9.5126167597347033e-01
2.1483107704563159e-01 -9.5435642159432521e-01
2.1503364657323687e-01 -9.5744344330350561e-01
2.1523621611658011e-01 -9.6058203751113391e-01
2.1543878547536477e-01 -9.6368430767421764e-01
2.1564135461990477e-01 -9.6678541350839187e-01
2.1584392380875791e-01 -9.6991879228617361e-01
2.1604649319582570e-01 -9.7300810862778508e-01
2.1624906229962335e-01 -9.7615731976007880e-01
2.1645163131662778e-01 -9.7927484651565533e-01
2.1665420046514752e-01 -9.8237059031114493e-01
2.1685676983334559e-01 -9.8553959099520794e-01
2.1705933901930971e-01 -9.8863196190312330e-01
2.1726190798661110e-01 -9.9177701602432256e-01
2.1746447688788922e-01 -9.9493776255040456e-01
2.1766704587633987e-01 -9.9802688165189324e-01
2.1786961499629340e-01 -1.0012088987693926e+00
2.1807218403866555e-01 -1.0043170045797210e+00
2.1827475312654834e-01 -1.0074556541817710e+00
2.1847732215352325e-01 -1.0106551141116034e+00
2.1867989110309966e-01 -1.0137387090835615e+00
2.1888245991857724e-01 -1.0169166879785838e+00
2.1908502872741975e-01 -1.0200685538347871e+00
2.1928759747536461e-01 -1.0231981369110232e+00
2.1949016611587310e-01 -1.0264156447293022e+00
2.1969273478078458e-01 -1.0295085002149931e+00
2.1989530339304242e-01 -1.0326816331468927e+00
2.2009787196360917e-01 -1.0358802719912248e+00
2.2030044050025210e-01 -1.0389999943558164e+00
2.2050300886081600e-01 -1.0422139636057319e+00
2.2070557725854270e-01 -1.0453446864091502e+00
2.2090814582218096e-01 -1.0485110094475305e+00
2.2111071398175178e-01 -1.0517332280279528e+00
2.2131328217281729e-01 -1.0548559067989960e+00
2.2151585056932832e-01 -1.0580623624364429e+00
2.2171841854589752e-01 -1.0612389187354376e+00
2.2192098751496420e-01 -1.0643966539009619e+00
2.2212355565774816e-01 -1.0676223293410423e+00
2.2232612411694133e-01 -1.0707761074557050e+00
2.2252869281219553e-01 -1.0739734951294921e+00
2.2273126112308109e-01 -1.0771764962246482e+00
2.2293382954727478e-01 -1.0803368228734107e+00
2.2313639766440313e-01 -1.0835586297057294e+00
2.2333896563280276e-01 -1.0867518117549675e+00
2.2354153359006151e-01 -1.0899412756548768e+00
2.2374410164196062e-01 -1.0931466993444046e+00
2.2394666986550993e-01 -1.0963364917295877e+00
2.2414923817130025e-01 -1.0995552529935904e+00
2.2435180634675086e-01 -1.1027706446016388e+00
2.2455437450790497e-01 -1.1059578262530436e+00
2.2475694265222113e-01 -1.1091631699173947e+00
2.2495951069068942e-01 -1.1123925667726200e+00
2.2516207874452854e-01 -1.1156074673289769e+00
2.2536464674902940e-01 -1.1188180574777837e+00
2.2556721464141374e-01 -1.1220325600824015e+00
2.2576978257870284e-01 -1.1252427693156406e+00
2.2597235058791262e-01 -1.1284952808755566e+00
2.2617491842768608e-01 -1.1317121087381534e+00
2.2637748625178802e-01 -1.1349170173653504e+00
2.2658005415864935e-01 -1.1381713043432815e+00
2.2678262219900552e-01 -1.1413746125897060e+00
2.2698519020967542e-01 -1.1446226240582156e+00
2.2718775825977847e-01 -1.1478656333792692e+00
2.2739032629132985e-01 -1.1510624837231640e+00
2.2759289427615592e-01 -1.1543413803707101e+00
2.2779546214652563e-01 -1.1575512491102911e+00
2.2799802998446850e-01 -1.1607911967101014e+00
2.2820059785869307e-01 -1.1640739333515864e+00
2.2840316583905837e-01 -1.1672622405258652e+00
2.2860573383541974e-01 -1.1705404747484680e+00
2.2880830178204611e-01 -1.1737782223631066e+00
2.2901086966676720e-01 -1.1770078124942314e+00
2.2921343757130000e-01 -1.1803184761798695e+00
2.2941600547582111e-01 -1.1835064377275020e+00
2.2961857331441982e-01 -1.1867762574645337e+00
2.2982114115488478e-01 -1.1900578916745783e+00
2.3002370912374875e-01 -1.1932760006370304e+00
2.3022627703412324e-01 -1.1965865298673251e+00
2.3042884492933713e-01 -1.1998000148614574e+00
2.3063141286063010e-01 -1.2030642192228416e+00
2.3083398080032477e-01 -1.2063820143691728e+00
2.3103654871180823e-01 -1.2095951804545686e+00
2.3123911656495760e-01 -1.2128945304591050e+00
2.3144168440904364e-01 -1.2161509488053102e+00
2.3164425229169519e-01 -1.2194040943115094e+00
2.3184682048415614e-01 -1.2227266233855962e+00
2.3204938834888400e-01 -1.2259533503591251e+00
2.3225195622892272e-01 -1.2292447320236199e+00
2.3245452413154394e-01 -1.2325402029037729e+00
2.3265709201751864e-01 -1.2357858494858927e+00
2.3285965994465546e-01 -1.2391037695900933e+00
2.3306222785547792e-01 -1.2423719436850131e+00
2.3326479575957754e-01 -1.2456501239123612e+00
2.3346736360428774e-01 -1.2489564491247058e+00
2.3366993142875916e-01 -1.2522154970614221e+00
2.3387249927480258e-01 -1.2555285530663043e+00
2.3407506716115956e-01 -1.2588233030868627e+00
2.3427763503456561e-01 -1.2620943863644785e+00
2.3448020290282648e-01 -1.2653974102000294e+00
2.3468277079103092e-01 -1.2686910461571235e+00
2.3488533872290873e-01 -1.2719974351236754e+00
2.3508790663377441e-01 -1.2752969507565728e+00
2.3529047451473348e-01 -1.2785805088070654e+00
2.3549304238401711e-01 -1.2818825495488235e+00
2.3569561026928804e-01 -1.2852080940798303e+00
2.3589817814286071e-01 -1.2885101983092604e+00
2.3610074600278705e-01 -1.2918000788267201e+00
2.3630331387318806e-01 -1.2951192222105889e+00
2.3650588172092962e-01 -1.2984169773016221e+00
2.3670844954422721e-01 -1.3017476012251998e+00
2.3691101738968565e-01 -1.3050594830115680e+00
2.3711358527638435e-01 -1.3083432098627419e+00
2.3731615313056048e-01 -1.3116900799721796e+00
2.3751872098453963e-01 -1.3149859018478898e+00
2.3772128902688616e-01 -1.3183064038801893e+00
2.3792385694070292e-01 -1.3216513495378590e+00
2.3812642485225002e-01 -1.3249280253586999e+00
2.3832899276339767e-01 -1.3282868745774401e+00
2.3853156067281062e-01 -1.3315962282440299e+00
2.3873412856930162e-01 -1.3349056294826671e+00
2.3893669644045240e-01 -1.3382839163321654e+00
2.3913926431516971e-01 -1.3415552211319823e+00
2.3934183221162816e-01 -1.3449045505153805e+00
2.3954440011260608e-01 -1.3482512496905388e+00
2.3974696800382839e-01 -1.3515484290558073e+00
2.3994953590573517e-01 -1.3549365160178222e+00
2.4015210379829438e-01 -1.3582179865667348e+00
2.4035467168028160e-01 -1.3615569663072329e+00
2.4055723957420838e-01 -1.3649441078610161e+00
2.4075980750076895e-01 -1.3682291943680314e+00
2.4096237541843329e-01 -1.3716077794969128e+00
2.4116494333982724e-01 -1.3749306494848001e+00
2.4136751124024083e-01 -1.3782590857855044e+00
2.4157007913830122e-01 -1.3816621840439227e+00
2.4177264705242307e-01 -1.3849479818436468e+00
2.4197521493844462e-01 -1.3883141135855359e+00
2.4217778282022745e-01 -1.3916786946278830e+00
2.4238035071919939e-01 -1.3949954563529234e+00
2.4258291864518539e-01 -1.3983936158268102e+00
2.4278548656073992e-01 -1.4017092292608451e+00
2.4298805448527000e-01 -1.4050635995719842e+00
2.4319062241095912e-01 -1.4084506667582497e+00
2.4339319033795190e-01 -1.4117669821706476e+00
2.4359575825053303e-01 -1.4151584575371543e+00
2.4379832614648206e-01 -1.4185124638935234e+00
2.4400089404766784e-01 -1.4218540089361962e+00
2.4420346196946999e-01 -1.4252395591612981e+00
2.4440602988170618e-01 -1.4285815120242145e+00
2.4460859778640814e-01 -1.4319659235257702e+00
2.4481116570559538e-01 -1.4353372093924701e+00
2.4501373365260429e-01 -1.4386742016956899e+00
2.4521630158964108e-01 -1.4420559969488627e+00
2.4541886953485595e-01 -1.4454334578431165e+00
2.4562143747026846e-01 -1.4488064623870256e+00
2.4582400539884885e-01 -1.4521747955610005e+00
2.4602657333936057e-01 -1.4555369202609656e+00
2.4622914131043452e-01 -1.4589159085200885e+00
2.4643170927421923e-01 -1.4623127862309468e+00
2.4663427724548134e-01 -1.4656805572547293e+00
2.4683684520921303e-01 -1.4690376881482827e+00
2.4703941321022591e-01 -1.4724372207667991e+00
2.4724198119652291e-01 -1.4758086689997405e+00
2.4744454917703770e-01 -1.4791965336813597e+00
2.4764711716066304e-01 -1.4825872183588933e+00
2.4784968513751585e-01 -1.4859390169159015e+00
2.4805225311576293e-01 -1.4893590527913689e+00
2.4825482109270119e-01 -1.4927302181839996e+00
2.4845738905425738e-01 -1.4961050762396291e+00
2.4865995701562216e-01 -1.4995333131544539e+00
2.4886252499029970e-01 -1.5028783994788075e+00
2.4906509293880069e-01 -1.5062943133513336e+00
2.4926766088218130e-01 -1.5096897452714391e+00
2.4947022884055847e-01 -1.5130528285199334e+00
2.4967279680971557e-01 -1.5165007481732125e+00
2.4987536476231573e-01 -1.5198466696879152e+00
2.5007793272020973e-01 -1.5232505368597418e+00
2.5028050070375202e-01 -1.5266886432238496e+00
2.5048306870516135e-01 -1.5300367516594349e+00
2.5068563671005756e-01 -1.5334811520758127e+00
2.5088820469059731e-01 -1.5368532213369022e+00
2.5109077266351210e-01 -1.5402465791481730e+00
2.5129334064597753e-01 -1.5437129961083527e+00
2.5149590864680038e-01 -1.5470547946973885e+00
2.5169847662936951e-01 -1.5504840106918556e+00
2.5190104461393859e-01 -1.5539005947889115e+00
2.5210361262105163e-01 -1.5572805354642330e+00
2.5230618064357480e-01 -1.5607477628867832e+00
2.5250874866949641e-01 -1.5641053949333756e+00
2.5271131667487234e-01 -1.5675224902755291e+00
2.5291388467038289e-01 -1.5709718634624004e+00
2.5311645267348204e-01 -1.5743413479102266e+00
2.5331902070128265e-01 -1.5778004603529268e+00
2.5352158874106140e-01 -1.5811931064643878e+00
2.5372415678401833e-01 -1.5845955074230134e+00
2.5392672481771006e-01 -1.5880514668084509e+00
2.5412929285130675e-01 -1.5914331980511405e+00
2.5433186088313986e-01 -1.5948818822642559e+00
2.5453442889551547e-01 -1.5983044876120325e+00
2.5473699690662827e-01 -1.6016966116235776e+00
2.5493956493282249e-01 -1.6051468647306908e+00
2.5514213295215138e-01 -1.6085618873991774e+00
2.5534470095968459e-01 -1.6119967637457702e+00
2.5554726897805535e-01 -1.6154258041496279e+00
2.5574983702700399e-01 -1.6188277809893548e+00
2.5595240507993278e-01 -1.6222747545322196e+00
2.5615497313880442e-01 -1.6257173935952389e+00
2.5635754118013204e-01 -1.6291419152848856e+00
2.5656010921427885e-01 -1.6325637017761627e+00
2.5676267725839280e-01 -1.6360005809602505e+00
2.5696524533059228e-01 -1.6394378632825755e+00
2.5716781340118106e-01 -1.6428825201546973e+00
2.5737038147251695e-01 -1.6463122391884024e+00
2.5757294952668763e-01 -1.6497286932822233e+00
2.5777551757789130e-01 -1.6531965247923706e+00
2.5797808564160285e-01 -1.6566270629518267e+00
2.5818065371474830e-01 -1.6600581862979658e+00
2.5838322178533707e-01 -1.6635202518140570e+00
2.5858578985676584e-01 -1.6669318900388070e+00
2.5878835791059157e-01 -1.6704036134691977e+00
2.5899092596311246e-01 -1.6738451416767297e+00
2.5919349403121772e-01 -1.6772638288944131e+00
2.5939606213300564e-01 -1.6807565226924555e+00
2.5959863020990165e-01 -1.6841631893109270e+00
2.5980119829661957e-01 -1.6876231292185246e+00
2.6000376638090600e-01 -1.6911006927419792e+00
2.6020633446880082e-01 -1.6945058547558001e+00
2.6040890254744986e-01 -1.6980031583534814e+00
2.6061147061748036e-01 -1.7014203058841750e+00
2.6081403869497272e-01 -1.7048674601509313e+00
2.6101660676915261e-01 -1.7083797768154525e+00
2.6121917483164264e-01 -1.7117744993824315e+00
2.6142174289980841e-01 -1.7152584397401016e+00
2.6162431097656214e-01 -1.7187154312506590e+00
2.6182687903852825e-01 -1.7221500918908599e+00
2.6202944710432702e-01 -1.7256737916760210e+00
2.6223201518093747e-01 -1.7290715653578823e+00
2.6243458324179497e-01 -1.7325415502300578e+00
2.6263715130579368e-01 -1.7360381747843849e+00
2.6283971938301065e-01 -1.7394591327255149e+00
2.6304228744360603e-01 -1.7429715650591497e+00
2.6324485550660487e-01 -1.7463988502751484e+00
2.6344742358701789e-01 -1.7498565009662894e+00
2.6364999165111702e-01 -1.7533701289553307e+00
2.6385255971794186e-01 -1.7567878879742020e+00
2.6405512779280937e-01 -1.7602902280043817e+00
2.6425769585272146e-01 -1.7637550977326195e+00
2.6446026391707195e-01 -1.7671980430757781e+00
2.6466283198754365e-01 -1.7707084310030172e+00
2.6486540004214820e-01 -1.7741521776951086e+00
2.6506796810150079e-01 -1.7776391974001085e+00
2.6527053618675950e-01 -1.7811206501563535e+00
2.6547310425462312e-01 -1.7845604021548429e+00
2.6567567232437062e-01 -1.7880621745128096e+00
2.6587824040302310e-01 -1.7915378745068351e+00
2.6608080846565257e-01 -1.7950111472764008e+00
2.6628337653242107e-01 -1.7984898542033727e+00
2.6648594462498976e-01 -1.8019555275983126e+00
2.6668851270322286e-01 -1.8054520029561270e+00
2.6689108078384988e-01 -1.8089408940464264e+00
2.6709364887296111e-01 -1.8124087596393010e+00
2.6729621695060329e-01 -1.8158821488189920e+00
2.6749878503427754e-01 -1.8193823154615396e+00
2.6770135314480559e-01 -1.8228661969642099e+00
2.6790392121741741e-01 -1.8263476752878327e+00
2.6810648929807857e-01 -1.8298372277058748e+00
2.6830905739475391e-01 -1.8333076789482603e+00
2.6851162548472096e-01 -1.8368236265284410e+00
2.6871419358511367e-01 -1.8403062877205911e+00
2.6891676166781509e-01 -1.8437729756814618e+00
2.6911932974630848e-01 -1.8472964028231840e+00
2.6932189783821153e-01 -1.8507572563847590e+00
2.6952446592498541e-01 -1.8542668160587696e+00
2.6972703400830272e-01 -1.8577734289270076e+00
2.6992960210656813e-01 -1.8612295925454949e+00
2.7013217018661884e-01 -1.8647704373411365e+00
2.7033473826535154e-01 -1.8682339348104402e+00
2.7053730636067008e-01 -1.8717281613701917e+00
2.7073987443578384e-01 -1.8752739310132132e+00
2.7094244250973393e-01 -1.8787167167410157e+00
2.7114501060182095e-01 -1.8822481270339930e+00
2.7134757867069270e-01 -1.8857364560200434e+00
2.7155014673760713e-01 -1.8892174332271185e+00
2.7175271482379576e-01 -1.8927862806152100e+00
2.7195528292301996e-01 -1.8962218213818027e+00
2.7215785101905016e-01 -1.8997384541573041e+00
2.7236041912300479e-01 -1.9032689976513515e+00
2.7256298721137584e-01 -1.9067340826167747e+00
2.7276555530175423e-01 -1.9102982173978162e+00
2.7296812339906584e-01 -1.9137503571566570e+00
2.7317069147982043e-01 -1.9172542435281272e+00
2.7337325956258535e-01 -1.9208130896047528e+00
2.7357582766442223e-01 -1.9242669810642776e+00
2.7377839574771862e-01 -1.9278154954991036e+00
2.7398096383145776e-01 -1.9313083586521103e+00
2.7418353193674505e-01 -1.9347969680229915e+00
2.7438610003286590e-01 -1.9383589350375261e+00
2.7458866813411886e-01 -1.9418262726618998e+00
2.7479123622750123e-01 -1.9453607037349152e+00
2.7499380431212767e-01 -1.9488861224445131e+00
2.7519637240771289e-01 -1.9523640974290877e+00
2.7539894049206165e-01 -1.9559163540452387e+00
2.7560150856554055e-01 -1.9594152440126886e+00
2.7580407664838325e-01 -1.9629332721541064e+00
2.7600664474409559e-01 -1.9664653067661788e+00
2.7620921282601585e-01 -1.9699538873375593e+00
2.7641178091555951e-01 -1.9734988685646524e+00
2.7661434900511656e-01 -1.9770222882306376e+00
2.7681691708281803e-01 -1.9805271166005467e+00
2.7701948517042901e-01 -1.9840537598729566e+00
2.7722205325597127e-01 -1.9875787581299871e+00
2.7742462132986317e-01 -1.9911117468945767e+00
2.7762718941449860e-01 -1.9946362226036629e+00
2.7782975749793287e-01 -1.9981469670971728e+00
2.7803232556959068e-01 -2.0016681140166268e+00
2.7823489365296555e-01 -2.0052173856131583e+00
2.7843746173169309e-01 -2.0087433585026586e+00
2.7864002979795283e-01 -2.0122558518099702e+00
2.7884259787518323e-01 -2.0157975711196712e+00
2.7904516595929652e-01 -2.0193124742387996e+00
2.7924773402806019e-01 -2.0228641499740601e+00
2.7945030210539795e-01 -2.0263969527775973e+00
2.7965287019816559e-01 -2.0298970414497455e+00
2.7985543827427367e-01 -2.0334669180455589e+00
2.8005800640969858e-01 -2.0369765218099869e+00
2.8026057451155306e-01 -2.0405141064367762e+00
2.8046314268526557e-01 -2.0440802675721805e+00
2.8066571078005820e-01 -2.0475705887663258e+00
2.8086827887594312e-01 -2.0511425985022584e+00
2.8107084696140394e-01 -2.0546623951089598e+00
2.8127341505826903e-01 -2.0581855487833010e+00
2.8147598314821737e-01 -2.0617829054365151e+00
2.8167855122901803e-01 -2.0652624380012008e+00
2.8188111932303772e-01 -2.0688202966516998e+00
2.8208368741217271e-01 -2.0723751637377905e+00
2.8228625549177921e-01 -2.0758838588681741e+00
2.8248882358476274e-01 -2.0794857896136150e+00
2.8269139167804380e-01 -2.0829695501260983e+00
2.8289395976324233e-01 -2.0865160580907705e+00
2.8309652807732055e-01 -2.0901072029590035e+00
2.8329909616348237e-01 -2.0936004764710581e+00
2.8350166424339901e-01 -2.0971911991196293e+00
2.8370423234041853e-01 -2.1007083252946073e+00
2.8390680042641447e-01 -2.1042417560361999e+00
2.8410936850609125e-01 -2.1078480729085762e+00
2.8431193660364279e-01 -2.1113382102612994e+00
2.8451450468769607e-01 -2.1149130215994583e+00
2.8471707276599739e-01 -2.1184698576193819e+00
2.8491964086332788e-01 -2.1219888957404422e+00
2.8512220894556645e-01 -2.1255876048919760e+00
2.8532477702212022e-01 -2.1291037506740818e+00
2.8552734511801181e-01 -2.1326637187856163e+00
2.8572991320193913e-01 -2.1362407961138588e+00
2.8593248137077093e-01 -2.1397571393746997e+00
2.8613504946684659e-01 -2.1433459145357059e+00
2.8633761760914372e-01 -2.1468946277110961e+00
2.8654018577671309e-01 -2.1504377112244764e+00
2.8674275387685788e-01 -2.1540128115685580e+00
2.8694532196678540e-01 -2.1575522824689957e+00
2.8714789005044927e-01 -2.1611313547182691e+00
2.8735045815317561e-01 -2.1646928815362219e+00
2.8755302624464635e-01 -2.1682278441643095e+00
2.8775559433052700e-01 -2.1717967842593473e+00
2.8795816243624622e-01 -2.1753684238851330e+00
2.8816073052756913e-01 -2.1789355962119199e+00
2.8836329861396864e-01 -2.1824887357118303e+00
2.8856586672072482e-01 -2.1860446655782191e+00
2.8876843481693626e-01 -2.1896080264847337e+00
2.8897100290802152e-01 -2.1931944439475006e+00
2.8917357101940006e-01 -2.1967569033011798e+00
2.8937613911741628e-01 -2.2002975989627465e+00
2.8957870729114460e-01 -2.2038884449552789e+00
2.8978127540561655e-01 -2.2074403540531948e+00
2.8998384350933193e-01 -2.2110158835785283e+00
2.9018641168114379e-01 -2.2145987026940008e+00
2.9038897980192552e-01 -2.2181289224203837e+00
2.9059154790732705e-01 -2.2217340763098274e+00
2.9079411601024979e-01 -2.2252855843253752e+00
2.9099668413563451e-01 -2.2288460249303181e+00
2.9119925224167625e-01 -2.2324616561365520e+00
2.9140182034651013e-01 -2.2359811671470564e+00
2.9160438847653486e-01 -2.2395800393551375e+00
2.9180695670489099e-01 -2.2431544170443232e+00
2.9200952481241654e-01 -2.2467007783770172e+00
2.9221209294447309e-01 -2.2503357618078250e+00
2.9241466112961595e-01 -2.2538519669508115e+00
2.9261722924292494e-01 -2.2574361477648304e+00
2.9281979737689806e-01 -2.2610504640558866e+00
2.9302236549139132e-01 -2.2645778762558928e+00
2.9322493360772844e-01 -2.2682058846205093e+00
2.9342750174394611e-01 -2.2717434070255909e+00
2.9363006986206108e-01 -2.2753154211122495e+00
2.9383263798317871e-01 -2.2789569886864780e+00
2.9403520611750167e-01 -2.2824743389088877e+00
2.9423777423531788e-01 -2.2860848547338875e+00
2.9444034235794858e-01 -2.2896660972168172e+00
2.9464291049364977e-01 -2.2932220831709325e+00
2.9484547861389238e-01 -2.2968617560570714e+00
2.9504804674014723e-01 -2.3003920490438508e+00
2.9525061487401222e-01 -2.3039872158839998e+00
2.9545318299376350e-01 -2.3075990145049365e+00
2.9565575112111026e-01 -2.3111429515727555e+00
2.9585831925629313e-01 -2.3147723442542909e+00
2.9606088737811731e-01 -2.3183360082887758e+00
2.9626345550848809e-01 -2.3219132230908617e+00
2.9646602364417191e-01 -2.3255322631351851e+00
2.9666859176778876e-01 -2.3290844376366326e+00
2.9687115990135404e-01 -2.3327026766216137e+00
2.9707372803622600e-01 -2.3362934067015799e+00
2.9727629616029355e-01 -2.3398574073355123e+00
2.9747886429588305e-01 -2.3434680657349642e+00
2.9768143242963563e-01 -2.3470521617476305e+00
2.9788400055353675e-01 -2.3506562820748882e+00
2.9808656869023148e-01 -2.3542459171767240e+00
2.9828913682494973e-01 -2.3578155596330483e+00
2.9849170503536993e-01 -2.3614205607870611e+00
2.9869427317436448e-01 -2.3650295597006976e+00
2.9889684130974392e-01 -2.3686209983507602e+00
2.9909940943658175e-01 -2.3722015734310018e+00
2.9930197757799620e-01 -2.3758015937119095e+00
2.9950454571409579e-01 -2.3793963705568548e+00
2.9970711384239496e-01 -2.3830066327853134e+00
2.9990968198611073e-01 -2.3866030782054506e+00
3.0011225012510551e-01 -2.3901748889506353e+00
3.0031481825675138e-01 -2.3938014131529006e+00
3.0051738640432363e-01 -2.3973872576639157e+00
3.0071995454631545e-01 -2.4009830610059519e+00
3.0092252275639209e-01 -2.4046090688649921e+00
3.0112509090876283e-01 -2.4081700443460776e+00
3.0132765905251802e-01 -2.4118033580746441e+00
3.0153022725950251e-01 -2.4153948647036461e+00
3.0173279541665649e-01 -2.4189759767060122e+00
3.0193536355915546e-01 -2.4226299285344304e+00
3.0213793169836101e-01 -2.4261831099968298e+00
3.0234049985745121e-01 -2.4298025610885898e+00
3.0254306800259639e-01 -2.4334294414778763e+00
3.0274563614525341e-01 -2.4369956577938026e+00
3.0294820430882008e-01 -2.4406542812768297e+00
3.0315077245445116e-01 -2.4442140581233431e+00
3.0335334059892693e-01 -2.4478206844302397e+00
3.0355590876576116e-01 -2.4514827073656753e+00
3.0375847691241004e-01 -2.4550317820222767e+00
3.0396104505901661e-01 -2.4586750983729617e+00
3.0416361322694802e-01 -2.4622704408570577e+00
3.0436618137524485e-01 -2.4658619372875457e+00
3.0456874952448842e-01 -2.4695345389372498e+00
3.0477131769311916e-01 -2.4730810984340734e+00
3.0497388584315227e-01 -2.4767077614710300e+00
3.0517645399519922e-01 -2.4803425730096857e+00
3.0537902216453444e-01 -2.4839168842066974e+00
3.0558159039600646e-01 -2.4875806612520313e+00
3.0578415855122149e-01 -2.4911523439223378e+00
3.0598672672012811e-01 -2.4947633472136173e+00
3.0618929487293911e-01 -2.4984145364758628e+00
3.0639186303038224e-01 -2.5019833021821918e+00
3.0659443119913682e-01 -2.5056334823509130e+00
3.0679699935285576e-01 -2.5092389272764803e+00
3.0699956751248048e-01 -2.5128330707278699e+00
3.0720213568144084e-01 -2.5164811186490104e+00
3.0740470383622781e-01 -2.5200715565327432e+00
3.0760727199798477e-01 -2.5237103408356600e+00
3.0780984016849516e-01 -2.5273315540465835e+00
3.0801240832571342e-01 -2.5309177324218490e+00
3.0821497649084195e-01 -2.5345572959393223e+00
3.0841754466217053e-01 -2.5381788004115715e+00
3.0862011282141660e-01 -2.5418011099743461e+00
3.0882268098980215e-01 -2.5454163592473411e+00
3.0902524916140017e-01 -2.5490232566873892e+00
3.0922781732213350e-01 -2.5526547242773576e+00
3.0943038549332674e-01 -2.5562907247185751e+00
3.0963295366550547e-01 -2.5599052750452271e+00
3.0983552182793311e-01 -2.5635103988369949e+00
3.1003809000211158e-01 -2.5671510929690706e+00
3.1024065817381991e-01 -2.5707703623044509e+00
3.1044322633689175e-01 -2.5743976228629144e+00
3.1064579451303315e-01 -2.5780272912246449e+00
3.1084836268578669e-01 -2.5816252133128579e+00
3.1105093085059643e-01 -2.5852845799316175e+00
3.1125349902936644e-01 -2.5889000914595588e+00
3.1145606720390012e-01 -2.5925105908427946e+00
3.1165863537131050e-01 -2.5961739736997917e+00
3.1186120355357688e-01 -2.5997620970674684e+00
3.1206377172974764e-01 -2.6034131923521389e+00
3.1226633989977931e-01 -2.6070480594462206e+00
3.1246890808567207e-01 -2.6106443318745001e+00
3.1267147626358782e-01 -2.6143249968084050e+00
3.1287404443653222e-01 -2.6179105477494651e+00
3.1307661262653436e-01 -2.6215458395825291e+00
3.1327918080483419e-01 -2.6252182282125358e+00
3.1348174904486048e-01 -2.6287968720269967e+00
3.1368431723801332e-01 -2.6324692099832796e+00
3.1388688541732762e-01 -2.6360756299039290e+00
3.1408945359397128e-01 -2.6396967421321396e+00
3.1429202179021776e-01 -2.6433945985339693e+00
3.1449458997160168e-01 -2.6469631771158286e+00
3.1469715815125138e-01 -2.6506175554173144e+00
3.1489972635153957e-01 -2.6542651890720288e+00
3.1510229453451016e-01 -2.6578685038042829e+00
3.1530486271685820e-01 -2.6615634245296906e+00
3.1550743092043110e-01 -2.6651414882869089e+00
3.1570999910513542e-01 -2.6687819219363118e+00
3.1591256729037659e-01 -2.6724596623207182e+00
3.1611513549434317e-01 -2.6760495349538287e+00
3.1631770368054118e-01 -2.6797302866151811e+00
3.1652027186844928e-01 -2.6833445975398882e+00
3.1672284007309309e-01 -2.6869672175544581e+00
3.1692540826105448e-01 -2.6906488032195308e+00
3.1712797645186758e-01 -2.6942451152420195e+00
3.1733054465691329e-01 -2.6979125630151297e+00
3.1753311284644392e-01 -2.7015558844569991e+00
3.1773568104007560e-01 -2.7051647655136066e+00
3.1793824924538883e-01 -2.7088379471811534e+00
3.1814081743632988e-01 -2.7124655518064227e+00
3.1834338563262549e-01 -2.7161161691746356e+00
3.1854595383808565e-01 -2.7197635481903517e+00
3.1874852203023180e-01 -2.7233774957939549e+00
3.1895109022895718e-01 -2.7270403044622684e+00
3.1915365843505661e-01 -2.7306943386973459e+00
3.1935622662878599e-01 -2.7343284318317513e+00
3.1955879483020377e-01 -2.7379669248436720e+00
3.1976136303757513e-01 -2.7416112606309730e+00
3.1996393123351857e-01 -2.7452625382545075e+00
3.2016649946991160e-01 -2.7489172822846744e+00
3.2036906767875750e-01 -2.7525535052845584e+00
3.2057163587736770e-01 -2.7561845366016064e+00
3.2077420408584578e-01 -2.7598594779926371e+00
3.2097677229504357e-01 -2.7635000881005425e+00
3.2117934049531038e-01 -2.7671389119038627e+00
3.2138190870682087e-01 -2.7708017998192944e+00
3.2158447691682823e-01 -2.7744244242369338e+00
3.2178704511911010e-01 -2.7781024801069636e+00
3.2198961333394005e-01 -2.7817473850516841e+00
3.2219218154433094e-01 -2.7853711367094305e+00
3.2239474974827709e-01 -2.7890626579716380e+00
3.2259731796618130e-01 -2.7926759096322971e+00
3.2279988617690969e-01 -2.7963394082720980e+00
3.2300245438237846e-01 -2.8000154507317352e+00
3.2320502260316203e-01 -2.8036235914420939e+00
3.2340759081435611e-01 -2.8073191443905148e+00
3.2361015902140933e-01 -2.8109401746536431e+00
3.2381272724507981e-01 -2.8145877015000318e+00
3.2401529545682772e-01 -2.8182965128211452e+00
3.2421786366550420e-01 -2.8218907800562514e+00
3.2442043189204606e-01 -2.8255722527433949e+00
3.2462300010470135e-01 -2.8292253150405275e+00
3.2482556831532861e-01 -2.8328580553361067e+00
3.2502813654501811e-01 -2.8365774574137967e+00
3.2523070475860977e-01 -2.8401686192610351e+00
3.2543327297129865e-01 -2.8438356495852748e+00
3.2563584120387268e-01 -2.8475271429137110e+00
3.2583840941806841e-01 -2.8511415120761630e+00
3.2604097763247086e-01 -2.8548503458977144e+00
3.2624354586536408e-01 -2.8584675843330181e+00
3.2644611408078983e-01 -2.8621199683263794e+00
3.2664868229745597e-01 -2.8658269783406860e+00
3.2685125053053832e-01 -2.8694348297870764e+00
3.2705381874718253e-01 -2.8731280143619164e+00
3.2725638696619563e-01 -2.8767816520536922e+00
3.2745895519909124e-01 -2.8804171186143561e+00
3.2766152341653831e-01 -2.8841175311426093e+00
3.2786409163749941e-01 -2.8877444274363442e+00
3.2806665987077749e-01 -2.8914227152409633e+00
3.2826922808954317e-01 -2.8950965794762000e+00
3.2847179631289275e-01 -2.8987237136477901e+00
3.2867436454632570e-01 -2.9024146192499694e+00
3.2887693276625091e-01 -2.9060739800512803e+00
3.2907950099187683e-01 -2.9097336876249580e+00
3.2928206922553943e-01 -2.9134011092442198e+00
3.2948463744668782e-01 -2.9170466260494017e+00
3.2968720567466259e-01 -2.9207278071160676e+00
3.2988977390864360e-01 -2.9244030290479515e+00
3.3009234213112110e-01 -2.9280509191023709e+00
3.3029491036155306e-01 -2.9317111334845962e+00
3.3049747859575390e-01 -2.9353900808554338e+00
3.3070004681947879e-01 -2.9390580709215928e+00
3.3090261505231267e-01 -2.9427226249852514e+00
3.3110518328677924e-01 -2.9463844753439803e+00
3.3130775151175296e-01 -2.9500392646531743e+00
3.3151031974697825e-01 -2.9537360257733676e+00
3.3171288798183102e-01 -2.9573975344863022e+00
3.3191545620811369e-01 -2.9610464997188366e+00
3.3211802444572347e-01 -2.9647401425317721e+00
3.3232059268122532e-01 -2.9683853181886337e+00
3.3252316090908252e-01 -2.9720745973270777e+00
3.3272572914933135e-01 -2.9757519752693016e+00
3.3292829738565505e-01 -2.9793881828941404e+00
3.3313086561528987e-01 -2.9831005425067265e+00
3.3333343385838016e-01 -2.9867417342210958e+00
3.3353600209531398e-01 -2.9904146121276352e+00
3.3373857032657278e-01 -2.9941271109572090e+00
3.3394113857242036e-01 -2.9977478531868917e+00
3.3414370681013161e-01 -3.0014529826802816e+00
3.3434627504315728e-01 -3.0051116943278458e+00
3.3454884329188900e-01 -3.0087688216475956e+00
3.3475141153034704e-01 -3.0125047354589278e+00
3.3495397976510077e-01 -3.0161146839275017e+00
3.3515654801667039e-01 -3.0198050964319281e+00
3.3535911625616821e-01 -3.0235006489346490e+00
3.3556168449293100e-01 -3.0271403163741901e+00
3.3576425274759514e-01 -3.0308716988125406e+00
3.3596682098811859e-01 -3.0344938502210979e+00
3.3616938922695178e-01 -3.0381699446819517e+00
3.3637195748483856e-01 -3.0418948030710524e+00
3.3657452572625507e-01 -3.0455181784297598e+00
3.3677709396702427e-01 -3.0492336120759713e+00
3.3697966222741216e-01 -3.0528910373067304e+00
3.3718223046993895e-01 -3.0565503297935175e+00
3.3738479871285321e-01 -3.0602797408511866e+00
3.3758736697334046e-01 -3.0639070778769408e+00
3.3778993521689332e-01 -3.0676067298054295e+00
3.3799250346187604e-01 -3.0712973024205112e+00
3.3819507172263591e-01 -3.0749421267487547e+00
3.3839763996736916e-01 -3.0786597800929458e+00
3.3860020821455061e-01 -3.0823180644530472e+00
3.3880277647570572e-01 -3.0860001465280105e+00
3.3900534472178578e-01 -3.0896975413107821e+00
3.3920791297135583e-01 -3.0933459909071983e+00
3.3941048123276457e-01 -3.0970526452979539e+00
3.3961304948007204e-01 -3.1007367183879060e+00
3.3981561773193730e-01 -3.1044015632841995e+00
3.4001818599379074e-01 -3.1080923876755451e+00
3.4022075424253284e-01 -3.1117701341070827e+00
3.4042332249691892e-01 -3.1154650195817268e+00
3.4062589075901972e-01 -3.1191533892240142e+00
3.4082845900903191e-01 -3.1228164178952853e+00
3.4103102726581136e-01 -3.1265003205370272e+00
3.4123359552827487e-01 -3.1302063049010131e+00
3.4143616377965746e-01 -3.1338889900840825e+00
3.4163873203893202e-01 -3.1375627400885482e+00
3.4184130030171123e-01 -3.1412521888356362e+00
3.4204386855442331e-01 -3.1449270699270442e+00
3.4224643681616740e-01 -3.1486380075278393e+00
3.4244900507940046e-01 -3.1523204144141821e+00
3.4265157333353341e-01 -3.1559805632521640e+00
3.4285414159779426e-01 -3.1596991549041085e+00
3.4305670986164138e-01 -3.1633647665777680e+00
3.4325927811738399e-01 -3.1670603889873954e+00
3.4346184638436139e-01 -3.1707690699577791e+00
3.4366441464871983e-01 -3.1744155902187878e+00
3.4386698290600215e-01 -3.1781422479276102e+00
3.4406955117565946e-01 -3.1818096905658906e+00
3.4427211944062419e-01 -3.1854886405815011e+00
3.4447468769953665e-01 -3.1892288911936784e+00
3.4467725597196402e-01 -3.1928615630434081e+00
3.4487982423759272e-01 -3.1965761322543269e+00
3.4508239249821604e-01 -3.2002698582407607e+00
3.4528496077351539e-01 -3.2039325248373549e+00
3.4548752903972502e-01 -3.2076829830902835e+00
3.4569009730197586e-01 -3.2113142301030697e+00
3.4589266558007192e-01 -3.2150135079534801e+00
3.4609523384703061e-01 -3.2187438922235501e+00
3.4629780211107170e-01 -3.2223878383563105e+00
3.4650037039212039e-01 -3.2261266066046970e+00
3.4670293865982016e-01 -3.2297847761433789e+00
3.4690550692568145e-01 -3.2334693033589206e+00
3.4710807520975312e-01 -3.2372188439925700e+00
3.4731064347811047e-01 -3.2408539971099026e+00
3.4751321174569305e-01 -3.2445736114088390e+00
3.4771578003230763e-01 -3.2482714776458144e+00
3.4791834830146751e-01 -3.2519384967049456e+00
3.4812091657087840e-01 -3.2556823351054183e+00
3.4832348485750414e-01 -3.2593360862721741e+00
3.4852605312760060e-01 -3.2630402178483751e+00
3.4872862139898786e-01 -3.2667611361220676e+00
3.4893118968557679e-01 -3.2704182673149957e+00
3.4913375795659968e-01 -3.2741499309256659e+00
3.4933632622998906e-01 -3.2778357946893926e+00
3.4953889451655429e-01 -3.2815207171782959e+00
3.4974146278850415e-01 -3.2852398053360314e+00
3.4994403106389094e-01 -3.2889125095888065e+00
3.5014659935046949e-01 -3.2926332360921235e+00
3.5034916762337492e-01 -3.2963351065241038e+00
3.5055173590078736e-01 -3.3000079176755643e+00
3.5075430418745979e-01 -3.3037171911515815e+00
3.5095687246140184e-01 -3.3074214852255603e+00
3.5115944074091998e-01 -3.3111268048895104e+00
3.5136200902773951e-01 -3.3148226714898890e+00
3.5156457730277679e-01 -3.3185073412885617e+00
3.5176714558445804e-01 -3.3222105148569465e+00
3.5196971387142140e-01 -3.3259337973841441e+00
3.5217228214755442e-01 -3.3296273814013873e+00
3.5237485043141448e-01 -3.3333104478206792e+00
3.5257741871863119e-01 -3.3370275027685716e+00
3.5277998699595431e-01 -3.3407199260120213e+00
3.5298255528206496e-01 -3.3444362887259405e+00
3.5318512356962678e-01 -3.3481416744283452e+00
3.5338769184823970e-01 -3.3518127448095547e+00
3.5359026013670058e-01 -3.3555519003572627e+00
3.5379282842463888e-01 -3.3592354412599907e+00
3.5399539670461816e-01 -3.3629339991468279e+00
3.5419796499554834e-01 -3.3666707442192005e+00
3.5440053328373072e-01 -3.3703289580202744e+00
3.5460310156493707e-01 -3.3740647662414491e+00
3.5480566985820827e-01 -3.3777611181492864e+00
3.5500823814684995e-01 -3.3814450694577700e+00
3.5521080642945912e-01 -3.3852040149834166e+00
3.5541337472520490e-01 -3.3888545287714202e+00
3.5561594301446914e-01 -3.3925745037758483e+00
3.5581851129869829e-01 -3.3963079740197468e+00
3.5602107959717055e-01 -3.3999726233420664e+00
3.5622364788676564e-01 -3.4037294318715507e+00
3.5642621617235587e-01 -3.4073915423686572e+00
3.5662878447334567e-01 -3.4110972482981583e+00
3.5683135276351646e-01 -3.4148607193069327e+00
3.5703392105067328e-01 -3.4185101168383114e+00
3.5723648935435437e-01 -3.4222494868100592e+00
3.5743905764503925e-01 -3.4259493592459282e+00
3.5764162593371868e-01 -3.4296375740743081e+00
3.5784419424006458e-01 -3.4334038038015549e+00
3.5804676253141343e-01 -3.4370565392421955e+00
3.5824933082175664e-01 -3.4407793140218956e+00
3.5845189913089920e-01 -3.4445134955528500e+00
3.5865446742288942e-01 -3.4481870697698973e+00
3.5885703571489247e-01 -3.4519425032347266e+00
3.5905960402411435e-01 -3.4556225266817973e+00
3.5926217231685259e-01 -3.4593271658417599e+00
3.5946474061062539e-01 -3.4630724206856378e+00
3.5966730891965232e-01 -3.4667446763438594e+00
3.5986987721311564e-01 -3.4704870916684363e+00
3.6007244550865658e-01 -3.4741968782803916e+00
3.6027501381752691e-01 -3.4778842869877962e+00
3.6047758211174413e-01 -3.4816204955277295e+00
3.6068015040907436e-01 -3.4853189989546740e+00
3.6088271871788719e-01 -3.4890470371824804e+00
3.6108528701296916e-01 -3.4927647691163353e+00
3.6128785531220720e-01 -3.4964502951833674e+00
3.6149042362091316e-01 -3.5001771020537853e+00
3.6169299191682647e-01 -3.5039045307898040e+00
3.6189556021796176e-01 -3.5076137137560632e+00
3.6209812852661549e-01 -3.5113200643477596e+00
3.6230069682339616e-01 -3.5150305116272911e+00
3.6250326512644743e-01 -3.5187468193164939e+00
3.6270583343515073e-01 -3.5224796789289732e+00
3.6290840173290750e-01 -3.5261857377518884e+00
3.6311097003798731e-01 -3.5298792909016194e+00
3.6331353834674013e-01 -3.5336217058854178e+00
3.6351610664549155e-01 -3.5373269780118917e+00
3.6371867495263394e-01 -3.5410455335744753e+00
3.6392124326153069e-01 -3.5447741917580413e+00
3.6412381156136314e-01 -3.5484581859884607e+00
3.6432637987064981e-01 -3.5522123589433683e+00
3.6452894817962778e-01 -3.5559133872783022e+00
3.6473151648049912e-01 -3.5596141692024803e+00
3.6493408479191103e-01 -3.5633739208791306e+00
3.6513665310104459e-01 -3.5670471807200346e+00
3.6533922140301422e-01 -3.5707873968772117e+00
3.6554178971659812e-01 -3.5745161011493081e+00
3.6574435802598493e-01 -3.5782010295025368e+00
3.6594692632916709e-01 -3.5819723511074941e+00
3.6614949464504642e-01 -3.5856459669266121e+00
3.6635206295464839e-01 -3.5893702901567242e+00
3.6655463125902793e-01 -3.5931356171850162e+00
3.6675719957721270e-01 -3.5968021440736777e+00
3.6695976788708462e-01 -3.6005596612283841e+00
3.6716233619271632e-01 -3.6042593340392473e+00
3.6736490451326714e-01 -3.6079681417406033e+00
3.6756747282339930e-01 -3.6117523049712439e+00
3.6777004113027817e-01 -3.6154092680723995e+00
3.6797260945320293e-01 -3.6191494632777195e+00
3.6817517781436770e-01 -3.6228884065541052e+00
3.6837774612255064e-01 -3.6265793428780317e+00
3.6858031444788680e-01 -3.6303556231173393e+00
3.6878288275881588e-01 -3.6340298978716894e+00
3.6898545106844283e-01 -3.6377538278590982e+00
3.6918801939634027e-01 -3.6415172899938146e+00
3.6939058770768674e-01 -3.6451958052312627e+00
3.6959315601873255e-01 -3.6489587456145904e+00
3.6979572434726354e-01 -3.6526651032857393e+00
3.6999829265907314e-01 -3.6563706717593885e+00
3.7020086097157434e-01 -3.6601325863960303e+00
3.7040342929980336e-01 -3.6638222265764857e+00
3.7060599761218083e-01 -3.6675697812415540e+00
3.7080856592624378e-01 -3.6713003117853598e+00
3.7101113425416155e-01 -3.6749937348951747e+00
3.7121370256711339e-01 -3.6787455551801860e+00
3.7141627088276047e-01 -3.6824663228051606e+00
3.7161883921039657e-01 -3.6861952991025237e+00
3.7182140752394804e-01 -3.6899236086409415e+00
3.7202397584120472e-01 -3.6936285471441366e+00
3.7222654416864165e-01 -3.6973708144615332e+00
3.7242911248288058e-01 -3.7011119245199913e+00
3.7263168080183584e-01 -3.7048275036388949e+00
3.7283424912908519e-01 -3.7085460924996241e+00
3.7303681744403838e-01 -3.7122822660440038e+00
3.7323938576473270e-01 -3.7160103135548610e+00
3.7344195409182318e-01 -3.7197464773173525e+00
3.7364452240752227e-01 -3.7234682704837985e+00
3.7384709072999461e-01 -3.7271784745200085e+00
3.7404965905696974e-01 -3.7309403365335569e+00
3.7425222737345520e-01 -3.7346581325781587e+00
3.7445479569774309e-01 -3.7383771053803221e+00
3.7465736402467709e-01 -3.7421288977279201e+00
3.7485993241586185e-01 -3.7458287969190307e+00
3.7506250074205638e-01 -3.7495876807348707e+00
3.7526506906899265e-01 -3.7533156666201841e+00
3.7546763738725375e-01 -3.7570189034135626e+00
3.7567020571538451e-01 -3.7607941489664780e+00
3.7587277404236369e-01 -3.7644863393575130e+00
3.7607534236159257e-01 -3.7682282635498625e+00
3.7627791069173966e-01 -3.7719891762585149e+00
3.7648047901874748e-01 -3.7756759206621600e+00
3.7668304733894187e-01 -3.7794503530151879e+00
3.7688561567111961e-01 -3.7831537116454337e+00
3.7708818399821997e-01 -3.7868797930578970e+00
3.7729075231944442e-01 -3.7906701907470985e+00
3.7749332065371954e-01 -3.7943412573841564e+00
3.7769588898093143e-01 -3.7980986121867906e+00
3.7789845730321636e-01 -3.8018361798659637e+00
3.7810102563963216e-01 -3.8055453982477818e+00
3.7830359396699059e-01 -3.8093397838828409e+00
3.7850616229037920e-01 -3.8130125128336796e+00
3.7870873062899024e-01 -3.8167542033372865e+00
3.7891129895650372e-01 -3.8205265448896095e+00
3.7911386728100482e-01 -3.8242180365476508e+00
3.7931643562182482e-01 -3.8279981532120311e+00
3.7951900394959182e-01 -3.8317006006081460e+00
3.7972157227530468e-01 -3.8354258853218788e+00
3.7992414061843438e-01 -3.8392079738218743e+00
3.8012670894645728e-01 -3.8428958301965621e+00
3.8032927727339483e-01 -3.8466582710762047e+00
3.8053184561885933e-01 -3.8503944320660621e+00
3.8073441394720731e-01 -3.8541034785968975e+00
3.8093698227543504e-01 -3.8578772407792643e+00
3.8113955062083055e-01 -3.8615875506796322e+00
3.8134211894955827e-01 -3.8653346638923609e+00
3.8154468727913610e-01 -3.8690839651008195e+00
3.8174725562411477e-01 -3.8727898417893845e+00
3.8194982395327970e-01 -3.8765522644903569e+00
3.8215239228427478e-01 -3.8802923952424435e+00
3.8235496062885083e-01 -3.8840213705083286e+00
3.8255752895847106e-01 -3.8877643322906534e+00
3.8276009729090676e-01 -3.8914935897942557e+00
3.8296266563515813e-01 -3.8952444074736232e+00
3.8316523396531726e-01 -3.8989981981341755e+00
3.8336780229928114e-01 -3.9027196577956378e+00
3.8357037064321781e-01 -3.9064526513032254e+00
3.8377293897393994e-01 -3.9102127646905402e+00
3.8397550730946939e-01 -3.9139490164562427e+00
3.8417807565313805e-01 -3.9176855918328788e+00
3.8438064398447103e-01 -3.9214269175493137e+00
3.8458321232161563e-01 -3.9251521242799710e+00
3.8478578066506725e-01 -3.9289241648757569e+00
3.8498834899706708e-01 -3.9326568876956394e+00
3.8519091733588562e-01 -3.9363766045181210e+00
3.8539348567917814e-01 -3.9401477168117305e+00
3.8559605401191954e-01 -3.9438631035791074e+00
3.8579862235250345e-01 -3.9476234510676589e+00
3.8600119069561650e-01 -3.9513771884326103e+00
3.8620375902908688e-01 -3.9550828210500688e+00
3.8640632737143532e-01 -3.9588683486243395e+00
3.8660889571449358e-01 -3.9625807779855968e+00
3.8681146404879507e-01 -3.9663226148287092e+00
3.8701403239299043e-01 -3.9701106400584076e+00
3.8721660073600794e-01 -3.9738001915776286e+00
3.8741916907118040e-01 -3.9775745763407997e+00
3.8762173741728212e-01 -3.9813079719772917e+00
3.8782430576028665e-01 -3.9850341580146096e+00
3.8802687409636905e-01 -3.9888405236940283e+00
3.8822944244442825e-01 -3.9925213659475354e+00
3.8843201078745243e-01 -3.9962802419700831e+00
3.8863457912448918e-01 -4.0000518760478387e+00
3.8883714747456505e-01 -4.0037585865924861e+00
3.8903971581761693e-01 -4.0075550632455395e+00
3.8924228415561729e-01 -4.0112501233900311e+00
3.8944485250772498e-01 -4.0149959531347061e+00
3.8964742085088244e-01 -4.0187935827578718e+00
3.8984998918992197e-01 -4.0224866985371781e+00
3.9005255754413681e-01 -4.0262671249967070e+00
3.9025512588744826e-01 -4.0300025322886768e+00
3.9045769422758397e-01 -4.0337294917874802e+00
3.9066026258397113e-01 -4.0375252898007288e+00
3.9086283092747698e-01 -4.0412262828974512e+00
3.9106539926875400e-01 -4.0449904284561295e+00
3.9126796762736604e-01 -4.0487546683615250e+00
3.9147053597111287e-01 -4.0524690150384943e+00
3.9167310431357544e-01 -4.0562522756859929e+00
3.9187567267445395e-01 -4.0599839859319315e+00
3.9207824101853167e-01 -4.0637294673068709e+00
3.9228080936227711e-01 -4.0674957817216537e+00
3.9248337772369463e-01 -4.0712168599751246e+00
3.9268594606811069e-01 -4.0749896121503362e+00
3.9288851441316031e-01 -4.0787448800628319e+00
3.9309108277413879e-01 -4.0824742523987068e+00
3.9329365111896014e-01 -4.0862320087064798e+00
3.9349621946538127e-01 -4.0899831793544799e+00
3.9369878782594375e-01 -4.0937415437183171e+00
3.9390135617120137e-01 -4.0974941490163435e+00
3.9410392451903220e-01 -4.1012263565944851e+00
3.9430649287922631e-01 -4.1049754721011036e+00
3.9450906122497187e-01 -4.1087510997137882e+00
3.9471162957426859e-01 -4.1124974238127106e+00
3.9491419793413512e-01 -4.1162352499283275e+00
3.9511676628041537e-01 -4.1199960790414236e+00
3.9531933463122954e-01 -4.1237349337160394e+00
3.9552190299080858e-01 -4.1275093118108206e+00
3.9572447133766886e-01 -4.1312592817657663e+00
3.9592703969005166e-01 -4.1349831958859156e+00
3.9612960804939085e-01 -4.1387704800708951e+00
3.9633217639688717e-01 -4.1425013526211405e+00
3.9653474475090361e-01 -4.1462598144176592e+00
3.9673731311001853e-01 -4.1500375002232186e+00
3.9693988145816872e-01 -4.1537474884675696e+00
3.9714244981384045e-01 -4.1575368536223900e+00
3.9734501817280965e-01 -4.1612715369549731e+00
3.9754758652169792e-01 -4.1650133276896621e+00
3.9775015487911447e-01 -4.1688194438959387e+00
3.9795272323797060e-01 -4.1725162360351966e+00
3.9815529158762714e-01 -4.1762924868168900e+00
3.9835785994681833e-01 -4.1800584566399355e+00
3.9856042830560190e-01 -4.1837813892793081e+00
3.9876299665608184e-01 -4.1875928579025832e+00
3.9896556501711494e-01 -4.1912918306386588e+00
3.9916813337583101e-01 -4.1950524124262625e+00
3.9937070172715083e-01 -4.1988523586395949e+00
3.9957327009005655e-01 -4.2025579349113986e+00
3.9977583844875331e-01 -4.2063543826534771e+00
3.9997840680096081e-01 -4.2100841586166204e+00
4.0018097516579115e-01 -4.2138296434071751e+00
4.0038354352450978e-01 -4.2176426008846217e+00
4.0058611187765225e-01 -4.2213424598826874e+00
4.0078868024446251e-01 -4.2251215571336314e+00
4.0099124860324858e-01 -4.2288882472826206e+00
4.0119381695737000e-01 -4.2326166733760013e+00
4.0139638532620320e-01 -4.2364208224131001e+00
4.0159895368512566e-01 -4.2401408271666199e+00
4.0180152204030101e-01 -4.2439019622453422e+00
4.0200409041123797e-01 -4.2476868570595210e+00
4.0220665877031492e-01 -4.2514075876935564e+00
4.0240922712657018e-01 -4.2551980589769665e+00
4.0261179549964593e-01 -4.2589494556468805e+00
4.0281436385894753e-01 -4.2626916313692034e+00
4.0301693221635643e-01 -4.2664717275381605e+00
4.0321950059164935e-01 -4.2702103991943297e+00
4.0342206895119603e-01 -4.2739886016652742e+00
4.0362463730978654e-01 -4.2777534270918105e+00
4.0382720568733366e-01 -4.2814867825782050e+00
4.0402977404719148e-01 -4.2852570741963705e+00
4.0423234240703010e-01 -4.2890258802280403e+00
4.0443491078418048e-01 -4.2927891401917382e+00
4.0463747914439746e-01 -4.2965439461939994e+00
4.0484004750554459e-01 -4.3002935755763669e+00
4.0504261588225127e-01 -4.3040557850269270e+00
4.0524518424285516e-01 -4.3078395263115103e+00
4.0544775260533966e-01 -4.3115915788548449e+00
4.0565032098165216e-01 -4.3153322721665734e+00
4.0585288934269698e-01 -4.3191140336712319e+00
4.0605545770657675e-01 -4.3228617307011223e+00
4.0625802608253248e-01 -4.3266340443939786e+00
4.0646059444406379e-01 -4.3304002442554657e+00
4.0666316280939230e-01 -4.3341303457815554e+00
4.0686573118502506e-01 -4.3379294036185465e+00
4.0706829954708390e-01 -4.3416718977215050e+00
4.0727086791391021e-01 -4.3454268166399510e+00
4.0747343628925697e-01 -4.3492247998884412e+00
4.0767600465188591e-01 -4.3529415693926534e+00
4.0787857302025926e-01 -4.3567343468174711e+00
4.0808114139535739e-01 -4.3604936605691611e+00
4.0828370975859912e-01 -4.3642318015872990e+00
4.0848627812856880e-01 -4.3680495093045995e+00
4.0868884650345721e-01 -4.3717585690624405e+00
4.0889141486735486e-01 -4.3755352240472458e+00
4.0909398323896806e-01 -4.3793301728028196e+00
4.0929655161369644e-01 -4.3830490485420777e+00
4.0949911997830868e-01 -4.3868599269386248e+00
4.0970168835163256e-01 -4.3905860198757711e+00
4.0990425672622510e-01 -4.3943463773821945e+00
4.1010682509158214e-01 -4.3981692382071316e+00
4.1030939346665674e-01 -4.4018751791601236e+00
4.1051196184114308e-01 -4.4056679907010716e+00
4.1071453020727899e-01 -4.4094324908397429e+00
4.1091709858414405e-01 -4.4131753383737307e+00
4.1111966695858582e-01 -4.4169980171723093e+00
4.1132223532556511e-01 -4.4207082193277136e+00
4.1152480370428857e-01 -4.4244845001443727e+00
4.1172737207871990e-01 -4.4282809089406250e+00
4.1192994044658526e-01 -4.4320075507282501e+00
4.1213250882721925e-01 -4.4358173514767874e+00
4.1233507720167728e-01 -4.4395575799461637e+00
4.1253764557046713e-01 -4.4433145279501725e+00
4.1274021395305382e-01 -4.4471165945111482e+00
4.1294278232759907e-01 -4.4508468231104956e+00
4.1314535069737729e-01 -4.4546414501523843e+00
4.1334791908198371e-01 -4.4584088064112484e+00
4.1355048745665401e-01 -4.4621501665836014e+00
4.1375305582746580e-01 -4.4659433954467902e+00
4.1395562421414422e-01 -4.4696989708347745e+00
4.1415819258899544e-01 -4.4734778071447918e+00
4.1436076096090513e-01 -4.4772488326825881e+00
4.1456332934972906e-01 -4.4809902532848600e+00
4.1476589772478351e-01 -4.4847728650316716e+00
4.1496846609782023e-01 -4.4885553467951018e+00
4.1517103448882781e-01 -4.4923178440107714e+00
4.1537360286414238e-01 -4.4960773834433931e+00
4.1557617123836654e-01 -4.4998459760299152e+00
4.1577873963162382e-01 -4.5036167307653932e+00
4.1598130800723471e-01 -4.5074020483188875e+00
4.1618387638269061e-01 -4.5111616050009316e+00
4.1638644477592618e-01 -4.5149092746084705e+00
4.1658901315188007e-01 -4.5186935489733218e+00
4.1679158152861828e-01 -4.5224764393243930e+00
4.1699414992142941e-01 -4.5262876205054674e+00
4.1719671829778060e-01 -4.5300809783686704e+00
4.1739928667585530e-01 -4.5336867347527168e+00
4.1760185506826247e-01 -4.5372230156139732e+00
4.1780442344504193e-01 -4.5408806548706675e+00
4.1800699182449491e-01 -4.5446848902118546e+00
4.1820956021653871e-01 -4.5489291763150144e+00
4.1841212859379034e-01 -4.5539916358580941e+00
4.1861469701590270e-01 -4.5602126925126987e+00
4.1881726540763331e-01 -4.5674776437844216e+00
4.1901983378541607e-01 -4.5757181721377407e+00
4.1922240216778672e-01 -4.5851024537000535e+00
4.1942497055922051e-01 -4.5959240096633529e+00
4.1962753893756061e-01 -4.6071659219053522e+00
4.1983010732146103e-01 -4.6201720521708820e+00
4.2003267571264069e-01 -4.6346888508416209e+00
4.2023524409158702e-01 -4.6503211288643422e+00
4.2043781247707479e-01 -4.6653476856555400e+00
4.2064038086802424e-01 -4.6804370097220174e+00
4.2084294924760363e-01 -4.6941961045281628e+00
4.2104551763471065e-01 -4.7198131334718036e+00
4.2124808602548103e-01 -4.7333984838262637e+00
4.2145065440574975e-01 -4.7524438305869108e+00
4.2165322279453787e-01 -4.7703269009652276e+00
4.2185579118515681e-01 -4.7951360835717232e+00
4.2205835956615034e-01 -4.8177194132776124e+00
4.2226092795666420e-01 -4.8437303818553126e+00
4.2246349634719610e-01 -4.8678915743725906e+00
4.2266606472897417e-01 -4.8918910780234652e+00
4.2286863312127032e-01 -4.9150256089909625e+00
4.2307120151175254e-01 -4.9371524015218640e+00
4.2327376989436183e-01 -4.9579998274009629e+00
4.2347633828849551e-01 -4.9774394454869935e+00
4.2367890667897162e-01 -4.9970159750692549e+00
4.2388147506246349e-01 -5.0166334849567304e+00
4.2408404345849410e-01 -5.0360465448191185e+00
4.2428661184899841e-01 -5.0552755579383160e+00
4.2448918023341387e-01 -5.0746452103784385e+00
4.2469174863139136e-01 -5.0941044503285280e+00
4.2489431702196573e-01 -5.1133205354413294e+00
4.2509688540734758e-01 -5.1335328394133022e+00
4.2529945380731687e-01 -5.1543606947501361e+00
4.2550202219802363e-01 -5.1753474036656231e+00
4.2570459058444177e-01 -5.1959344618720555e+00
4.2590715898648018e-01 -5.2166614150865547e+00
4.2610972737734149e-01 -5.2372178032235510e+00
4.2631229576482887e-01 -5.2570683284293001e+00
4.2651486416898143e-01 -5.2768892164285655e+00
4.2671743256003969e-01 -5.2968511823269218e+00
4.2692000094864252e-01 -5.3168372439576306e+00
4.2712256935496112e-01 -5.3361830203574563e+00
4.2732513774626379e-01 -5.3558920910950141e+00
4.2752770613603691e-01 -5.3754650712230854e+00
4.2773027454458479e-01 -5.3947819918052460e+00
4.2793284293616490e-01 -5.4137880005307384e+00
4.2813541132715049e-01 -5.4332659051212815e+00
4.2833797973694232e-01 -5.4528489269609404e+00
4.2854054812884229e-01 -5.4717866029379625e+00
4.2874311652108454e-01 -5.4910687145666595e+00
4.2894568493043417e-01 -5.5104640108334948e+00
4.2914823201725821e-01 -5.5298424351899600e+00
4.2935075270988227e-01 -5.5487032243299215e+00
4.2955325770000974e-01 -5.5679733234878768e+00
4.2975575551080153e-01 -5.5871948332553583e+00
4.2995825976016239e-01 -5.6059861880348016e+00
4.2999999999999999e-01 -5.6097826286864025e+00
