0.0000000000000000e+00 1.7247418887214594e+00
6.9282034227255809e-04 1.7026050951361822e+00
1.2691575847387890e-03 1.6926538663966253e+00
1.7766909925690730e-03 1.6875002799170171e+00
2.2503945342833183e-03 1.6834491148933595e+00
2.7063921069307127e-03 1.6758277737931049e+00
3.1535610846462280e-03 1.6686377773534478e+00
3.5949061895565637e-03 1.6624752280915709e+00
4.0275378204312606e-03 1.6552863062749235e+00
4.4558605744714937e-03 1.6475514072370274e+00
4.8823499243788341e-03 1.6415194785407763e+00
5.3055572409429269e-03 1.6353056234927976e+00
5.7262417416727267e-03 1.6291997916190677e+00
6.1460070351295592e-03 1.6232761838945862e+00
6.5643609624503095e-03 1.6167801958554182e+00
6.9810148325128493e-03 1.6104310353045668e+00
7.3972640559865684e-03 1.6038887470621144e+00
7.8123311110313435e-03 1.5971730115456448e+00
8.2263982852097683e-03 1.5899926605946857e+00
8.6404985532753404e-03 1.5833587732798824e+00
9.0533442220835647e-03 1.5760374252538114e+00
9.4657322246502491e-03 1.5692676359207485e+00
9.8778817285941258e-03 1.5623859641225295e+00
1.0289275118073685e-02 1.5546249875836351e+00
1.0700625956468549e-02 1.5475988084494574e+00
1.1111393107597982e-02 1.5395287449146231e+00
1.1521850333304443e-02 1.5324262727045574e+00
1.1932265490921736e-02 1.5249373715316337e+00
1.2342094526723114e-02 1.5177329814180158e+00
1.2751875304557573e-02 1.5104222199908146e+00
1.3161344696458148e-02 1.5029321910725935e+00
1.3570519464115230e-02 1.4958436305856848e+00
1.3979841235135144e-02 1.4881743835813221e+00
1.4388608678648739e-02 1.4812708358911928e+00
1.4797318592587779e-02 1.4737849245767953e+00
1.5205897790709905e-02 1.4668192165300042e+00
1.5614164734438052e-02 1.4598239913127482e+00
1.6022570558630947e-02 1.4525669556364100e+00
1.6430603156392186e-02 1.4459225687878448e+00
1.6838535213882996e-02 1.4388423070876175e+00
1.7246482962973399e-02 1.4320697166385343e+00
1.7654131881604310e-02 1.4254601132128879e+00
1.8062117475202848e-02 1.4184955246809263e+00
1.8469630589382044e-02 1.4121689107050128e+00
1.8877031951402914e-02 1.4053827771364951e+00
1.9284514222259380e-02 1.3987817128679454e+00
1.9691726283308755e-02 1.3924396681155127e+00
2.0098979050632831e-02 1.3856611208679037e+00
2.0506095448426881e-02 1.3795018705184374e+00
2.0913108511033559e-02 1.3729197652791059e+00
2.1320220956795227e-02 1.3665409390592440e+00
2.1727099194763660e-02 1.3602342917052630e+00
2.2133998535969941e-02 1.3538000485877320e+00
2.2540820347886785e-02 1.3476017400700884e+00
2.2947549176034227e-02 1.3411822013180055e+00
2.3354387631627505e-02 1.3350282375734088e+00
2.3761022066125754e-02 1.3286439953482720e+00
2.4167661161282411e-02 1.3224979868355606e+00
2.4574259394340367e-02 1.3162437848533199e+00
2.4980769774906739e-02 1.3099453069424292e+00
2.5387360755277682e-02 1.3039472319695091e+00
2.5793799395558127e-02 1.2975748270005427e+00
2.6200226485250007e-02 1.2916487688589069e+00
2.6606661525628225e-02 1.2854837031345467e+00
2.7013001668797446e-02 1.2792832995626349e+00
2.7419381408815280e-02 1.2733691611923199e+00
2.7825919017211872e-02 1.2670897119462186e+00
2.8232191362416826e-02 1.2611720398483204e+00
2.8638509820126484e-02 1.2551844454034147e+00
2.9044722709673402e-02 1.2490492367425494e+00
2.9450932701580071e-02 1.2431794375662781e+00
2.9857144124820670e-02 1.2370867292741630e+00
3.0263288797039517e-02 1.2311530327349203e+00
3.0669453785636454e-02 1.2253397489271485e+00
3.1075584152222328e-02 1.2192129150597317e+00
3.1481665056469745e-02 1.2133565568902298e+00
3.1887784047278919e-02 1.2074734709129946e+00
3.2293831398480417e-02 1.2015456991629052e+00
3.2699843384525418e-02 1.1958734094623484e+00
3.3105888655272336e-02 1.1898426919815268e+00
3.3511852799374214e-02 1.1839966494701410e+00
3.3917795263967460e-02 1.1781775704092154e+00
3.4323758855750001e-02 1.1723223836647121e+00
3.4729647101830671e-02 1.1667282430317785e+00
3.5135522773306574e-02 1.1607552205345877e+00
3.5541425200041193e-02 1.1550139099884473e+00
3.5947231354292737e-02 1.1491782747935468e+00
3.6353020830321783e-02 1.1434717929014675e+00
3.6758818870856420e-02 1.1379200399526901e+00
3.7164556524404951e-02 1.1320129508588235e+00
3.7570285893560006e-02 1.1264706429146132e+00
3.7976002181552969e-02 1.1206536875797539e+00
3.8381910971054249e-02 1.1149959323382579e+00
3.8787607855761963e-02 1.1094987138688710e+00
3.9193241842250745e-02 1.1036571789685246e+00
3.9598841505189067e-02 1.0982598407485393e+00
4.0004504183246171e-02 1.0925406841323662e+00
4.0410328529742523e-02 1.0869286851822593e+00
4.0815913466325592e-02 1.0815906742061165e+00
4.1221506980859857e-02 1.0758402609733917e+00
4.1627050334944862e-02 1.0705259676854315e+00
4.2032626417756791e-02 1.0649441159114352e+00
4.2438171177817008e-02 1.0594109365859137e+00
4.2843692341672318e-02 1.0541913459272179e+00
4.3249259633492965e-02 1.0486150938134606e+00
4.3654766790387434e-02 1.0432787065424707e+00
4.4060290367290762e-02 1.0378703431299434e+00
4.4465791351709354e-02 1.0324303976859237e+00
4.4871264496574026e-02 1.0272129779535923e+00
4.5276792988788159e-02 1.0217543674273961e+00
4.5682262009495170e-02 1.0163944573434456e+00
4.6087738117525381e-02 1.0110545017628454e+00
4.6493223991665236e-02 1.0057277074822182e+00
4.6898681385120128e-02 1.0004499647860912e+00
4.7304180349976889e-02 9.9513149817965818e-01
4.7709627293926950e-02 9.8984713648122857e-01
4.8115076136693961e-02 9.8453346436223999e-01
4.8520555070136015e-02 9.7925480147988264e-01
4.8925997715545282e-02 9.7395225552962073e-01
4.9331469636277776e-02 9.6870793238389574e-01
4.9736905086460198e-02 9.6349906468303181e-01
5.0142331216105715e-02 9.5820109904917694e-01
5.0547800776131427e-02 9.5296463186117741e-01
5.0953225721871456e-02 9.4774002535166368e-01
5.1358660096450438e-02 9.4252804778247223e-01
5.1764095387753790e-02 9.3734576445871698e-01
5.2169510405187573e-02 9.3208774676546158e-01
5.2574951234468800e-02 9.2685652733645252e-01
5.2980355221888653e-02 9.2168294249882021e-01
5.3385758349746626e-02 9.1649354745032752e-01
5.3791189549441565e-02 9.1134920739795644e-01
5.4196586062334566e-02 9.0619611352365448e-01
5.4601988708233469e-02 9.0095499967306025e-01
5.5007393154721314e-02 8.9584932670637052e-01
5.5412777217278143e-02 8.9072179059529122e-01
5.5818180078559966e-02 8.8559774006125735e-01
5.6223569113760398e-02 8.8050623581631482e-01
5.6628947450807765e-02 8.7525825893290610e-01
5.7034347780017335e-02 8.7014735985527658e-01
5.7439734762077706e-02 8.6507200419865016e-01
5.7845119464283605e-02 8.5993820417036615e-01
5.8250511403218748e-02 8.5489606845498434e-01
5.8655881022860942e-02 8.4964717976398996e-01
5.9061256217512577e-02 8.4459341147869038e-01
5.9466643949323515e-02 8.3957559937098969e-01
5.9872014654018549e-02 8.3442303981301391e-01
6.0277391821308764e-02 8.2942611595491944e-01
6.0682763467170261e-02 8.2419132338780043e-01
6.1088122584710872e-02 8.1917283088829440e-01
6.1493487106102619e-02 8.1421611821075657e-01
6.1898858234697360e-02 8.0903752426609732e-01
6.2304218122756487e-02 8.0410554615877161e-01
6.2709581603278830e-02 7.9890422840895103e-01
6.3114936436992994e-02 7.9385853736700662e-01
6.3520280903556187e-02 7.8895224495434080e-01
6.3925631359344967e-02 7.8374901992093349e-01
6.4330978155492935e-02 7.7885607533347456e-01
6.4736311894286427e-02 7.7371287843385350e-01
6.5141652611253389e-02 7.6861647355841400e-01
6.5546987892988864e-02 7.6379632428724398e-01
6.5952310512660497e-02 7.5862223020371278e-01
6.6357642355386326e-02 7.5370585678795032e-01
6.6762963047906049e-02 7.4863553056271126e-01
6.7168274550885768e-02 7.4351047391937197e-01
6.7573598084642292e-02 7.3874630791749551e-01
6.7978905672407525e-02 7.3362805087460092e-01
6.8384208080359388e-02 7.2866200780800727e-01
6.8789525082219583e-02 7.2374059568065974e-01
6.9194815923652203e-02 7.1862916883043571e-01
6.9600105545822341e-02 7.1379659633036918e-01
7.0005409804703364e-02 7.0865517924909971e-01
7.0410694262714596e-02 7.0363245306786204e-01
7.0815983683070863e-02 6.9872453410484625e-01
7.1221264697795189e-02 6.9362109371010316e-01
7.1626530951617084e-02 6.8871598013239166e-01
7.2031808192119018e-02 6.8358624743343388e-01
7.2437078726302603e-02 6.7855589063732069e-01
7.2842339704211598e-02 6.7361606732381540e-01
7.3247618321869171e-02 6.6850779492410528e-01
7.3652869858581063e-02 6.6355457086013347e-01
7.4058118145317903e-02 6.5844281773014179e-01
7.4463385661582240e-02 6.5342574314556900e-01
7.4868627193412515e-02 6.4843842449682421e-01
7.5273871317794630e-02 6.4333576787946323e-01
7.5679122580666641e-02 6.3838884595516543e-01
7.6084353292008675e-02 6.3326571303568402e-01
7.6489593244278731e-02 6.2824224602877532e-01
7.6894835695410696e-02 6.2323414652998754e-01
7.7300063638812935e-02 6.1813719577156945e-01
7.7705305195028052e-02 6.1321472159895729e-01
7.8110537106491212e-02 6.0805883573105735e-01
7.8515762669488842e-02 6.0302868271642007e-01
7.8921003449028526e-02 5.9804511383760472e-01
7.9326231175589138e-02 5.9293842319330992e-01
7.9731459343699310e-02 5.8801441239710750e-01
8.0136690296761334e-02 5.8283280783246050e-01
8.0541957842198308e-02 5.7778492111106450e-01
8.0947178318928600e-02 5.7283540298662827e-01
8.1352410093914099e-02 5.6768793197999889e-01
8.1757631407241807e-02 5.6276805009492825e-01
8.2162858481492962e-02 5.5759685571337481e-01
8.2568077743215687e-02 5.5253286028887683e-01
8.2973292612706265e-02 5.4760360385413964e-01
8.3378526114117196e-02 5.4239840475051504e-01
8.3783743360499929e-02 5.3747603826800927e-01
8.4188960150489892e-02 5.3233708163170590e-01
8.4594183569793799e-02 5.2721524356444016e-01
8.4999394075476228e-02 5.2226930357075207e-01
8.5404605650244908e-02 5.1704792406939803e-01
8.5809824483873851e-02 5.1212083800883090e-01
8.6215034907904553e-02 5.0707237642147740e-01
8.6620247107035114e-02 5.0186288745001972e-01
8.7025460032332733e-02 4.9691027497665935e-01
8.7430669432150748e-02 4.9163151652435705e-01
8.7835879851461809e-02 4.8663333723868474e-01
8.8241090296551472e-02 4.8158766302057088e-01
8.8646297656952713e-02 4.7628948453327963e-01
8.9051499604029388e-02 4.7130612430591645e-01
8.9456707154621257e-02 4.6602692592835082e-01
8.9861909521736838e-02 4.6091687095282247e-01
9.0267111809934214e-02 4.5586150892612021e-01
9.0672320238525103e-02 4.5050988790733798e-01
9.1077505166396594e-02 4.4548843409713335e-01
9.1482705308271434e-02 4.4020985953944841e-01
9.1887910197505349e-02 4.3500012025378876e-01
9.2293114873224863e-02 4.2993152916837507e-01
9.2698317261973570e-02 4.2456212800522519e-01
9.3103488520025507e-02 4.1949023324680912e-01
9.3508690914838932e-02 4.1421692663428772e-01
9.3913889477162352e-02 4.0891937879205548e-01
9.4319053965021299e-02 4.0383566488272610e-01
9.4724253084305876e-02 3.9847158361870483e-01
9.5129408245283792e-02 3.9335372973572463e-01
9.5534611354740825e-02 3.8810076923809678e-01
9.5939805132439243e-02 3.8276193420109361e-01
9.6344946842589402e-02 3.7767629026456823e-01
9.6750148288171772e-02 3.7233234309486984e-01
9.7155295071911202e-02 3.6717146820635532e-01
9.7560479224231389e-02 3.6194687013078625e-01
9.7965671586186465e-02 3.5659676999486994e-01
9.8370797065557181e-02 3.5149202587691725e-01
9.8775984966789215e-02 3.4614660901681776e-01
9.9181130001846349e-02 3.4096897540497750e-01
9.9586310831849378e-02 3.3583152076731759e-01
9.9991497297377885e-02 3.3049530952202538e-01
1.0039660223201176e-01 3.2540847993782268e-01
1.0080181066059583e-01 3.2008449841431680e-01
1.0120699454942088e-01 3.1488192827549760e-01
1.0161212440734234e-01 3.0975687718573502e-01
1.0201730189413288e-01 3.0442436570701842e-01
1.0242239259680933e-01 2.9932768952660538e-01
1.0282757165020605e-01 2.9402393483347999e-01
1.0323271213230917e-01 2.8879811932112004e-01
1.0363780172024255e-01 2.8368733038571464e-01
1.0404297342099944e-01 2.7837393794135462e-01
1.0444805298547252e-01 2.7327415330739552e-01
1.0485320887352514e-01 2.6800642199338665e-01
1.0525835410925272e-01 2.6277916526011114e-01
1.0566342071785996e-01 2.5769078861175210e-01
1.0606858960009669e-01 2.5240277253405036e-01
1.0647366393278081e-01 2.4730214732075781e-01
1.0687878403461684e-01 2.4207586391631500e-01
1.0728394365362336e-01 2.3686200655450193e-01
1.0768899434552434e-01 2.3177764682872704e-01
1.0809416266621459e-01 2.2653635012644857e-01
1.0849923820248533e-01 2.2144900262014977e-01
1.0890432961747046e-01 2.1630709634736794e-01
1.0930949150801242e-01 2.1112709283831904e-01
1.0971452289246550e-01 2.0608996089280421e-01
1.1011968306624091e-01 2.0086260329048355e-01
1.1052484450880384e-01 1.9578798892822180e-01
1.1092990199697211e-01 1.9069039317792971e-01
1.1133506695117358e-01 1.8554328649488999e-01
1.1174008491073559e-01 1.8053903840456226e-01
1.1214524399115970e-01 1.7535651409092953e-01
1.1255031799656093e-01 1.7029956316307876e-01
1.1295535054892701e-01 1.6524090025679594e-01
1.1336051271819139e-01 1.6012752442177183e-01
1.1376552412194878e-01 1.5514712259209998e-01
1.1417061154332329e-01 1.5001174205022549e-01
1.1457569504285740e-01 1.4498039294101264e-01
1.1498070577672903e-01 1.3997212768061273e-01
1.1538586359672401e-01 1.3490273053860816e-01
1.1579087586357688e-01 1.2995258696743919e-01
1.1619593130761686e-01 1.2487253413201414e-01
1.1660103312083468e-01 1.1987643824682964e-01
1.1700603047367605e-01 1.1490764556462157e-01
1.1741117089309219e-01 1.0989578946649954e-01
1.1781618986113167e-01 1.0498159034203300e-01
1.1822121484935863e-01 9.9992953743126500e-02
1.1862631919733911e-01 9.5045503183989216e-02
1.1903147888188577e-01 9.0143706666319476e-02
1.1943663782699819e-01 8.5165811785344311e-02
1.1984165684936056e-01 8.0287675216617047e-02
1.2024665906282245e-01 7.5354991912669492e-02
1.2065178008017607e-01 7.0450211014382189e-02
1.2105693559080262e-01 6.5599931344517914e-02
1.2146200080147769e-01 6.0671631744860080e-02
1.2186702871017407e-01 5.5804167980709168e-02
1.2227201385416592e-01 5.0916179815851295e-02
1.2267715602571580e-01 4.6046826065354762e-02
1.2308212172040894e-01 4.1232387943829878e-02
1.2348728440733281e-01 3.6339774850008381e-02
1.2389232586892797e-01 3.1471413321451668e-02
1.2429729430425132e-01 2.6635655875851982e-02
1.2470242089399394e-01 2.1804293622738339e-02
1.2510738896008233e-01 1.7003331023438165e-02
1.2551239233087402e-01 1.2142048553264836e-02
1.2591745341023416e-01 7.2780422221740667e-03
1.2632241168831315e-01 2.4658477945076296e-03
1.2672750136823099e-01 -2.3204220368047662e-03
1.2713247646908479e-01 -7.1359544139417289e-03
1.2753763463112117e-01 -1.1928578235099380e-02
1.2794270226807891e-01 -1.6763542389126161e-02
1.2834764510720559e-01 -2.1527588288220361e-02
1.2875280030763936e-01 -2.6274360225146984e-02
1.2915778006231338e-01 -3.1110413270600289e-02
1.2956273804948978e-01 -3.5859643912998174e-02
1.2996782328566342e-01 -4.0640170387262357e-02
1.3037275980907778e-01 -4.5409566301287216e-02
1.3077777850380259e-01 -5.0124333782719355e-02
1.3118276854455810e-01 -5.4968519943345708e-02
1.3158792065672725e-01 -5.9688247226075464e-02
1.3199303530824427e-01 -6.4413194375737212e-02
1.3239797119858135e-01 -6.9227271559350601e-02
1.3280296036387307e-01 -7.3916542564685675e-02
1.3320796715559827e-01 -7.8744193634953774e-02
1.3361289920553834e-01 -8.3467553721171983e-02
1.3401797244263144e-01 -8.8141068786775315e-02
1.3442291181292268e-01 -9.2995346519754801e-02
1.3482787270385616e-01 -9.7666304032971621e-02
1.3523289902511476e-01 -1.0244757708535675e-01
1.3563782072956743e-01 -1.0724350214824005e-01
1.3604285836103097e-01 -1.1187240240959219e-01
1.3644780660638453e-01 -1.1672103687493790e-01
1.3685274808141770e-01 -1.2135617858759180e-01
1.3725778767469490e-01 -1.2607353859436971e-01
1.3766270260737509e-01 -1.3091317211567521e-01
1.3806771029513523e-01 -1.3550194299080320e-01
1.3847266345973044e-01 -1.4030482342702039e-01
1.3887758802333011e-01 -1.4499002398156707e-01
1.3928264796793643e-01 -1.4965103392552725e-01
1.3968756119150530e-01 -1.5450745507350067e-01
1.4009254104824481e-01 -1.5907732721640530e-01
1.4049750391971183e-01 -1.6382716110171647e-01
1.4090241342212292e-01 -1.6858756304792652e-01
1.4130747602278229e-01 -1.7319367210607214e-01
1.4171238987630211e-01 -1.7802327875773846e-01
1.4211734301898768e-01 -1.8263699850096471e-01
1.4252232182070262e-01 -1.8734386589417162e-01
1.4292722205390226e-01 -1.9214580168178058e-01
1.4333224577518547e-01 -1.9671907301609520e-01
1.4373716520584165e-01 -2.0149955310363782e-01
1.4414209630678471e-01 -2.0617537939676123e-01
1.4454709524395620e-01 -2.1082968005330885e-01
1.4495199075370130e-01 -2.1562931844056055e-01
1.4535698713993420e-01 -2.2022472193224385e-01
1.4576191476953912e-01 -2.2496204371561229e-01
1.4616682891976077e-01 -2.2965553696553567e-01
1.4657184284811725e-01 -2.3426965446186676e-01
1.4697673246755305e-01 -2.3903248614708358e-01
1.4738170050677510e-01 -2.4367446740388343e-01
1.4778663467826997e-01 -2.4835829521470382e-01
1.4819153349813530e-01 -2.5303842423953116e-01
1.4859656854270170e-01 -2.5766306426926400e-01
1.4900145767660816e-01 -2.6240116712686795e-01
1.4940639947028309e-01 -2.6704961235610158e-01
1.4981134553663991e-01 -2.7169486974359502e-01
1.5021623316930807e-01 -2.7635805048344042e-01
1.5062125584829852e-01 -2.8103216510917239e-01
1.5102615020972993e-01 -2.8574194043141243e-01
1.5143107228128075e-01 -2.9036471074868170e-01
1.5183603244273616e-01 -2.9503769096607729e-01
1.5224091191176023e-01 -2.9970418825612183e-01
1.5264590053965310e-01 -3.0439815297097911e-01
1.5305080212676517e-01 -3.0909282914547564e-01
1.5345570646973725e-01 -3.1369869128011318e-01
1.5386068386289731e-01 -3.1842843100793311e-01
1.5426555833861277e-01 -3.2310386725453055e-01
1.5467052125293254e-01 -3.2778010743919872e-01
1.5507543088659914e-01 -3.3251559030344652e-01
1.5548032213301535e-01 -3.3710546597887470e-01
1.5588538413182987e-01 -3.4185794809878750e-01
1.5629025262605414e-01 -3.4653142621013655e-01
1.5669518934766638e-01 -3.5116184200821671e-01
1.5710010810201153e-01 -3.5594923924294597e-01
1.5750498769828847e-01 -3.6052406631485362e-01
1.5790999907987127e-01 -3.6524628321701547e-01
1.5831486882014603e-01 -3.6998259089790669e-01
1.5871978188310776e-01 -3.7459293854221853e-01
1.5912483659203611e-01 -3.7940079537280091e-01
1.5952970561232394e-01 -3.8398511801668561e-01
1.5993469792158901e-01 -3.8867775545761185e-01
1.6033957185070583e-01 -3.9348976867776325e-01
1.6074446692261585e-01 -3.9806956812495647e-01
1.6114954329293429e-01 -4.0284761264768676e-01
1.6155440532922402e-01 -4.0750294837637580e-01
1.6195936789295107e-01 -4.1217092468248856e-01
1.6236424818561057e-01 -4.1701328449133046e-01
1.6276912796110110e-01 -4.2158370607631374e-01
1.6317418296903013e-01 -4.2633093693594593e-01
1.6357904138226925e-01 -4.3107360166844688e-01
1.6398398013470297e-01 -4.3570463322995862e-01
1.6438887105200869e-01 -4.4052218504143226e-01
1.6479374148859663e-01 -4.4512161251795140e-01
1.6519871398376637e-01 -4.4983761274467909e-01
1.6560356879233520e-01 -4.5462787785511127e-01
1.6600852013135442e-01 -4.5923727760479327e-01
1.6641341965592790e-01 -4.6402834703050111e-01
1.6681827998906476e-01 -4.6869861500911753e-01
1.6722326982802538e-01 -4.7338425804212236e-01
1.6762812410909250e-01 -4.7818099029150990e-01
1.6803301712474794e-01 -4.8283113966548358e-01
1.6843792709640318e-01 -4.8761560864207282e-01
1.6884277968075645e-01 -4.9234545791867518e-01
1.6924774867699460e-01 -4.9702320255925186e-01
1.6965260529510265e-01 -5.0183287298394286e-01
1.7005748116643457e-01 -5.0656802137346257e-01
1.7046240510685090e-01 -5.1135620731537301e-01
1.7086725244321660e-01 -5.1612700491419006e-01
1.7127219550169059e-01 -5.2087062062284339e-01
1.7167705813000328e-01 -5.2572019542833437e-01
1.7208192045623194e-01 -5.3054860109192525e-01
1.7248685936319980e-01 -5.3536963351741551e-01
1.7289181575165136e-01 -5.4020149712834220e-01
1.7329673485306515e-01 -5.4507627047721297e-01
1.7370160388729575e-01 -5.4997768759796195e-01
1.7410645519255355e-01 -5.5486907927033713e-01
1.7451140730663930e-01 -5.5977638190002987e-01
1.7491624928267011e-01 -5.6467996531068376e-01
1.7532114811742119e-01 -5.6968088708453402e-01
1.7572602433874260e-01 -5.7465086026416889e-01
1.7613086600696659e-01 -5.7959788117761091e-01
1.7653582797611594e-01 -5.8463888823242038e-01
1.7694067109009531e-01 -5.8961765288801138e-01
1.7734555258582135e-01 -5.9470245394772825e-01
1.7775044154187880e-01 -5.9977746002847354e-01
1.7815527938634829e-01 -6.0479740754375000e-01
1.7856020414394461e-01 -6.0998001657772283e-01
1.7896504961281801e-01 -6.1504725622165235e-01
1.7936991674642638e-01 -6.2020113976722102e-01
1.7977481893562855e-01 -6.2543197946125062e-01
1.8017965381684686e-01 -6.3052769945675025e-01
1.8058456451580446e-01 -6.3581749394753273e-01
1.8098941213731057e-01 -6.4099311114463020e-01
1.8139426453008364e-01 -6.4621367517380990e-01
1.8179917890905076e-01 -6.5159154880877301e-01
1.8220401018068741e-01 -6.5675332248466345e-01
1.8260891523973527e-01 -6.6210594231582365e-01
1.8301376649487425e-01 -6.6744214744024088e-01
1.8341860714938613e-01 -6.7272406078400548e-01
1.8382353345056707e-01 -6.7820265987950912e-01
1.8422836403514561e-01 -6.8345250892166798e-01
1.8463324777614376e-01 -6.8886229508585328e-01
1.8503810546231372e-01 -6.9435830750062832e-01
1.8544293780633433e-01 -6.9969614042903794e-01
1.8584784242172306e-01 -7.0523821570429823e-01
1.8625267344171809e-01 -7.1062881856520332e-01
1.8665754880219371e-01 -7.1610254639941939e-01
1.8706241583513039e-01 -7.2171971977313409e-01
1.8746724265145789e-01 -7.2712772811528537e-01
1.8787214233471256e-01 -7.3272706483164618e-01
1.8827697552987582e-01 -7.3827431830012347e-01
1.8868183731754365e-01 -7.4379667974230390e-01
1.8908671485521061e-01 -7.4948364528259459e-01
1.8949183013790422e-01 -7.5501350298745229e-01
1.8989671904838024e-01 -7.6066752603549115e-01
1.9030155390972706e-01 -7.6633959541033314e-01
1.9070640264805389e-01 -7.7192175979521627e-01
1.9111129113869299e-01 -7.7765892184051599e-01
1.9151610919912321e-01 -7.8331771169964093e-01
1.9192097773243244e-01 -7.8900841512304676e-01
1.9232581780432101e-01 -7.9475321509648889e-01
1.9273065668284367e-01 -8.0043775155985220e-01
1.9313554749322076e-01 -8.0623102604822361e-01
1.9354036589237680e-01 -8.1199387233148590e-01
1.9394523310393472e-01 -8.1773333130022163e-01
1.9435007882149768e-01 -8.2353433870639647e-01
1.9475490972332654e-01 -8.2934801776600853e-01
1.9515978991352656e-01 -8.3518934459301786e-01
1.9556460976016252e-01 -8.4100627413564588e-01
1.9596947689519914e-01 -8.4683492982085973e-01
1.9637432879587280e-01 -8.5269634119768356e-01
1.9677915257979939e-01 -8.5861516379844871e-01
1.9718402422772682e-01 -8.6450481048687977e-01
1.9758884525174519e-01 -8.7036613876283997e-01
1.9799370443213524e-01 -8.7631891896549396e-01
1.9839856366990641e-01 -8.8222144888177023e-01
1.9880338070911641e-01 -8.8818942315818539e-01
1.9920823904608673e-01 -8.9415824970828262e-01
1.9961320117578635e-01 -9.0005799737356262e-01
2.0001804978822094e-01 -9.0611577728111203e-01
2.0042291869907980e-01 -9.1206679326988560e-01
2.0082773137114815e-01 -9.1806183583275469e-01
2.0123257947587950e-01 -9.2415380263194535e-01
2.0163740846762188e-01 -9.3008714249715785e-01
2.0204224771355278e-01 -9.3619859606115541e-01
2.0244711165974602e-01 -9.4224047925630483e-01
2.0285192306314337e-01 -9.4826472143983842e-01
2.0325676864209827e-01 -9.5446198620244405e-01
2.0366167808368607e-01 -9.6043651571201905e-01
2.0406657812972667e-01 -9.6657540267546715e-01
2.0447143092901837e-01 -9.7274564072514047e-01
2.0487640130125015e-01 -9.7879753662792823e-01
2.0528126311142761e-01 -9.8504778896941514e-01
2.0568610439973262e-01 -9.9108823592801665e-01
2.0609092959421949e-01 -9.9724995489649737e-01
2.0649577336908004e-01 -1.0035328756340767e+00
2.0690072713963348e-01 -1.0096017600598821e+00
2.0730559011600405e-01 -1.0158708548016431e+00
2.0771043953990603e-01 -1.0220342671607854e+00
2.0811526019045262e-01 -1.0282144522016567e+00
2.0852009399874966e-01 -1.0345604260293138e+00
2.0892490872281691e-01 -1.0406784350912797e+00
2.0932975894431363e-01 -1.0469661882825361e+00
2.0973460977346028e-01 -1.0532501155030161e+00
2.1013942791907358e-01 -1.0594451663779156e+00
2.1054425962544587e-01 -1.0658180002580695e+00
2.1094908139331128e-01 -1.0720386543874529e+00
2.1135392561112765e-01 -1.0783415839797283e+00
2.1175876548209263e-01 -1.0847023438773709e+00
2.1216358172406988e-01 -1.0909409106189720e+00
2.1256842725487635e-01 -1.0973374390701587e+00
2.1297325593026098e-01 -1.1036522233964383e+00
2.1337809439857736e-01 -1.1099674956815955e+00
2.1378291663966989e-01 -1.1163609665944809e+00
2.1418785528608708e-01 -1.1226980743345341e+00
2.1459269625706909e-01 -1.1291139972563700e+00
2.1499753237997093e-01 -1.1354885044867984e+00
2.1540236605371188e-01 -1.1418366847961885e+00
2.1580718684409822e-01 -1.1482605939537600e+00
2.1621200212810607e-01 -1.1546946268512577e+00
2.1661685063196065e-01 -1.1611206125227300e+00
2.1702169371872732e-01 -1.1675114463281848e+00
2.1742652466909312e-01 -1.1739463506471142e+00
2.1783143450894679e-01 -1.1803957678708799e+00
2.1823625222419604e-01 -1.1868822703943123e+00
2.1864111659465588e-01 -1.1933398212124753e+00
2.1904594731499658e-01 -1.1997510398786275e+00
2.1945077622246262e-01 -1.2062832348636603e+00
2.1985570310022934e-01 -1.2127469963360289e+00
2.2026052516556957e-01 -1.2192409765654466e+00
2.2066538202681393e-01 -1.2257834485385555e+00
2.2107020225246585e-01 -1.2322143717266805e+00
2.2147503036926400e-01 -1.2388080771634147e+00
2.2187986024003306e-01 -1.2453048101919117e+00
2.2228468842776414e-01 -1.2517968549618574e+00
2.2268953939694405e-01 -1.2584354542581919e+00
2.2309434447317200e-01 -1.2648791828563917e+00
2.2349917309232895e-01 -1.2714829200758535e+00
2.2390400240442818e-01 -1.2780730386479719e+00
2.2430883876834290e-01 -1.2845723986525566e+00
2.2471368612402223e-01 -1.2912679690456845e+00
2.2511850295968031e-01 -1.2977482329360503e+00
2.2552333322452539e-01 -1.3043553430918180e+00
2.2592817139256416e-01 -1.3110539860409458e+00
2.2633300188011218e-01 -1.3175487382811937e+00
2.2673784766980906e-01 -1.3242535489469762e+00
2.2714266516720344e-01 -1.3308233423505884e+00
2.2754749935301094e-01 -1.3374359726738705e+00
2.2795234877105044e-01 -1.3442060671084786e+00
2.2835717081411391e-01 -1.3507260811301116e+00
2.2876201574985294e-01 -1.3574303843494873e+00
2.2916683272836391e-01 -1.3641139503013990e+00
2.2957168593173530e-01 -1.3707175993846510e+00
2.2997653187491496e-01 -1.3775084887558411e+00
2.3038133811931902e-01 -1.3841024665045683e+00
2.3078618776694770e-01 -1.3908118338864413e+00
2.3119112880052906e-01 -1.3975760132238815e+00
2.3159596493256296e-01 -1.4041969952437801e+00
2.3200081695969590e-01 -1.4109946903938053e+00
2.3240561488486636e-01 -1.4176919318625674e+00
2.3281046998186516e-01 -1.4244003225414614e+00
2.3321529101004523e-01 -1.4311897630717629e+00
2.3362011688890671e-01 -1.4378843489638904e+00
2.3402500148812219e-01 -1.4446893267380363e+00
2.3442981155308629e-01 -1.4514584507594661e+00
2.3483467349242645e-01 -1.4581838727880811e+00
2.3523950445136885e-01 -1.4649912795312983e+00
2.3564432242072120e-01 -1.4717863530458672e+00
2.3604920823375025e-01 -1.4785935858912684e+00
2.3645402198546636e-01 -1.4853815772283052e+00
2.3685888076397466e-01 -1.4921794684722034e+00
2.3726372408304444e-01 -1.4990039555813184e+00
2.3766853818258324e-01 -1.5058722669663496e+00
2.3807342875402937e-01 -1.5126975021360234e+00
2.3847824690345118e-01 -1.5194920247078059e+00
2.3888309513313832e-01 -1.5263860885288838e+00
2.3928794384844687e-01 -1.5332197688999876e+00
2.3969275407618815e-01 -1.5401018385516092e+00
2.4009765141986114e-01 -1.5469980134225036e+00
2.4050247241385178e-01 -1.5538032598392764e+00
2.4090731271047880e-01 -1.5607698018803768e+00
2.4131217391480200e-01 -1.5676268284946819e+00
2.4171698374766620e-01 -1.5745114146488399e+00
2.4212188851015387e-01 -1.5815134051625503e+00
2.4252671921652422e-01 -1.5883216683347967e+00
2.4293155486586662e-01 -1.5953093124088680e+00
2.4333643214855952e-01 -1.6022453321434287e+00
2.4374125751435330e-01 -1.6091369007506189e+00
2.4414614139584193e-01 -1.6162180521195320e+00
2.4455098503268929e-01 -1.6230520055837803e+00
2.4495581867938929e-01 -1.6300479264844132e+00
2.4536071356091574e-01 -1.6370979552076150e+00
2.4576554641913226e-01 -1.6439877708870572e+00
2.4617042278881066e-01 -1.6510904331270515e+00
2.4657528158721437e-01 -1.6580020703552700e+00
2.4698011531313807e-01 -1.6650118206943751e+00
2.4738502851625160e-01 -1.6721493932477034e+00
2.4778987041963962e-01 -1.6790541858175814e+00
2.4819474190473109e-01 -1.6861540630526457e+00
2.4859960820227564e-01 -1.6931787393092677e+00
2.4900445457945453e-01 -1.7001893562127877e+00
2.4940938373105809e-01 -1.7073566107666622e+00
2.4981423019294544e-01 -1.7143289014075920e+00
2.5021919177100804e-01 -1.7214376900337640e+00
2.5062407233008482e-01 -1.7285487661517294e+00
2.5102892372048841e-01 -1.7355731541969301e+00
2.5143384594450852e-01 -1.7427470139908086e+00
2.5183870602803737e-01 -1.7498271328801083e+00
2.5224357753578031e-01 -1.7569336577227439e+00
2.5264847327016049e-01 -1.7640735590875816e+00
2.5305333205572478e-01 -1.7711631009826438e+00
2.5345824966169839e-01 -1.7783437034515628e+00
2.5386326941435516e-01 -1.7855081885276951e+00
2.5426814485418298e-01 -1.7926257131062724e+00
2.5467312655167978e-01 -1.7997732705754308e+00
2.5507799446941254e-01 -1.8069657226159970e+00
2.5548291355911373e-01 -1.8141452966820981e+00
2.5588780678444156e-01 -1.8213349319888430e+00
2.5629269344447236e-01 -1.8285095629155315e+00
2.5669762458262163e-01 -1.8356639244315869e+00
2.5710250877334856e-01 -1.8429402991791617e+00
2.5750743050505109e-01 -1.8501284491087555e+00
2.5791233700926919e-01 -1.8573211421305267e+00
2.5831723074607849e-01 -1.8645979220270608e+00
2.5872217482741922e-01 -1.8717503588976498e+00
2.5912707443650423e-01 -1.8790520430842093e+00
2.5953200688539918e-01 -1.8862916016019966e+00
2.5993693163030185e-01 -1.8934872927889006e+00
2.6034183772709418e-01 -1.9008453083222852e+00
2.6074679716941462e-01 -1.9080028629631300e+00
2.6115171182788238e-01 -1.9153038129733839e+00
2.6155672910965622e-01 -1.9226392454004388e+00
2.6196166690183509e-01 -1.9298251526149885e+00
2.6236658177508054e-01 -1.9372054251509940e+00
2.6277155505431937e-01 -1.9444086382904033e+00
2.6317648201645594e-01 -1.9517021884417065e+00
2.6358142975078347e-01 -1.9591084544679960e+00
2.6398637304172923e-01 -1.9662885062575353e+00
2.6439129631035313e-01 -1.9736589034250753e+00
2.6479629287275036e-01 -1.9809485963548001e+00
2.6520123016373959e-01 -1.9882213611729147e+00
2.6560618294620653e-01 -1.9956473385266329e+00
2.6601113328860948e-01 -2.0028578460147841e+00
2.6641606212209767e-01 -2.0102157687907440e+00
2.6682104964546444e-01 -2.0175790819734178e+00
2.6722599409810360e-01 -2.0248353902364187e+00
2.6763095287434419e-01 -2.0322433527171664e+00
2.6803591314949687e-01 -2.0395297315328964e+00
2.6844085080577612e-01 -2.0468662677056293e+00
2.6884584696829972e-01 -2.0542423108311376e+00
2.6925080108905297e-01 -2.0615160292766910e+00
2.6965576526120505e-01 -2.0689025493492168e+00
2.7006073585293244e-01 -2.0762569185560285e+00
2.7046569130250242e-01 -2.0835767915587038e+00
2.7087069785673601e-01 -2.0909272416964728e+00
2.7127579494254794e-01 -2.0982718460528118e+00
2.7168076126178120e-01 -2.1056282134804030e+00
2.7208574012357856e-01 -2.1130017073745657e+00
2.7249070341697240e-01 -2.1203356944576228e+00
2.7289569734190455e-01 -2.1276550583415510e+00
2.7330066951422827e-01 -2.1350659901479005e+00
2.7370563893171967e-01 -2.1424009458975890e+00
2.7411062675088588e-01 -2.1497518766708654e+00
2.7451559387146540e-01 -2.1571502999521495e+00
2.7492058634628463e-01 -2.1644347356377240e+00
2.7532556461617191e-01 -2.1718640469394481e+00
2.7573053402496805e-01 -2.1791961623445908e+00
2.7613553153124309e-01 -2.1865216927852620e+00
2.7654050698591792e-01 -2.1939917320379894e+00
2.7694549839636989e-01 -2.2012368087495795e+00
2.7735048553663427e-01 -2.2086428398685327e+00
2.7775545896119519e-01 -2.2160241955207858e+00
2.7816047717189946e-01 -2.2233226746095496e+00
2.7856545939601779e-01 -2.2308157311755603e+00
2.7897045217521099e-01 -2.2380405168131228e+00
2.7937543974984985e-01 -2.2454154179708223e+00
2.7978042388497504e-01 -2.2528583859282016e+00
2.8018543635847326e-01 -2.2601201799244532e+00
2.8059042231228531e-01 -2.2675937722359301e+00
2.8099541580208365e-01 -2.2748609199357648e+00
2.8140040753737733e-01 -2.2822045301805782e+00
2.8180539174252067e-01 -2.2896669439691846e+00
2.8221040255265167e-01 -2.2969177840638486e+00
2.8261539150723619e-01 -2.3043580570714890e+00
2.8302038233698429e-01 -2.3116945545069187e+00
2.8342537713032306e-01 -2.3190020541390104e+00
2.8383036266427875e-01 -2.3264369703142425e+00
2.8423537254627990e-01 -2.3337281607299447e+00
2.8464036290936612e-01 -2.3411334002114685e+00
2.8504536658573443e-01 -2.3484977376846916e+00
2.8545036613517855e-01 -2.3557907806770912e+00
2.8585548818400319e-01 -2.3631879724528750e+00
2.8626049667272507e-01 -2.3705479743358997e+00
2.8666549065897384e-01 -2.3779145573085332e+00
2.8707049534509249e-01 -2.3852559001859799e+00
2.8747549810811401e-01 -2.3925884764527359e+00
2.8788049033959451e-01 -2.3999456231797640e+00
2.8828549714248280e-01 -2.4073420781603154e+00
2.8869048997923746e-01 -2.4146884348338231e+00
2.8909549117109629e-01 -2.4219964587892413e+00
2.8950049451008264e-01 -2.4293954058564400e+00
2.8990548689931123e-01 -2.4367089138730607e+00
2.9031050255563079e-01 -2.4440903716690894e+00
2.9071549650402478e-01 -2.4514652084859483e+00
2.9112049601861872e-01 -2.4587419471413181e+00
2.9152550019251638e-01 -2.4661827727828260e+00
2.9193049047905856e-01 -2.4734700093498398e+00
2.9233550382882584e-01 -2.4808254662651232e+00
2.9274049690719234e-01 -2.4882672260460228e+00
2.9314549583189259e-01 -2.4955060188172058e+00
2.9355049847744086e-01 -2.5029363668947489e+00
2.9395548841982005e-01 -2.5102440103791359e+00
2.9436049659621832e-01 -2.5175702540595357e+00
2.9476548787784596e-01 -2.5250585406392627e+00
2.9517048184982247e-01 -2.5322681622698444e+00
2.9557550967022239e-01 -2.5396680678657164e+00
2.9598049538705612e-01 -2.5470403662328525e+00
2.9638549985149248e-01 -2.5543291754640656e+00
2.9679055668713999e-01 -2.5618116118334653e+00
2.9719555131931746e-01 -2.5690401881146991e+00
2.9760054831752752e-01 -2.5764103051230447e+00
2.9800553223676085e-01 -2.5838358998157327e+00
2.9841053434226711e-01 -2.5910959898810146e+00
2.9881552121953459e-01 -2.5985473796136951e+00
2.9922051046942533e-01 -2.6058421585455891e+00
2.9962550311685859e-01 -2.6131770401397416e+00
3.0003048150330208e-01 -2.6206036254104212e+00
3.0043547605873455e-01 -2.6278764607615983e+00
3.0084045765640827e-01 -2.6352959542302523e+00
3.0124543952341110e-01 -2.6426508410502629e+00
3.0165042839154838e-01 -2.6499566670316197e+00
3.0205540413895671e-01 -2.6573559676769780e+00
3.0246039225252108e-01 -2.6646920860995165e+00
3.0286537154872900e-01 -2.6720794585490952e+00
3.0327051058140403e-01 -2.6794394865617517e+00
3.0367549647757486e-01 -2.6867508152626196e+00
3.0408046718118747e-01 -2.6941233202257657e+00
3.0448545264593857e-01 -2.7015200078516637e+00
3.0489042698477697e-01 -2.7088793151002584e+00
3.0529540034635128e-01 -2.7162125796410916e+00
3.0570038339492372e-01 -2.7235815903794776e+00
3.0610535055971649e-01 -2.7309231346830152e+00
3.0651032862688959e-01 -2.7383299816827185e+00
3.0691530083515661e-01 -2.7456896589753641e+00
3.0732026892912051e-01 -2.7529954529293246e+00
3.0772524948783986e-01 -2.7604262469350727e+00
3.0813021346711855e-01 -2.7677434841424682e+00
3.0853531969146752e-01 -2.7751283271724865e+00
3.0894028946249880e-01 -2.7825423523554367e+00
3.0934525362537418e-01 -2.7898193069144979e+00
3.0975023256614193e-01 -2.7972661067397051e+00
3.1015519277530418e-01 -2.8045842425491272e+00
3.1056015843968354e-01 -2.8119341606722918e+00
3.1096512564011930e-01 -2.8194147093167614e+00
3.1137008409728767e-01 -2.8266613818099522e+00
3.1177506142227129e-01 -2.8340847243982830e+00
3.1218001874020407e-01 -2.8414620908400909e+00
3.1258498190060785e-01 -2.8487859559414059e+00
3.1298994844190453e-01 -2.8562868324137467e+00
3.1339490592783076e-01 -2.8635285546558236e+00
3.1379987944761528e-01 -2.8709220184171502e+00
3.1420483563743351e-01 -2.8783710935134375e+00
3.1460979548929069e-01 -2.8856590544896394e+00
3.1501476266418460e-01 -2.8931386273196882e+00
3.1541971767192262e-01 -2.9004320724710362e+00
3.1582468605071112e-01 -2.9077940939423650e+00
3.1622964214873556e-01 -2.9152767509937325e+00
3.1663459962662993e-01 -2.9225527455205946e+00
3.1703967270967026e-01 -2.9300031984397883e+00
3.1744462788479300e-01 -2.9373715874604405e+00
3.1784959592941603e-01 -2.9447011976763773e+00
3.1825455414987885e-01 -2.9521664130978440e+00
3.1865956085808633e-01 -2.9594840627824324e+00
3.1906453294886122e-01 -2.9669037068870754e+00
3.1946948913551942e-01 -2.9743102204741190e+00
3.1987445549921406e-01 -2.9816274693982576e+00
3.2027941592061515e-01 -2.9890634047765681e+00
3.2068437054061844e-01 -2.9964482869127478e+00
3.2108934411848666e-01 -3.0038323920726655e+00
3.2149430026975345e-01 -3.0112275695345021e+00
3.2189926378641320e-01 -3.0185826848997861e+00
3.2230422671696746e-01 -3.0259959316599971e+00
3.2270918200381282e-01 -3.0334174007748720e+00
3.2311415493586321e-01 -3.0407817719187085e+00
3.2351911310335452e-01 -3.0481542358948031e+00
3.2392407798081241e-01 -3.0555766449736788e+00
3.2432904569810034e-01 -3.0629603977167443e+00
3.2473400359070453e-01 -3.0703646627250327e+00
3.2513897712787637e-01 -3.0777593884298455e+00
3.2554393954137129e-01 -3.0851123137683807e+00
3.2594894367675420e-01 -3.0925780945768020e+00
3.2635391723746449e-01 -3.0999467274093111e+00
3.2675887850578944e-01 -3.1073181202576534e+00
3.2716385236471074e-01 -3.1147757176360806e+00
3.2756881994379317e-01 -3.1221036607724599e+00
3.2797378950378131e-01 -3.1295581889491575e+00
3.2837876956521583e-01 -3.1369582753852758e+00
3.2878373491321189e-01 -3.1443008209740859e+00
3.2918871070925909e-01 -3.1518003024543342e+00
3.2959368461822758e-01 -3.1591098498701093e+00
3.2999865306372705e-01 -3.1665350208282437e+00
3.3040363955609819e-01 -3.1740090638280796e+00
3.3080860876966101e-01 -3.1813184127477929e+00
3.3121358674596663e-01 -3.1888050190402355e+00
3.3161856583843047e-01 -3.1961459615509940e+00
3.3202353709275823e-01 -3.2035394844470044e+00
3.3242852439789550e-01 -3.2110656629021337e+00
3.3283349898492071e-01 -3.2183494703217121e+00
3.3323851175648872e-01 -3.2258051529639413e+00
3.3364349757880019e-01 -3.2332221662208713e+00
3.3404847331430093e-01 -3.2405801420938212e+00
3.3445346206497600e-01 -3.2481048642011370e+00
3.3485844335753545e-01 -3.2554062204946717e+00
3.3526342734574793e-01 -3.2628318482819059e+00
3.3566842135665198e-01 -3.2703101136568620e+00
3.3607340362455035e-01 -3.2776380325372751e+00
3.3647839563396953e-01 -3.2851324268955517e+00
3.3688338488419817e-01 -3.2924994996598120e+00
3.3728837419759788e-01 -3.2998882994077081e+00
3.3769337689076601e-01 -3.3073771306640145e+00
3.3809836521275838e-01 -3.3147140297042212e+00
3.3850336155891780e-01 -3.3221822548082995e+00
3.3890835888553256e-01 -3.3296013459818150e+00
3.3931334988842449e-01 -3.3369602954037032e+00
3.3971835560468505e-01 -3.3444258038472157e+00
3.4012335066445576e-01 -3.3518267060964777e+00
3.4052837914902334e-01 -3.3592608437748055e+00
3.4093338443861049e-01 -3.3666855424597637e+00
3.4133838169152669e-01 -3.3740531806485965e+00
3.4174339209495908e-01 -3.3814987803532492e+00
3.4214839383018769e-01 -3.3889515478530505e+00
3.4255339911863603e-01 -3.3963559879216092e+00
3.4295842150005262e-01 -3.4037575164180458e+00
3.4336342556081273e-01 -3.4111845007564980e+00
3.4376843877754087e-01 -3.4186066559486350e+00
3.4417344939981620e-01 -3.4260615486188395e+00
3.4457846070602283e-01 -3.4334629518270106e+00
3.4498348442704652e-01 -3.4408424774590562e+00
3.4538849630141866e-01 -3.4483309408142997e+00
3.4579351577879092e-01 -3.4557307298325322e+00
3.4619855314120229e-01 -3.4631565309892478e+00
3.4660357257702445e-01 -3.4706165885482010e+00
3.4700860217449653e-01 -3.4779752601753082e+00
3.4741362406625192e-01 -3.4854781221873323e+00
3.4781865045435129e-01 -3.4928849235760380e+00
3.4822369176896245e-01 -3.5002714292695800e+00
3.4862871510886168e-01 -3.5077866045862729e+00
3.4903374719695818e-01 -3.5151270242479522e+00
3.4943877760766751e-01 -3.5225985381433667e+00
3.4984380459950692e-01 -3.5300655532209739e+00
3.5024884435062437e-01 -3.5374171900543190e+00
3.5065387377917345e-01 -3.5449480563628590e+00
3.5105891026287717e-01 -3.5522998349033488e+00
3.5146396154040882e-01 -3.5597434208502960e+00
3.5186903267066633e-01 -3.5672838749040823e+00
3.5227407951668727e-01 -3.5746012556568250e+00
3.5267911831759785e-01 -3.5821060662761957e+00
3.5308416209651439e-01 -3.5895259284487637e+00
3.5348920893475333e-01 -3.5969312374786035e+00
3.5389424955580506e-01 -3.6044951115761941e+00
3.5429929849913405e-01 -3.6118043118260332e+00
3.5470434580395599e-01 -3.6192756802088675e+00
3.5510939534846070e-01 -3.6267705405945483e+00
3.5551445235903029e-01 -3.6341381322777639e+00
3.5591950130753452e-01 -3.6416774875609170e+00
3.5632455628314186e-01 -3.6490392496147153e+00
3.5672961320747598e-01 -3.6564750778317898e+00
3.5713469906985301e-01 -3.6640016235825525e+00
3.5753982533718920e-01 -3.6713567947093093e+00
3.5794488209788283e-01 -3.6788690058551956e+00
3.5834994250800961e-01 -3.6863039030845921e+00
3.5875500726648152e-01 -3.6937060744622023e+00
3.5916006555466423e-01 -3.7012185321908202e+00
3.5956512869414803e-01 -3.7086126827586723e+00
3.5997019412592918e-01 -3.7160897125420389e+00
3.6037525563304307e-01 -3.7235554493719194e+00
3.6078032698992718e-01 -3.7309467757756587e+00
3.6118539302955471e-01 -3.7384402940177472e+00
3.6159046297125802e-01 -3.7458966794193529e+00
3.6199553613320651e-01 -3.7533384221102959e+00
3.6240060410408653e-01 -3.7607912151447387e+00
3.6280567803185093e-01 -3.7682223268962645e+00
3.6321075174636647e-01 -3.7756939503560227e+00
3.6361582297817896e-01 -3.7831782166278494e+00
3.6402090269390647e-01 -3.7906025715426996e+00
3.6442597606755861e-01 -3.7980327586431621e+00
3.6483105309283226e-01 -3.8055301035264852e+00
3.6523619790044570e-01 -3.8129780536694304e+00
3.6564127434451293e-01 -3.8204380698529392e+00
3.6604639872113920e-01 -3.8278978904213989e+00
3.6645147900879965e-01 -3.8353151504645466e+00
3.6685656082294010e-01 -3.8428470957653356e+00
3.6726164914938575e-01 -3.8502855547901880e+00
3.6766675556146261e-01 -3.8577115868642640e+00
3.6807184276059368e-01 -3.8652330793730356e+00
3.6847693240799578e-01 -3.8726324071754417e+00
3.6888202380599278e-01 -3.8801483530923573e+00
3.6928712006673897e-01 -3.8876214281104500e+00
3.6969220827611032e-01 -3.8950145833907630e+00
3.7009729978813438e-01 -3.9025731046346648e+00
3.7050239675905733e-01 -3.9099645727610155e+00
3.7090748905148435e-01 -3.9174420987057448e+00
3.7131258568547082e-01 -3.9249915758998695e+00
3.7171768223491913e-01 -3.9323536232931411e+00
3.7212278043884456e-01 -3.9398961899248861e+00
3.7252788353008126e-01 -3.9473310584203656e+00
3.7293298460278312e-01 -3.9547810037366671e+00
3.7333809831347531e-01 -3.9623745331468143e+00
3.7374320079559559e-01 -3.9697130161548593e+00
3.7414830248599329e-01 -3.9772285782776011e+00
3.7455340966777223e-01 -3.9847427683757193e+00
3.7495851345857723e-01 -3.9921472140761050e+00
3.7536361923784434e-01 -3.9997279994172943e+00
3.7576873072147582e-01 -4.0070963782717612e+00
3.7617383804110344e-01 -4.0145801924990661e+00
3.7657894879975540e-01 -4.0221514038140942e+00
3.7698406791874095e-01 -4.0295282759756006e+00
3.7738917986097498e-01 -4.0370763358885711e+00
3.7779429537938680e-01 -4.0445273388859588e+00
3.7819941377522848e-01 -4.0519781343056644e+00
3.7860453276049694e-01 -4.0595480839489682e+00
3.7900965060657582e-01 -4.0669394880850565e+00
3.7941476755689152e-01 -4.0744634224005862e+00
3.7981988749319140e-01 -4.0819651872555527e+00
3.8022500491898320e-01 -4.0893921238853821e+00
3.8063012315485545e-01 -4.0969404212367699e+00
3.8103524208040551e-01 -4.1043921530535270e+00
3.8144036039192358e-01 -4.1118764058209454e+00
3.8184547891089887e-01 -4.1193903399836058e+00
3.8225060266318817e-01 -4.1268277084554006e+00
3.8265572448148266e-01 -4.1343592827303226e+00
3.8306084744058794e-01 -4.1418575883612236e+00
3.8346597207221722e-01 -4.1493114011015875e+00
3.8387109650878254e-01 -4.1568081364193628e+00
3.8427622223828434e-01 -4.1643090895866601e+00
3.8468135167880529e-01 -4.1718172392928423e+00
3.8508648029767778e-01 -4.1793087678956864e+00
3.8549160899335677e-01 -4.1867727933927723e+00
3.8589673598522817e-01 -4.1942578460829640e+00
3.8630186210623124e-01 -4.2018038744949253e+00
3.8670699186939084e-01 -4.2092892029647428e+00
3.8711212152818647e-01 -4.2167548156894448e+00
3.8751725632999873e-01 -4.2242791279530802e+00
3.8792238978826810e-01 -4.2317463225321257e+00
3.8832752361487505e-01 -4.2392915651439953e+00
3.8873265982544652e-01 -4.2467872096261976e+00
3.8913779517562730e-01 -4.2542222609421509e+00
3.8954293075561541e-01 -4.2618050908714062e+00
3.8994807213726757e-01 -4.2692589246933892e+00
3.9035321180589250e-01 -4.2767680310144254e+00
3.9075835277898902e-01 -4.2843262279263481e+00
3.9116349152925473e-01 -4.2917350556439580e+00
3.9156862858868335e-01 -4.2993193966567684e+00
3.9197377014984774e-01 -4.3067883178962241e+00
3.9237890949563797e-01 -4.3142664848901333e+00
3.9278405405296107e-01 -4.3218822729563149e+00
3.9318919867924912e-01 -4.3292712742834132e+00
3.9359433980979180e-01 -4.3368297351893288e+00
3.9399948731979734e-01 -4.3443707419032096e+00
3.9440463191593467e-01 -4.3518080053746022e+00
3.9480978506040199e-01 -4.3594301560014124e+00
3.9521493144181941e-01 -4.3668325836055857e+00
3.9562007688958617e-01 -4.3743608300897847e+00
3.9602522844043392e-01 -4.3819727192115732e+00
3.9643037858393587e-01 -4.3893763529313148e+00
3.9683552505073322e-01 -4.3969688328702272e+00
3.9724067289638115e-01 -4.4044406981415012e+00
3.9764582114889946e-01 -4.4119363514143100e+00
3.9805096896185932e-01 -4.4195788970291536e+00
3.9845612038743494e-01 -4.4269770625409919e+00
3.9886127331312171e-01 -4.4345407165061195e+00
3.9926642625350511e-01 -4.4420954311686973e+00
3.9967157835105133e-01 -4.4495551171280958e+00
4.0007673036267716e-01 -4.4571768012281199e+00
4.0048188216045905e-01 -4.4646277673377437e+00
4.0088703338922754e-01 -4.4721585413155491e+00
4.0129218475402878e-01 -4.4797448802310758e+00
4.0169733587978218e-01 -4.4871934530798043e+00
4.0210248646131175e-01 -4.4947898482535846e+00
4.0250763738616807e-01 -4.5023021368395542e+00
4.0291278746422743e-01 -4.5098002468913565e+00
4.0331793732593940e-01 -4.5173834442271916e+00
4.0372308745539753e-01 -4.5248765957721639e+00
4.0412823668097841e-01 -4.5324478310121767e+00
4.0453338592185584e-01 -4.5399876296162658e+00
4.0493853509439143e-01 -4.5474756781938215e+00
4.0534368639789237e-01 -4.5550443783370946e+00
4.0574883509422865e-01 -4.5626003762120932e+00
4.0615398366058947e-01 -4.5701358813826474e+00
4.0655913199274163e-01 -4.5776608312133682e+00
4.0696427977822874e-01 -4.5851913885646951e+00
4.0736942669937837e-01 -4.5927448633466188e+00
4.0777457363418879e-01 -4.6003233543547246e+00
4.0817972124120488e-01 -4.6078506870257474e+00
4.0858486836375729e-01 -4.6153536080907003e+00
4.0899001544122537e-01 -4.6229527064982481e+00
4.0939516240421003e-01 -4.6304856607964151e+00
4.0980030889969316e-01 -4.6380399740169826e+00
4.1020545553455312e-01 -4.6456036383720996e+00
4.1061060189835857e-01 -4.6530935899532624e+00
4.1101574806042224e-01 -4.6607245185116604e+00
4.1142089423613232e-01 -4.6682531420423237e+00
4.1182603981365518e-01 -4.6757728968369312e+00
4.1223118539611348e-01 -4.6834019142683783e+00
4.1263633079397932e-01 -4.6908786407713272e+00
4.1304147579486189e-01 -4.6984621619609950e+00
4.1344662094664059e-01 -4.7060576285769402e+00
4.1385176565590431e-01 -4.7135563278106272e+00
4.1425691012339372e-01 -4.7213738369865412e+00
4.1466205484237462e-01 -4.7287344760721028e+00
4.1506719921594681e-01 -4.7357668102053720e+00
4.1547234354458357e-01 -4.7430744867848746e+00
4.1587748828245619e-01 -4.7505896212091470e+00
4.1628263178430874e-01 -4.7587638600389548e+00
4.1668777539737600e-01 -4.7683439833648658e+00
4.1709291903354750e-01 -4.7800727787015269e+00
4.1749806245937054e-01 -4.7938530347274435e+00
4.1790320553762539e-01 -4.8099823494481697e+00
4.1830834794091093e-01 -4.8284337199163261e+00
4.1871349025537175e-01 -4.8489709297246648e+00
4.1911863297934404e-01 -4.8709524001062228e+00
4.1952377596745843e-01 -4.8961632768378474e+00
4.1992891889845918e-01 -4.9244901583182994e+00
4.2033406116785615e-01 -4.9547301456975577e+00
4.2073920312237861e-01 -4.9838051772708303e+00
4.2114434521503702e-01 -5.0118190324224212e+00
4.2154948751188442e-01 -5.0420592170006797e+00
4.2195462953542234e-01 -5.0750182354706137e+00
4.2235977168799682e-01 -5.1128119771521900e+00
4.2276491348082634e-01 -5.1450158574925648e+00
4.2317005519049905e-01 -5.1769121231312081e+00
4.2357519719621467e-01 -5.2192156364968003e+00
4.2398027227575713e-01 -5.2661021949257334e+00
4.2438528553168559e-01 -5.3164159241177948e+00
4.2479028302689997e-01 -5.3680481793716952e+00
4.2519530055728416e-01 -5.4189833049040343e+00
4.2560026013902374e-01 -5.4662742445550121e+00
4.2600517769303031e-01 -5.5110154673352412e+00
4.2641007747742110e-01 -5.5524197148902754e+00
4.2681498978788379e-01 -5.5899599903282891e+00
4.2721996676419055e-01 -5.6265668579125050e+00
4.2762503409792768e-01 -5.6630703226604693e+00
4.2803012029068538e-01 -5.7004802290336833e+00
4.2843515787472425e-01 -5.7379793299015907e+00
4.2884021001166173e-01 -5.7752617654347338e+00
4.2924534448335760e-01 -5.8118746555328142e+00
4.2965043040589918e-01 -5.8460005548865519e+00
4.2999999999999999e-01 -5.8751409611241456e+00
