9.9999916575177383e-01 6.7979940398521091e-07 9.9999860958682632e+01
9.9999893886806168e-01 8.6469559051544099e-07 9.9999823144753663e+01
9.9999859683252079e-01 1.1433942923378251e-06 9.9999766138102274e+01
9.9999821073194450e-01 1.4580171084403649e-06 9.9999701786683630e+01
9.9999788759788566e-01 1.7213667524896450e-06 9.9999647931079636e+01
9.9999770508741137e-01 1.8700373347654330e-06 9.9999617517917130e+01
9.9999766297294923e-01 1.9043315392150418e-06 9.9999610495943813e+01
9.9999785474833369e-01 1.8850645069598621e-06 9.9999614452481154e+01
9.9999787091286585e-01 1.8715502976659629e-06 9.9999617215817324e+01
9.9999625981311624e-01 1.8742562455977046e-06 9.9999616636178501e+01
9.9999222635177254e-01 1.8734830698384064e-06 9.9999616817833925e+01
9.9998639411867762e-01 1.8609233160755368e-06 9.9999619412020309e+01
9.9998029663493582e-01 1.8457789053382601e-06 9.9999622448727820e+01
9.9997551503815130e-01 1.8385098444407394e-06 9.9999623940555949e+01
9.9997295823325871e-01 1.8379831486208179e-06 9.9999624147329740e+01
9.9997254984538231e-01 1.8357001148260213e-06 9.9999624531773605e+01
9.9997318053613204e-01 1.8295663598112776e-06 9.9999625672149250e+01
9.9997414645394866e-01 1.8248909957334273e-06 9.9999626876820798e+01
9.9997513713619623e-01 1.8235382292114680e-06 9.9999627114448856e+01
9.9997615938404316e-01 1.8249297302036389e-06 9.9999626520787899e+01
9.9997720261586776e-01 1.8283283698227848e-06 9.9999626023729519e+01
9.9997824061578222e-01 1.8310101400138419e-06 9.9999625870972721e+01
9.9997924740015498e-01 1.8304136213918142e-06 9.9999625493049535e+01
9.9998021645372748e-01 1.8306960725609893e-06 9.9999625035297271e+01
9.9998115082060779e-01 1.8360220195683127e-06 9.9999624845281090e+01
9.9998203725740242e-01 1.8425258597971936e-06 9.9999623971274673e+01
9.9998285948442112e-01 1.8458015567309430e-06 9.9999621436635351e+01
9.9998362707011479e-01 1.8550365716700852e-06 9.9999619625562644e+01
9.9998435274670372e-01 1.8700201300741546e-06 9.9999619621523038e+01
9.9998502810289391e-01 1.8724713202585134e-06 9.9999617910900412e+01
9.9998565149069030e-01 1.8668580506033966e-06 9.9999614123320299e+01
9.9998625369005023e-01 1.8876934363515183e-06 9.9999614347427396e+01
9.9998680870819034e-01 1.9112660736176123e-06 9.9999614766896229e+01
9.9998728371202183e-01 1.9005682448616877e-06 9.9999609077991607e+01
9.9998773796763996e-01 1.8950860375980323e-06 9.9999605020776841e+01
9.9998821428428408e-01 1.9330905450945226e-06 9.9999609023858852e+01
9.9998863215663691e-01 1.9540840690217859e-06 9.9999608055596553e+01
9.9998896607585153e-01 1.9383783087490978e-06 9.9999598605723492e+01
9.9998930211761783e-01 1.9534093221020763e-06 9.9999595270614606e+01
9.9998962674016201e-01 1.9827059730490975e-06 9.9999595080866101e+01
9.9998989310792097e-01 1.9816107458028446e-06 9.9999588715522094e+01
9.9999024424928795e-01 2.0622636840926219e-06 9.9999598719086691e+01
9.9999052590528270e-01 2.0972843112566147e-06 9.9999599013162168e+01
9.9999046569292294e-01 1.8653387062549469e-06 9.9999544561237173e+01
9.9999064760842171e-01 1.8443777265370085e-06 9.9999533273387215e+01
9.9999171372581819e-01 2.5583618255492702e-06 9.9999672414677235e+01
9.9999207807500634e-01 2.7136036590930902e-06 9.9999697378582908e+01
9.9999027319395628e-01 1.1151668438253345e-06 9.9999363357190276e+01
9.9998961239155904e-01 4.6427179278309160e-07 9.9999222209172189e+01
9.9999396218111547e-01 3.9076459020364118e-06 9.9999917705013360e+01
9.9999692884429214e-01 6.2291796855011948e-06 1.0000038394174956e+02
9.9998973784497824e-01 2.7777844951247375e-07 9.9999158512906803e+01
9.9998067479582831e-01 -7.1850339396332243e-06 9.9997623621438862e+01
9.9999135165586583e-01 1.4604398316642907e-06 9.9999382999221240e+01
1.0000152846031389e+00 2.0922915353927256e-05 1.0000335528629495e+02
1.0000079382416525e+00 1.4886937913230691e-05 1.0000211192020348e+02
9.9995673020609210e-01 -2.6888102005916355e-05 9.9993557119798339e+01
9.9993356438234382e-01 -4.5758708396633357e-05 9.9989686068532222e+01
1.0000177530114398e+00 2.2971452797692394e-05 1.0000373206825230e+02
1.0001560894272754e+00 1.3596714877973383e-04 1.0002683690652472e+02
1.0001984751866890e+00 1.7079086379626372e-04 1.0003395217049572e+02
1.0002415163989611e+00 2.0590741682067259e-04 1.0004112739734677e+02
1.0008365235624339e+00 6.9029763821480716e-04 1.0014028064429826e+02
1.0023305415307340e+00 1.9057930003550387e-03 1.0038953569935822e+02
1.0046777381332204e+00 3.8123035161334137e-03 1.0078175642247817e+02
1.0095725390054060e+00 7.7744969992956763e-03 1.0160184800341776e+02
1.0197210802947325e+00 1.5929066489683352e-02 1.0331081160476387e+02
1.0353760491282229e+00 2.8343785678093775e-02 1.0596892210138029e+02
1.0550199984777415e+00 4.3644324350515948e-02 1.0934192624181330e+02
1.0768551463541234e+00 6.0295636462984470e-02 1.1314016036221554e+02
1.0994100529735384e+00 7.7109502138313329e-02 1.1711745594562291e+02
1.1217933196036558e+00 9.3415516313860164e-02 1.2111841079201486e+02
1.1436456951608527e+00 1.0897733274884391e-01 1.2507609010309326e+02
1.1648700828990590e+00 1.2376093427291189e-01 1.2896865141237282e+02
1.1854072481586801e+00 1.3776154553465844e-01 1.3278053426845435e+02
1.2051450621385673e+00 1.5094061367824826e-01 1.3648583418607387e+02
1.2239483486272362e+00 1.6324837760066216e-01 1.4005357803376171e+02
1.2417175818466071e+00 1.7466168682228245e-01 1.4345891655134625e+02
1.2583685795254176e+00 1.8516819638565471e-01 1.4667960425767939e+02
1.2738214384550668e+00 1.9475827895189712e-01 1.4969410432995369e+02
1.2880608635274440e+00 2.0346091572718411e-01 1.5249362303367036e+02
1.3011184277557897e+00 2.1132969316784009e-01 1.5507904012295285e+02
1.3129750405685003e+00 2.1838351245113150e-01 1.5744172758097460e+02
1.3235989917222770e+00 2.2463126186300522e-01 1.5957095631745239e+02
1.3330563930014441e+00 2.3013592253802884e-01 1.6147608717967296e+02
1.3413946881864416e+00 2.3494505317220538e-01 1.6316333555414406e+02
1.3485463656397649e+00 2.3903714607221224e-01 1.6461611089698795e+02
1.3545181212034698e+00 2.4243141995370673e-01 1.6583324896558793e+02
1.3594527379267207e+00 2.4522084939735675e-01 1.6684181455416297e+02
1.3633160239580828e+00 2.4739513387223031e-01 1.6763321984691476e+02
1.3658945767999242e+00 2.4884207951865259e-01 1.6816245288856152e+02
1.3672580506323901e+00 2.4960644118710568e-01 1.6844284662704729e+02
1.3677005430441944e+00 2.4985535554824143e-01 1.6853426039052874e+02
1.3670410982298991e+00 2.4948837270290383e-01 1.6839941946080404e+02
1.3648531638358832e+00 2.4826538397630460e-01 1.6795108954628819e+02
1.3613662593041789e+00 2.4630945893192985e-01 1.6723718753299585e+02
1.3569598967588992e+00 2.4382723199855383e-01 1.6633660548464383e+02
1.3509458376453316e+00 2.4042094713664239e-01 1.6511050959455139e+02
1.3426054876610354e+00 2.3566158707855184e-01 1.6341598800812045e+02
1.3326699645169890e+00 2.2993682067506518e-01 1.6140606311918060e+02
1.3218877331710837e+00 2.2365663487753629e-01 1.5923586971400391e+02
1.3084182613071897e+00 2.1571413065894121e-01 1.5654176058003736e+02
1.2901913793819080e+00 2.0479040018019870e-01 1.5292573730411340e+02
1.2687894097769350e+00 1.9169351351162106e-01 1.4872175711875900e+02
1.2469308091975213e+00 1.7800642794219038e-01 1.4447459606397013e+02
1.2204361756626625e+00 1.6099620569792616e-01 1.3939242519613640e+02
1.1795348279068425e+00 1.3382842114204230e-01 1.3169616022624507e+02
1.1243214146083575e+00 9.5286578401773056e-02 1.2158513045742097e+02
1.0688443967215917e+00 5.4243612192638457e-02 1.1174380769528457e+02
1.0295934774449320e+00 2.3751862736774883e-02 1.0497951607451111e+02
1.0107987662248090e+00 8.7499396694289879e-03 1.0180592760904463e+02
1.0038800070889018e+00 3.1588850940931648e-03 1.0064806674245865e+02
1.0014098727394565e+00 1.1490019141747827e-03 1.0023522555851457e+02
1.0004563074890946e+00 3.7186610527097119e-04 1.0007607880219589e+02
1.0001049734942962e+00 8.5555312717532645e-05 1.0001749946418900e+02
1.0000112660407816e+00 9.1845283272886179e-06 1.0000187839514501e+02
1.0000027260294717e+00 2.2219214874275271e-06 1.0000045439503791e+02
1.0000064320353512e+00 5.2411341808915085e-06 1.0000107201652668e+02
1.0000056937695017e+00 4.6397486791968436e-06 1.0000094896611554e+02
1.0000022679312190e+00 1.8480327980516312e-06 1.0000037798894741e+02
1.0000000426679883e+00 3.4781627976259063e-08 1.0000000711129672e+02
9.9999959204243150e-01 -3.3243773914042137e-07 9.9999932007084539e+01
9.9999984037643119e-01 -1.3006919029860344e-07 9.9999973396077479e+01
1.0000000318576785e+00 2.5958206883934420e-08 1.0000000530961319e+02
1.0000000531789159e+00 4.3334699999678406e-08 1.0000000886315340e+02
1.0000000159713229e+00 1.3014078268200444e-08 1.0000000266188783e+02
9.9999999538230122e-01 -3.7625795590045578e-09 9.9999999230384105e+01
9.9999999479875112e-01 -4.2384350934865236e-09 9.9999999133125726e+01
9.9999999903175418e-01 -7.8893564166601008e-10 9.9999999838626223e+01
1.0000000007102152e+00 5.7871899773585863e-10 1.0000000011836968e+02
1.0000000004663545e+00 3.8003549000119019e-10 1.0000000007772601e+02
1.0000000000217348e+00 1.7719893876926280e-11 1.0000000000362269e+02
9.9999999991571875e-01 -6.8668241791356473e-11 9.9999999985953394e+01
9.9999999996701017e-01 -2.6897167108875201e-11 9.9999999994502133e+01
1.0000000000052398e+00 4.2379083869813840e-12 1.0000000000087380e+02
1.0000000000080713e+00 6.6259584753165926e-12 1.0000000000134563e+02
1.0000000000013913e+00 1.4238741963251401e-12 1.0000000000023226e+02
9.9999999999877920e-01 -6.4750153999868432e-13 9.9999999999796927e+01
9.9999999999980127e-01 -8.2288156607979396e-13 9.9999999999967230e+01
1.0000000000017963e+00 -1.4639971619412601e-12 1.0000000000029974e+02
1.0000000000016898e+00 -1.2093091840315993e-12 1.0000000000028209e+02
9.9999999999509337e-01 4.0383387335030504e-12 9.9999999999182734e+01
9.9999999998265432e-01 1.4110440827652584e-11 9.9999999997109484e+01
9.9999999998615474e-01 1.1262642645965527e-11 9.9999999997692981e+01
1.0000000000446185e+00 -3.6363636125889706e-11 1.0000000000743685e+02
1.0000000001531906e+00 -1.2483262946581584e-10 1.0000000002553224e+02
1.0000000001368246e+00 -1.1149779116351126e-10 1.0000000002280464e+02
9.9999999967242437e-01 2.6692693959152725e-10 9.9999999945404625e+01
9.9999999867895917e-01 1.0764708085756930e-09 9.9999999779826993e+01
9.9999999819356733e-01 1.4720003058496881e-09 9.9999999698928491e+01
1.0000000004981624e+00 -4.0594248353549699e-10 1.0000000008302786e+02
1.0000000071897444e+00 -5.8587024420855566e-09 1.0000000119829161e+02
1.0000000135884382e+00 -1.1072796230436075e-08 1.0000000226474063e+02
1.0000000018621262e+00 -1.5173944739151523e-09 1.0000000031035532e+02
9.9999994101437184e-01 4.8065523662425576e-08 9.9999990169063040e+01
9.9999979968534580e-01 1.6323010548935507e-07 9.9999966614227418e+01
9.9999956819478997e-01 3.5186451973461406e-07 9.9999928032476305e+01
9.9999927064015270e-01 5.9433255216407981e-07 9.9999878440055994e+01
9.9999895388687465e-01 8.5244503952315666e-07 9.9999825647874303e+01
9.9999866907889823e-01 1.0845263554246777e-06 9.9999778179915836e+01
9.9999845804236021e-01 1.2564936239020418e-06 9.9999743007193047e+01
9.9999834407525023e-01 1.3493619763339661e-06 9.9999724012695054e+01
9.9999832347857365e-01 1.3661455869641078e-06 9.9999720579919341e+01
9.9999836225803673e-01 1.3345453738050748e-06 9.9999727043155985e+01
9.9999841287178548e-01 1.2933017580179768e-06 9.9999735478771697e+01
9.9999844226443302e-01 1.2693505793501523e-06 9.9999740377541258e+01
9.9999844880576794e-01 1.2640202429363164e-06 9.9999741467762618e+01
9.9999845542567556e-01 1.2586258783380476e-06 9.9999742571079508e+01
9.9999847939630404e-01 1.2390929414145439e-06 9.9999746566180221e+01
9.9999851376874915e-01 1.2110838774261192e-06 9.9999752294915368e+01
9.9999854607944871e-01 1.1847548645428611e-06 9.9999757680026619e+01
9.9999857674961512e-01 1.1597626833198769e-06 9.9999762791716165e+01
9.9999861348152186e-01 1.1298309605693275e-06 9.9999768913694908e+01
9.9999865324134662e-01 1.0974318901615496e-06 9.9999775540326340e+01
9.9999868703702588e-01 1.0698928295239539e-06 9.9999781172934547e+01
9.9999871744633340e-01 1.0451132006449923e-06 9.9999786241148058e+01
9.9999875686128292e-01 1.0129951573118595e-06 9.9999792810300818e+01
9.9999880509572958e-01 9.7369040706299101e-07 9.9999800849368825e+01
9.9999884490091817e-01 9.4125433408730944e-07 9.9999807483561625e+01
9.9999886619495304e-01 9.2390249246836369e-07 9.9999811032564736e+01
9.9999887937587728e-01 9.1316181284945691e-07 9.9999813229383847e+01
9.9999890273593706e-01 8.9412630669638069e-07 9.9999817122724210e+01
9.9999894062957018e-01 8.6324801967560996e-07 9.9999823438325166e+01
9.9999898373897755e-01 8.2811956907645034e-07 9.9999830623221442e+01
9.9999902199384749e-01 7.9694659116321422e-07 9.9999836999028759e+01
9.9999904992656874e-01 7.7418534049628964e-07 9.9999841654479269e+01
9.9999906800424831e-01 7.5945439096484044e-07 9.9999844667424014e+01
9.9999908308155350e-01 7.4716803055822000e-07 9.9999847180306546e+01
9.9999910361611377e-01 7.3043536170077500e-07 9.9999850602731414e+01
9.9999913154454978e-01 7.0767760956508332e-07 9.9999855257468141e+01
9.9999916256851618e-01 6.8239619044675924e-07 9.9999860428126340e+01
9.9999919140425853e-01 6.5889955493560679e-07 9.9999865234080886e+01
9.9999921313656204e-01 6.4119136935611989e-07 9.9999868856129524e+01
9.9999922504347682e-01 6.3148642123441974e-07 9.9999870840614278e+01
9.9999923109841182e-01 6.2655415526049471e-07 9.9999871849769704e+01
9.9999924169541854e-01 6.1792077129234930e-07 9.9999873615936735e+01
9.9999926345694889e-01 6.0018310164417141e-07 9.9999877242856883e+01
9.9999928969801577e-01 5.7880256888741532e-07 9.9999881616365940e+01
9.9999930252529157e-01 5.6835550127487656e-07 9.9999883754244081e+01
9.9999927436134162e-01 5.9129520423371473e-07 9.9999879060255154e+01
