9.9990865258526518e-01 -7.4629225977677129e-05 9.9984773743840975e+01
1.0001289325159461e+00 1.0489147893332179e-04 1.0002148659954810e+02
9.9996051481788883e-01 -3.2324111932662640e-05 9.9993417120970008e+01
9.9991146791857966e-01 -7.2327632027924165e-05 9.9985242141330161e+01
1.0001227388461658e+00 1.0008087254557871e-04 1.0002045334995967e+02
9.9996888521389704e-01 -2.5065912614619222e-05 9.9994810879293027e+01
9.9992062632133460e-01 -6.4645646226972449e-05 9.9986766803520936e+01
1.0000855975811147e+00 6.9546371517698117e-05 1.0001425955224116e+02
1.0000054866261772e+00 4.0803786850405022e-06 1.0000084639969904e+02
9.9993398752027074e-01 -5.4559457056994368e-05 9.9988837851773027e+01
1.0000181710764804e+00 1.7116315655973063e-05 1.0000348768137215e+02
1.0000594016637820e+00 4.7963893966443719e-05 1.0000977640658803e+02
9.9995933781585600e-01 -3.5589934773223041e-05 9.9992723691005125e+01
9.9993895132979138e-01 -5.0737077113390142e-05 9.9989667926468854e+01
1.0001062447674913e+00 8.6934211365075620e-05 1.0001777013898416e+02
1.0000028737368849e+00 3.0925575889290056e-06 1.0000058135808396e+02
9.9985393818196655e-01 -1.1868789461933782e-04 9.9975738970257822e+01
1.0001166064179545e+00 9.5166880595826621e-05 1.0001949431539325e+02
1.0000780660872726e+00 6.3905136564964732e-05 1.0001305471009843e+02
9.9980415423448465e-01 -1.5938923684077173e-04 9.9967392252462759e+01
1.0000647019676416e+00 5.2885053703785870e-05 1.0001081226894351e+02
1.0001546360734701e+00 1.2612313229505071e-04 1.0002579373565939e+02
9.9983041605293621e-01 -1.3812627799877247e-04 9.9971769698655550e+01
9.9996182364837982e-01 -3.1109956565365393e-05 9.9993633159711095e+01
1.0001714724689490e+00 1.4010418648924508e-04 1.0002862434566561e+02
9.9994882045139211e-01 -4.1263548411014633e-05 9.9991571275432449e+01
9.9988228303873805e-01 -9.7699616639653484e-05 9.9980048306950920e+01
1.0000656392046361e+00 5.7032290331825752e-05 1.0001163641919342e+02
1.0001001286693310e+00 7.8668110633825505e-05 1.0001607116615065e+02
9.9992629783734355e-01 -5.7513420594127929e-05 9.9988260119854004e+01
9.9988202535332182e-01 -9.8397320948176632e-05 9.9979878524240405e+01
1.0001169228264302e+00 9.6934081133493618e-05 1.0001981226685109e+02
1.0001378782900787e+00 1.1136339875249565e-04 1.0002277318927807e+02
9.9978104468134543e-01 -1.7772244732944706e-04 9.9963655322372091e+01
9.9991453169981792e-01 -6.9800906070054396e-05 9.9985735678424788e+01
1.0003081839262504e+00 2.5110780210780198e-04 1.0005136680514940e+02
9.9996938843347338e-01 -2.4141851885718524e-05 9.9995033011174314e+01
9.9966962858110531e-01 -2.7020375432352118e-04 9.9944769123656670e+01
1.0001472394261159e+00 1.2150639240767771e-04 1.0002486435662684e+02
1.0002883504012823e+00 2.3313377019883017e-04 1.0004766260285234e+02
9.9978660465715552e-01 -1.7128952591625857e-04 9.9964974913917729e+01
9.9977806253656798e-01 -1.8378041497493276e-04 9.9962436938049905e+01
1.0001915728522124e+00 1.5902376623838470e-04 1.0003251100487589e+02
1.0002161445767037e+00 1.7398008679407294e-04 1.0003558255738946e+02
9.9986257261806899e-01 -1.1067882821529535e-04 9.9977374951034989e+01
9.9971876612421728e-01 -2.2961063802618220e-04 9.9953046555718629e+01
1.0000793265718879e+00 6.4671698547028576e-05 1.0001322110360545e+02
1.0004151475725491e+00 3.3857778011907861e-04 1.0006926699921556e+02
9.9995020156897640e-01 -4.0891886889956310e-05 9.9991638086694053e+01
9.9942757601900079e-01 -4.6622566686307671e-04 9.9904697967470923e+01
1.0000290202102482e+00 2.3981691085499794e-05 1.0000487612433272e+02
1.0007012334863257e+00 5.7062872698036187e-04 1.0011678601474972e+02
1.0000362397343192e+00 2.9963307911531370e-05 1.0000614061632334e+02
9.9924284127079821e-01 -6.1659380388744058e-04 9.9873946885243669e+01
9.9978689824759359e-01 -1.7403382104990892e-04 9.9964397880484199e+01
1.0006811022299760e+00 5.5419018074948838e-04 1.0011344041509378e+02
1.0005317660503283e+00 4.3392355823864109e-04 1.0008877243259977e+02
9.9961685293679692e-01 -3.1149649087784914e-04 9.9936294502798006e+01
9.9906061810786195e-01 -7.6638899304039255e-04 9.9843393993625455e+01
9.9970705707542462e-01 -2.3939484124235820e-04 9.9951037077935268e+01
1.0011064529787101e+00 9.0144968873219695e-04 1.0018452763401322e+02
1.0012645185954339e+00 1.0307517824517066e-03 1.0021106332498391e+02
9.9937175964624059e-01 -5.1058071815774167e-04 9.9895593617688235e+01
9.9807440692414540e-01 -1.5708853655156407e-03 9.9679222364637639e+01
1.0008329485046057e+00 6.7743933556009626e-04 1.0013865728662176e+02
1.0086725358481885e+00 7.0353261307445738e-03 1.0144936395218170e+02
1.0211780661774232e+00 1.7074674757445125e-02 1.0355433915659549e+02
1.0379757504442422e+00 3.0364637730334855e-02 1.0640926608092127e+02
1.0577369059856825e+00 4.5710746199571217e-02 1.0980703766396883e+02
1.0785104603100246e+00 6.1512558956551028e-02 1.1342439711752925e+02
1.0998111955743703e+00 7.7374984633631474e-02 1.1718267365182867e+02
1.1219216168125365e+00 9.3479733630890030e-02 1.2113564831279902e+02
1.1438624712710574e+00 1.0910015329302601e-01 1.2510927176436647e+02
1.1647165159090689e+00 1.2362452462807193e-01 1.2893360112404133e+02
1.1851661781454021e+00 1.3757035816711660e-01 1.3272905129689173e+02
1.2054109243943270e+00 1.5108766201565318e-01 1.3652935732746204e+02
1.2242037447795457e+00 1.6338287883329863e-01 1.4009481259782820e+02
1.2414596806185190e+00 1.7446654781525886e-01 1.4340158572958995e+02
1.2583007212154513e+00 1.8509582612127906e-01 1.4665885777181950e+02
1.2742414101818220e+00 1.9498574071627986e-01 1.4976823500014780e+02
1.2880875353346801e+00 2.0344383141625030e-01 1.5249001578665076e+02
1.3007553934590479e+00 2.1107980373419502e-01 1.5499806220982526e+02
1.3131796107890084e+00 2.1847208886732941e-01 1.5747352768713614e+02
1.3240705841911973e+00 2.2487211534829621e-01 1.5965589225323015e+02
1.3327849125001971e+00 2.2994276151524476e-01 1.6141089649854484e+02
1.3410854757946264e+00 2.3473199237991665e-01 1.6309022711829874e+02
1.3490701178562412e+00 2.3929853051986455e-01 1.6471169804842725e+02
1.3548807929219158e+00 2.4259821241482793e-01 1.6589555062894857e+02
1.3588526366472939e+00 2.4484243012195497e-01 1.6670698805149732e+02
1.3632009964237541e+00 2.4729027971021711e-01 1.6759717444374155e+02
1.3667197932348221e+00 2.4926141882549910e-01 1.6831880319137957e+02
1.3674367253631685e+00 2.4966218944435581e-01 1.6846572364186022e+02
1.3669249933419625e+00 2.4937676976366677e-01 1.6836111797492600e+02
1.3673793441825195e+00 2.4962924481957996e-01 1.6845367418954515e+02
1.3660043795035479e+00 2.4886265151004500e-01 1.6817243665841994e+02
1.3611396437602332e+00 2.4612988124625740e-01 1.6717441025751640e+02
1.3558026844793756e+00 2.4312270351967588e-01 1.6608480386135386e+02
1.3517082318591012e+00 2.4079374505448961e-01 1.6524700861178144e+02
1.3442175695216410e+00 2.3653293835641759e-01 1.6372714849681483e+02
1.3321038124880180e+00 2.2954615368610992e-01 1.6127261845515170e+02
1.3202479440016974e+00 2.2263845071858701e-01 1.5889020847682309e+02
1.3095586358443472e+00 2.1631532269254072e-01 1.5674678136787844e+02
1.2928539290535046e+00 2.0633911641401304e-01 1.5343468245243849e+02
1.2685519254848954e+00 1.9147827682610827e-01 1.4865632723513551e+02
1.2442727996442322e+00 1.7625672318680485e-01 1.4394412394197275e+02
1.2204510659277845e+00 1.6092834657076091e-01 1.3937553019580344e+02
1.1845720943138609e+00 1.3715564660126414e-01 1.3261510871187329e+02
1.1300036885635405e+00 9.9316074022337969e-02 1.2260180872811381e+02
1.0709038239075221e+00 5.5783032852311509e-02 1.1209749494098324e+02
1.0270676366054772e+00 2.1740360905032272e-02 1.0454886424035234e+02
1.0053348714421120e+00 4.3317261808986686e-03 1.0088956847219683e+02
9.9894776891945269e-01 -8.5831364695914552e-04 9.9825168811766133e+01
9.9876646434691496e-01 -1.0013823844303147e-03 9.9794686870195022e+01
9.9974195757280249e-01 -2.1301320450025640e-04 9.9957006612282015e+01
1.0001144632199603e+00 9.5367187280699463e-05 1.0001907475866656e+02
1.0001884518119313e+00 1.5210369196411362e-04 1.0003141006086116e+02
1.0000405399113317e+00 3.3905666781268621e-05 1.0000675739830891e+02
1.0000019460529801e+00 1.1317098134826462e-06 1.0000032420919402e+02
9.9999935967703690e-01 -3.2030087232613639e-07 9.9999893240208422e+01
9.9996913828598111e-01 -2.5230623425020785e-05 9.9994856372780575e+01
1.0000327365899635e+00 2.6714363437847375e-05 1.0000545607435552e+02
9.9996911341697137e-01 -2.5193132512801527e-05 9.9994852203974887e+01
1.0000237312325118e+00 1.9329636713018549e-05 1.0000395518299311e+02
9.9999204945676035e-01 -6.4096837675360608e-06 9.9998674904529253e+01
9.9998998215239043e-01 -8.3190083002524966e-06 9.9998330351916479e+01
1.0000252862674557e+00 2.0847358312320372e-05 1.0000421435483995e+02
9.9996637678009126e-01 -2.7704686020011642e-05 9.9994396092499414e+01
1.0000318950102665e+00 2.6307209334626806e-05 1.0000531580030872e+02
9.9997992744085218e-01 -1.6635836531034668e-05 9.9996654556090476e+01
1.0000014770315355e+00 1.3997029215779505e-06 1.0000024616609824e+02
1.0000180520529951e+00 1.4614341103260710e-05 1.0000300866051541e+02
9.9996819726548036e-01 -2.5913474158474488e-05 9.9994699509266610e+01
1.0000344862078887e+00 2.8156251894826655e-05 1.0000574766037499e+02
9.9997568537547454e-01 -1.9885417562018318e-05 9.9995947537911576e+01
1.0000040613589025e+00 3.3531156098043919e-06 1.0000067688447126e+02
1.0000195295498042e+00 1.5923398996035985e-05 1.0000325490556489e+02
9.9996204403868405e-01 -3.1000845444371556e-05 9.9993673956262654e+01
1.0000442060409622e+00 3.6131131824477397e-05 1.0000736760810932e+02
9.9996422700596521e-01 -2.9273451365058521e-05 9.9994037788301995e+01
1.0000161845980551e+00 1.3278768072544641e-05 1.0000269741672406e+02
1.0000059581285377e+00 4.8275100510607281e-06 1.0000099301198529e+02
9.9997971670959718e-01 -1.6587579514540365e-05 9.9996619430882816e+01
1.0000192220943032e+00 1.5808977756973451e-05 1.0000320366185792e+02
9.9999816338518088e-01 -1.7177047651979824e-06 9.9999693886589142e+01
9.9997502604413913e-01 -2.0085848735510917e-05 9.9995837644117074e+01
1.0000489319387240e+00 3.9590592612657181e-05 1.0000815524005841e+02
9.9994225476975174e-01 -4.6802250724226303e-05 9.9990375681593861e+01
1.0000452132194320e+00 3.6623772612727049e-05 1.0000753545732613e+02
9.9998511181698713e-01 -1.1971610535516589e-05 9.9997518607587324e+01
9.9997925920234787e-01 -1.7014522104108614e-05 9.9996543164920212e+01
1.0000459158959973e+00 3.7493072707596876e-05 1.0000765256532910e+02
9.9995048211995285e-01 -4.0443887332353223e-05 9.9991746927101872e+01
1.0000313432278805e+00 2.5629057017196321e-05 1.0000522382326216e+02
9.9999733667332158e-01 -2.3690494750005431e-06 9.9999556094601559e+01
9.9998072575625851e-01 -1.5451004499662451e-05 9.9996787599245053e+01
1.0000213275629017e+00 1.7017407440591916e-05 1.0000355456460986e+02
9.9999748694376067e-01 -1.5591160639702658e-06 9.9999581138818115e+01
9.9997573946438578e-01 -2.0474655603030466e-05 9.9995956536291459e+01
1.0000396152303361e+00 3.2751235923870912e-05 1.0000660246326638e+02
9.9997155067430854e-01 -2.4272391265289988e-05 9.9995258385975802e+01
9.9999330273839571e-01 -4.7609625184839629e-06 9.9998883750212286e+01
1.0000483654198755e+00 3.8644916373815965e-05 1.0000806079240854e+02
9.9992898401234998e-01 -5.6694004970270495e-05 9.9988163808352539e+01
1.0000572623963628e+00 4.5974278370698607e-05 1.0000954357941870e+02
9.9998773278288378e-01 -9.2348362958352254e-06 9.9997955395104697e+01
9.9996027485924299e-01 -3.3296437125939633e-05 9.9993379025370956e+01
1.0000685906866793e+00 5.6616651010938572e-05 1.0001143156941171e+02
9.9994233289943169e-01 -4.7430881276195369e-05 9.9990388650135827e+01
1.0000157344746679e+00 1.3468955951682424e-05 1.0000262234219394e+02
1.0000275028426149e+00 2.1823222042096889e-05 1.0000458372909267e+02
9.9995689952132749e-01 -3.4814804808113994e-05 9.9992816479564766e+01
1.0000238601579576e+00 1.9215283045635610e-05 1.0000397662494751e+02
1.0000101833882367e+00 8.7279222839027655e-06 1.0000169717758362e+02
9.9997255612092284e-01 -2.2626044681329142e-05 9.9995425945841902e+01
1.0000101025546693e+00 8.2961000773561598e-06 1.0000168369629014e+02
1.0000286743723472e+00 2.3276672432823032e-05 1.0000477896311602e+02
9.9994694652805571e-01 -4.2976634118427197e-05 9.9991157581300058e+01
1.0000339603423338e+00 2.7564794969827789e-05 1.0000565991212329e+02
1.0000227187432731e+00 1.8441400762748049e-05 1.0000378630471570e+02
9.9992432826867150e-01 -6.1701873791347381e-05 9.9987387709813248e+01
1.0000791951110435e+00 6.4694373789637346e-05 1.0001319880692355e+02
9.9997752623646452e-01 -1.8344518487014857e-05 9.9996254140736625e+01
9.9994372345467997e-01 -4.5925856139523775e-05 9.9990620243052206e+01
1.0000965414442977e+00 7.8710844746416613e-05 1.0001608971095061e+02
9.9993454573696106e-01 -5.3214072182576481e-05 9.9989090565310704e+01
9.9998775561454090e-01 -1.0046255518314647e-05 9.9997958995752811e+01
1.0000726651869907e+00 5.9120153626175945e-05 1.0001211044504160e+02
9.9993188873300354e-01 -5.5415214846483192e-05 9.9988647723357047e+01
1.0000099821190196e+00 8.2274248760268571e-06 1.0000166342611445e+02
1.0000424346987549e+00 3.4476532536790219e-05 1.0000707214971402e+02
9.9995997168622852e-01 -3.2677440415040922e-05 9.9993328309223955e+01
9.9999308143208643e-01 -5.5301646782208596e-06 9.9998846625037999e+01
1.0000395176568646e+00 3.2224748740744795e-05 1.0000658592993884e+02
9.9998590870850479e-01 -1.1589086645910384e-05 9.9997651085250936e+01
9.9995435153812595e-01 -3.7184440598697326e-05 9.9992391414954454e+01
1.0000679609390004e+00 5.5469087398411168e-05 1.0001132615105672e+02
9.9998840505232123e-01 -9.4701951051584705e-06 9.9998066831341902e+01
9.9992165427048152e-01 -6.3839493442436715e-05 9.9986941360190002e+01
1.0001059185561283e+00 8.6442861254253391e-05 1.0001765176156457e+02
9.9997304684842236e-01 -2.1948625843736729e-05 9.9995506570949772e+01
