0.0000000000000000e+00 -2.1093934223513845e+01 8.9790523771061381e-01
3.1121028785131475e-03 -2.1103749204460165e+01 9.6530718695279316e-01
5.8447235264911020e-03 -2.1107893140896785e+01 9.9794362198553732e-01
8.4581195117238786e-03 -2.1110377670725367e+01 9.9150787059655654e-01
1.0954857619923370e-02 -2.1112265899633446e+01 9.9832966431926384e-01
1.3417088968491277e-02 -2.1113832879953016e+01 9.9324382098685438e-01
1.5841760922851989e-02 -2.1115326564539856e+01 1.0018617597773467e+00
1.8281682655285413e-02 -2.1116799012853988e+01 9.9766122433289239e-01
2.0715710615408868e-02 -2.1118108459504683e+01 9.9712952903199104e-01
2.3152703591222314e-02 -2.1119218791158445e+01 1.0054476118481070e+00
2.5603364320979406e-02 -2.1120313005495117e+01 1.0035644101255694e+00
2.8050009860714660e-02 -2.1121444843683850e+01 9.9942218926728565e-01
3.0486615723592479e-02 -2.1122398874057950e+01 1.0033892934845383e+00
3.2927698690826353e-02 -2.1123160933384550e+01 1.0068185956583595e+00
3.5375343272500699e-02 -2.1123984583052497e+01 1.0043154957027740e+00
3.7817025623422956e-02 -2.1124850612223526e+01 1.0022825908544184e+00
4.0254943400260375e-02 -2.1125528791255661e+01 1.0059859677979883e+00
4.2703197280294265e-02 -2.1126141363351568e+01 1.0052662955046947e+00
4.5151241072712012e-02 -2.1126791300305186e+01 1.0047363464302368e+00
4.7599783105562926e-02 -2.1127373616163574e+01 1.0057457137803096e+00
5.0051641134400880e-02 -2.1127944027065862e+01 1.0065685562607913e+00
5.2503645146512845e-02 -2.1128516883937024e+01 1.0056240216538157e+00
5.4953326500580948e-02 -2.1129010524138351e+01 1.0068309484444424e+00
5.7405857193134638e-02 -2.1129551359343520e+01 1.0067823583317232e+00
5.9854380747976124e-02 -2.1130114497148266e+01 1.0078917681597783e+00
6.2304783825527697e-02 -2.1130636755403319e+01 1.0064195387375201e+00
6.4754244438571848e-02 -2.1131226088137772e+01 1.0062051080734893e+00
6.7202784744427133e-02 -2.1131800690877778e+01 1.0097147757637797e+00
6.9656501947659558e-02 -2.1132379770919176e+01 1.0066977064201748e+00
7.2104973686250351e-02 -2.1133016809645842e+01 1.0065951863822722e+00
7.4555591606101201e-02 -2.1133639613804487e+01 1.0074215332598322e+00
7.7004001553566737e-02 -2.1134287373523772e+01 1.0072777338660903e+00
7.9452639400003189e-02 -2.1134908849806635e+01 1.0058143742835486e+00
8.1902038556667861e-02 -2.1135538593854328e+01 1.0074006360828327e+00
8.4352544213989827e-02 -2.1136185510754441e+01 1.0024296497144127e+00
8.6790760152464619e-02 -2.1136784559460253e+01 1.0084215118614739e+00
8.9246637082017577e-02 -2.1137390532439305e+01 1.0069223456717324e+00
9.1695905230767399e-02 -2.1137972532180388e+01 1.0041393067961364e+00
9.4138609045719010e-02 -2.1138545287392116e+01 1.0070447639870355e+00
9.6590971756896446e-02 -2.1139117974286737e+01 1.0041998407797994e+00
9.9035530229953136e-02 -2.1139645799624251e+01 1.0074325123716084e+00
1.0148783343282017e-01 -2.1140172706143048e+01 1.0071106650432928e+00
1.0394070639985228e-01 -2.1140691117085336e+01 1.0021322760287665e+00
1.0637983410587003e-01 -2.1141189089635091e+01 1.0074781226641116e+00
1.0883239584876439e-01 -2.1141690947156992e+01 1.0059778199662994e+00
1.1128319444157486e-01 -2.1142163610482282e+01 1.0037415523223929e+00
1.1372832121537740e-01 -2.1142627625863256e+01 1.0067142078715476e+00
1.1618133617851475e-01 -2.1143100663716513e+01 1.0042728547540838e+00
1.1862832210085691e-01 -2.1143553280318361e+01 1.0057634796561650e+00
1.2107898660315609e-01 -2.1144006693237596e+01 1.0062087796662387e+00
1.2353183244230076e-01 -2.1144448953209150e+01 1.0028349954687017e+00
1.2597608936740354e-01 -2.1144880269535822e+01 1.0056245749238264e+00
1.2842770831322567e-01 -2.1145326662355512e+01 1.0054465120800815e+00
1.3087775723110059e-01 -2.1145761198275974e+01 1.0036981986254097e+00
1.3332402246166947e-01 -2.1146190171678803e+01 1.0060833266020954e+00
1.3577645421083398e-01 -2.1146618041352784e+01 1.0050525148009317e+00
1.3822611271099702e-01 -2.1147053070521370e+01 1.0041642296690902e+00
1.4067399218356422e-01 -2.1147495138575188e+01 1.0062200795937284e+00
1.4312609525333961e-01 -2.1147927676126066e+01 1.0047302604810837e+00
1.4557510815075850e-01 -2.1148374839495986e+01 1.0048873434799792e+00
1.4802562110885212e-01 -2.1148818033051349e+01 1.0055310511874516e+00
1.5047763050368168e-01 -2.1149269869171960e+01 1.0047438200983545e+00
1.5292771959040519e-01 -2.1149733781702629e+01 1.0063299230554219e+00
1.5538170459570741e-01 -2.1150177914587683e+01 1.0055245433899986e+00
1.5783378143680640e-01 -2.1150651621812063e+01 1.0047866430019410e+00
1.6028390316722185e-01 -2.1151114042639581e+01 1.0058685054273298e+00
1.6273649450891189e-01 -2.1151569374945645e+01 1.0057367467857934e+00
1.6518872012900512e-01 -2.1152057035195654e+01 1.0055055439473932e+00
1.6764043044462903e-01 -2.1152509043398112e+01 1.0054230053052544e+00
1.7009204761856422e-01 -2.1152980384446479e+01 1.0052864852286549e+00
1.7254324263456017e-01 -2.1153466312523655e+01 1.0060494324837723e+00
1.7499620403992738e-01 -2.1153915968530370e+01 1.0057351408060633e+00
1.7744848503040572e-01 -2.1154399927718263e+01 1.0050763556173106e+00
1.7989918483684961e-01 -2.1154872626655482e+01 1.0057482589377131e+00
1.8235133174093629e-01 -2.1155324496893360e+01 1.0060724921877009e+00
1.8480427637698077e-01 -2.1155810421792854e+01 1.0053928337285529e+00
1.8725571809844338e-01 -2.1156266696431580e+01 1.0054246755075917e+00
1.8970726942565647e-01 -2.1156718754705089e+01 1.0063118500292840e+00
1.9216085587763626e-01 -2.1157193938593561e+01 1.0059669873347024e+00
1.9461364473874337e-01 -2.1157634884339142e+01 1.0058460809873009e+00
1.9706622881645702e-01 -2.1158082435976812e+01 1.0060006533665486e+00
1.9951915599399467e-01 -2.1158536364925627e+01 1.0056835618615096e+00
2.0197132218735236e-01 -2.1158958141024375e+01 1.0059320478915224e+00
2.0442413618369010e-01 -2.1159392291199932e+01 1.0059371857982469e+00
2.0687694729527917e-01 -2.1159814211126868e+01 1.0049546179653901e+00
2.0932734202828659e-01 -2.1160217357396352e+01 1.0060973982087100e+00
2.1178054887195930e-01 -2.1160623637954647e+01 1.0056201541484615e+00
2.1423263202329226e-01 -2.1161019640600049e+01 1.0045436606576126e+00
2.1668207964334088e-01 -2.1161407868718463e+01 1.0059924561880123e+00
2.1913507418098238e-01 -2.1161790087229811e+01 1.0053133802387926e+00
2.2158637813240634e-01 -2.1162171108955814e+01 1.0045958874459973e+00
2.2403593260044924e-01 -2.1162550416724581e+01 1.0059884446386875e+00
2.2648888646588766e-01 -2.1162921292435485e+01 1.0051171119174485e+00
2.2893963578530346e-01 -2.1163297526659743e+01 1.0048516863312829e+00
2.3138972945883007e-01 -2.1163673497528006e+01 1.0061049452641777e+00
2.3384291513696195e-01 -2.1164045880931191e+01 1.0047665452905381e+00
2.3629289575542339e-01 -2.1164424450560173e+01 1.0053221818693383e+00
2.3874416426626027e-01 -2.1164801257453586e+01 1.0060840063178231e+00
2.4119729224896788e-01 -2.1165182742843701e+01 1.0046833561748141e+00
2.4364704108907861e-01 -2.1165564520847571e+01 1.0060224625218535e+00
2.4610008367291031e-01 -2.1165946165577733e+01 1.0058289011401422e+00
2.4855265555653927e-01 -2.1166338495679497e+01 1.0049646738260956e+00
2.5100312575114359e-01 -2.1166721367189808e+01 1.0067729423347349e+00
2.5345801382199051e-01 -2.1167110751276088e+01 1.0058896665283834e+00
2.5591075788560558e-01 -2.1167507098458813e+01 1.0052936153370169e+00
2.5836205518406546e-01 -2.1167890928981315e+01 1.0068219304944064e+00
2.6081708366126771e-01 -2.1168287257102651e+01 1.0059548842124917e+00
2.6326999903504933e-01 -2.1168676620031558e+01 1.0058928972085659e+00
2.6572276269045009e-01 -2.1169060509511848e+01 1.0058712365473648e+00
2.6817547174837941e-01 -2.1169458000965765e+01 1.0054751687288612e+00
2.7062721354675540e-01 -2.1169836827907627e+01 1.0064765047572330e+00
2.7308139549128646e-01 -2.1170219303661302e+01 1.0059715448147544e+00
2.7553434530083731e-01 -2.1170608837142638e+01 1.0054931857032225e+00
2.7798612908993059e-01 -2.1170981385095985e+01 1.0066048027906667e+00
2.8044062553769011e-01 -2.1171365650275590e+01 1.0063272136888286e+00
2.8289444732069713e-01 -2.1171741085748668e+01 1.0057290994101358e+00
2.8534681311433940e-01 -2.1172110049176482e+01 1.0059855367832853e+00
2.8779980454401094e-01 -2.1172489119266420e+01 1.0052357145501891e+00
2.9025096821987045e-01 -2.1172853270993706e+01 1.0061616941577571e+00
2.9270439131606768e-01 -2.1173221234749718e+01 1.0053567046614171e+00
2.9515585089861823e-01 -2.1173587808445657e+01 1.0049546521431103e+00
2.9760632960587480e-01 -2.1173949625851979e+01 1.0063196634697205e+00
3.0006013656869557e-01 -2.1174317353196869e+01 1.0056643470956472e+00
3.0251234582479986e-01 -2.1174676745406764e+01 1.0053278882013323e+00
3.0496373521210485e-01 -2.1175043979883984e+01 1.0054407644139829e+00
3.0741540026703940e-01 -2.1175414005166814e+01 1.0048513565333259e+00
3.0986562848506211e-01 -2.1175779163641803e+01 1.0057423591627095e+00
3.1231802971421302e-01 -2.1176161936111704e+01 1.0047232098457597e+00
3.1476794616891990e-01 -2.1176537025902540e+01 1.0044432601518030e+00
3.1721718022334544e-01 -2.1176922602128606e+01 1.0055858683684504e+00
3.1966920057684672e-01 -2.1177324672075308e+01 1.0052361566157435e+00
3.2212036838506208e-01 -2.1177713636049379e+01 1.0049391310806843e+00
3.2457081214147465e-01 -2.1178129196361496e+01 1.0049901116783220e+00
3.2702138043508988e-01 -2.1178544281469428e+01 1.0050577445219857e+00
3.2947211339818888e-01 -2.1178954474702007e+01 1.0054106225007171e+00
3.3192370664388565e-01 -2.1179397404776907e+01 1.0048957538881158e+00
3.3437404428926304e-01 -2.1179819206226234e+01 1.0049300814116191e+00
3.3682446553870288e-01 -2.1180254825488607e+01 1.0053250691328919e+00
3.3927584987253412e-01 -2.1180711965916789e+01 1.0052007982902760e+00
3.4172693117787828e-01 -2.1181140491111883e+01 1.0052828382641761e+00
3.4417821257206926e-01 -2.1181599116525323e+01 1.0049398133467311e+00
3.4662865762651379e-01 -2.1182058054602926e+01 1.0054086892280467e+00
3.4908024612693778e-01 -2.1182494139803858e+01 1.0059091256204762e+00
3.5153305507388555e-01 -2.1182963920356389e+01 1.0050701164881017e+00
3.5398381840366583e-01 -2.1183415518287628e+01 1.0052602854287964e+00
3.5643504570711326e-01 -2.1183857162377468e+01 1.0063158016178382e+00
3.5888884667666837e-01 -2.1184324382307206e+01 1.0054459671113878e+00
3.6134052648967963e-01 -2.1184761732654881e+01 1.0054555133999785e+00
3.6379222946703837e-01 -2.1185203071871271e+01 1.0060039811269106e+00
3.6624526975502864e-01 -2.1185654659631041e+01 1.0055924055822385e+00
3.6869730642359688e-01 -2.1186075909059660e+01 1.0056203171111511e+00
3.7114941115832373e-01 -2.1186506368547725e+01 1.0055625360953440e+00
3.7360137504343061e-01 -2.1186932078090376e+01 1.0048366313266741e+00
3.7599826845846807e-01 -2.1187330035126077e+01 1
