0.0000000000000000e+00 -2.1093930461266851e+01 9.0933135019950462e-01
6.3034106353886434e-03 -2.1113627038079908e+01 9.6458790044871723e-01
1.1733949882884790e-02 -2.1122247621672233e+01 9.9782855424395911e-01
1.6944040655157838e-02 -2.1127586632370658e+01 9.9035731776630032e-01
2.1921497936453482e-02 -2.1131597514447460e+01 9.9970630680148154e-01
2.6842464347128302e-02 -2.1135001469242624e+01 9.9457024365051927e-01
3.1689817005958000e-02 -2.1138229241490446e+01 1.0011194825481660e+00
3.6560753353000124e-02 -2.1141474481939394e+01 9.9436970201456654e-01
4.1411436864279241e-02 -2.1144430949401166e+01 9.9733949769025454e-01
4.6269091851006319e-02 -2.1146953888734085e+01 1.0029307914382799e+00
5.1144384958543065e-02 -2.1149528578825944e+01 1.0085027255574142e+00
5.6051059019671862e-02 -2.1152130463058722e+01 9.9839605476538384e-01
6.0909406677997047e-02 -2.1154459584589926e+01 1.0019962124360089e+00
6.5775966872707897e-02 -2.1156340975091638e+01 1.0069856867265488e+00
7.0667099491882615e-02 -2.1158140763978974e+01 1.0066509307330174e+00
7.5563054453598011e-02 -2.1160117467339219e+01 1.0015584771483197e+00
8.0439619881584101e-02 -2.1161857627214001e+01 1.0045477930062705e+00
8.5333769417094904e-02 -2.1163240668905619e+01 1.0055527316406838e+00
9.0234312901844319e-02 -2.1164598084311077e+01 1.0053200965756437e+00
9.5134994358313463e-02 -2.1165889726471871e+01 1.0047484542866116e+00
1.0003533618628238e-01 -2.1167075468847688e+01 1.0070379166028598e+00
1.0494394370187546e-01 -2.1168316138906142e+01 1.0053865474911805e+00
1.0984248862891693e-01 -2.1169438650855355e+01 1.0057407973270998e+00
1.1473789986362623e-01 -2.1170489261655717e+01 1.0050596338331084e+00
1.1963196601174340e-01 -2.1171622505943994e+01 1.0079715839755359e+00
1.2453086408973704e-01 -2.1172790238907925e+01 1.0052877339778044e+00
1.2941692557208823e-01 -2.1174152545535634e+01 1.0050160445686469e+00
1.3430764219224905e-01 -2.1175431299022701e+01 1.0039533895954071e+00
1.3919517103980120e-01 -2.1176689927362037e+01 1.0074403277901416e+00
1.4409502992031983e-01 -2.1178045857936048e+01 1.0016825715841877e+00
1.4897043539556143e-01 -2.1179401901633618e+01 1.0063702032870321e+00
1.5387355156925694e-01 -2.1180884754293420e+01 1.0020594951740245e+00
1.5875162407785262e-01 -2.1182333192409715e+01 1.0071755024065969e+00
1.6365606122390067e-01 -2.1183729575388970e+01 1.0066001572480765e+00
1.6856264510831087e-01 -2.1185274657649362e+01 1.0028887745606654e+00
1.7344769120362671e-01 -2.1186938457925535e+01 1.0086236729503604e+00
1.7836141574749104e-01 -2.1188528574805314e+01 1.0061053903283161e+00
1.8326252855340794e-01 -2.1190264580276800e+01 1.0033069628268554e+00
1.8814841178215255e-01 -2.1191948333542079e+01 1.0084437663562809e+00
1.9306074167514845e-01 -2.1193627232001262e+01 1.0073465581300618e+00
1.9797049446413892e-01 -2.1195501893381149e+01 1.0051097354612426e+00
2.0286878239541326e-01 -2.1197165717384120e+01 1.0074243728913439e+00
2.0777895494674048e-01 -2.1198788030931425e+01 1.0071120803735134e+00
2.1268571850804144e-01 -2.1200543089311754e+01 1.0071069301512643e+00
2.1759327253229244e-01 -2.1202105834179743e+01 1.0076865670842530e+00
2.2250456072489078e-01 -2.1203645955047577e+01 1.0068405384061490e+00
2.2741103006584903e-01 -2.1205174133064030e+01 1.0072190322568262e+00
2.3232078921090971e-01 -2.1206531653759786e+01 1.0071778168183920e+00
2.3722926343832837e-01 -2.1207886642147120e+01 1.0065611083317063e+00
2.4213462342363842e-01 -2.1209266644616402e+01 1.0081423586144074e+00
2.4704926007214975e-01 -2.1210498972068311e+01 1.0067703200477669e+00
2.5195747728894280e-01 -2.1211659581494292e+01 1.0056263302386874e+00
2.5686049236671471e-01 -2.1212851048489448e+01 1.0075173128660930e+00
2.6177286026724828e-01 -2.1213991889619773e+01 1.0079363239926460e+00
2.6668722733677791e-01 -2.1215127070736710e+01 1.0077506309188444e+00
2.7160124204939545e-01 -2.1216230475225338e+01 1.0074175777628680e+00
2.7651294968980439e-01 -2.1217273879299384e+01 1.0062936108915124e+00
2.8141879868541875e-01 -2.1218394762865366e+01 1.0070022711812601e+00
2.8632849315408804e-01 -2.1219445666335918e+01 1.0072542068302854e+00
2.9123967069107631e-01 -2.1220465913170869e+01 1.0070856607122549e+00
2.9614995382475751e-01 -2.1221526161049361e+01 1.0051162622972214e+00
3.0105077055685064e-01 -2.1222516521350830e+01 1.0056519796011520e+00
3.0595437985149165e-01 -2.1223507945234552e+01 1.0066480232879393e+00
3.1086252501334022e-01 -2.1224502289592447e+01 1.0046566439605868e+00
3.1576093254558391e-01 -2.1225479301357797e+01 1.0052293441667559e+00
3.2066233291672236e-01 -2.1226486575921417e+01 1.0053201658707889e+00
3.2556442337662100e-01 -2.1227555426909163e+01 1.0054696939286401e+00
3.3046698963087306e-01 -2.1228648546355391e+01 1.0058410312758794e+00
3.3537141450364910e-01 -2.1229745495478134e+01 1.0052632387214668e+00
3.4027324083902050e-01 -2.1230985656515163e+01 1.0061833470036703e+00
3.4517962253435353e-01 -2.1232171790176604e+01 1.0060212869876479e+00
3.5008524117325246e-01 -2.1233363322918585e+01 1.0064152119000402e+00
3.5499282978917496e-01 -2.1234681908361537e+01 1.0064181704711830e+00
3.5990044634222002e-01 -2.1235885165009890e+01 1.0068010647630294e+00
3.6480992086517411e-01 -2.1237112540717121e+01 1.0063734107945992e+00
3.6971733348661973e-01 -2.1238378050188320e+01 1.0063436489638140e+00
3.7462464877918150e-01 -2.1239464279446960e+01 1.0006547537196293e+00
3.7599222509226621e-01 -2.1239761681237056e+01 1
