0.0000000000000000e+00 -2.1093935138701053e+01 8.9216741250442966e-01
1.5461079053564373e-03 -2.1098837240885157e+01 9.6639603621842540e-01
2.9176235643086461e-03 -2.1100871205103431e+01 9.9875627025146119e-01
4.2274730901751163e-03 -2.1102068518087602e+01 9.9591576175494612e-01
5.4830017350122537e-03 -2.1102989089641770e+01 9.9720429295554402e-01
6.7141532784721746e-03 -2.1103764201251924e+01 9.9357490270644977e-01
7.9281908103865702e-03 -2.1104485781283902e+01 1.0027515312195630e+00
9.1491676338494692e-03 -2.1105181238335696e+01 9.9986557308471458e-01
1.0368483488964830e-02 -2.1105798829060838e+01 9.9767451097684168e-01
1.1588360171569372e-02 -2.1106313525782181e+01 1.0047627278963573e+00
1.2815089343803177e-02 -2.1106810038448639e+01 1.0043124377936063e+00
1.4040554868797614e-02 -2.1107322831964449e+01 1.0008163260693883e+00
1.5261827107135997e-02 -2.1107752257332759e+01 1.0031260594155849e+00
1.6483332698657888e-02 -2.1108090802913402e+01 1.0061889765876888e+00
1.7707344911588065e-02 -2.1108456034438692e+01 1.0051328335879903e+00
1.8929529199489238e-02 -2.1108834030949474e+01 1.0026317280616657e+00
2.0148840179857658e-02 -2.1109133894177830e+01 1.0064198829852042e+00
2.1373073051347353e-02 -2.1109415681676914e+01 1.0054657131223816e+00
2.2596786397602039e-02 -2.1109698263372465e+01 1.0053239727050483e+00
2.3821266000449107e-02 -2.1109951031025215e+01 1.0065968030750239e+00
2.5047675580243272e-02 -2.1110217874475939e+01 1.0064241220231591e+00
2.6272979118154717e-02 -2.1110475281110062e+01 1.0066464684628045e+00
2.7498809079876275e-02 -2.1110701970753784e+01 1.0066915233479774e+00
2.8725158540472612e-02 -2.1110958771991832e+01 1.0067204440541420e+00
2.9949170022249394e-02 -2.1111213747165358e+01 1.0090492987552899e+00
3.1175898010530903e-02 -2.1111467855411313e+01 1.0063117444972436e+00
3.2400752622721560e-02 -2.1111746264112220e+01 1.0066713000999714e+00
3.3625349811891934e-02 -2.1112013390037443e+01 1.0087056852850829e+00
3.4851309316341887e-02 -2.1112298372434051e+01 1.0066876328353764e+00
3.6076097973968380e-02 -2.1112595742678888e+01 1.0075448399822080e+00
3.7301984834257021e-02 -2.1112894199162298e+01 1.0083125306885212e+00
3.8527469650358380e-02 -2.1113202199330718e+01 1.0064852180951593e+00
3.9751642070913112e-02 -2.1113506640043099e+01 1.0058793625660907e+00
4.0976113901266743e-02 -2.1113821792617333e+01 1.0075245218225914e+00
4.2201314676334617e-02 -2.1114136285145516e+01 1.0048364791968578e+00
4.3423859560439947e-02 -2.1114446338104930e+01 1.0061719124380004e+00
4.4648351435710561e-02 -2.1114758459728360e+01 1.0067698899927811e+00
4.5872720164888789e-02 -2.1115061454353704e+01 1.0048829198481393e+00
4.7095434084324511e-02 -2.1115369297144426e+01 1.0078566277781120e+00
4.8322582776236939e-02 -2.1115669149490682e+01 1.0051878627062907e+00
4.9545838411988105e-02 -2.1115963491372206e+01 1.0056874182305893e+00
5.0770293541455284e-02 -2.1116260075550674e+01 1.0071825628504980e+00
5.1996064068967875e-02 -2.1116545761429553e+01 1.0045257064431712e+00
5.3218501275858213e-02 -2.1116833008661441e+01 1.0065673815383964e+00
5.4444163663044713e-02 -2.1117117097682268e+01 1.0061377759454238e+00
5.5669696223714815e-02 -2.1117390592889848e+01 1.0049219707409232e+00
5.6893781212658166e-02 -2.1117665888911624e+01 1.0075610708899982e+00
5.8121433838143929e-02 -2.1117932857591150e+01 1.0053564141565232e+00
5.9346036807979251e-02 -2.1118200226245982e+01 1.0055965360061867e+00
6.0571363404298882e-02 -2.1118468601970417e+01 1.0067053778836694e+00
6.1798239972365755e-02 -2.1118722746297298e+01 1.0048361979522684e+00
6.3022828933486957e-02 -2.1118980310937850e+01 1.0063813893360862e+00
6.4249682151947859e-02 -2.1119237482415443e+01 1.0062251460503759e+00
6.5475841448126904e-02 -2.1119485808578386e+01 1.0052629063773160e+00
6.6701157072791006e-02 -2.1119736422013368e+01 1.0072824196958217e+00
6.7928926149607258e-02 -2.1119978748223485e+01 1.0055653838985701e+00
6.9154540435795400e-02 -2.1120219979438836e+01 1.0055579687279179e+00
7.0380643885299715e-02 -2.1120465708877472e+01 1.0068110011316684e+00
7.1607665778650756e-02 -2.1120697362614006e+01 1.0053617563534494e+00
7.2833241364961332e-02 -2.1120932309640281e+01 1.0063617618164207e+00
7.4060068380449429e-02 -2.1121166893215019e+01 1.0062953976702271e+00
7.5286796682992665e-02 -2.1121391387258118e+01 1.0056982760135829e+00
7.6513229988174447e-02 -2.1121621342068583e+01 1.0072705505297321e+00
7.7741298182127938e-02 -2.1121844150929320e+01 1.0058391452516169e+00
7.8967931689430559e-02 -2.1122063384059508e+01 1.0059105187031929e+00
8.0194662675826839e-02 -2.1122286242507013e+01 1.0067183375321647e+00
8.1422374621912957e-02 -2.1122496266847456e+01 1.0061922390647347e+00
8.2649441023822975e-02 -2.1122710098810767e+01 1.0065404310351513e+00
8.3876929276493803e-02 -2.1122922197541978e+01 1.0059262465556023e+00
8.5103667316885998e-02 -2.1123122317511260e+01 1.0067379835347672e+00
8.6331395974798525e-02 -2.1123328063929545e+01 1.0069530511797278e+00
8.7559389666182763e-02 -2.1123526853017204e+01 1.0058007381745226e+00
8.8785982804018462e-02 -2.1123720552331068e+01 1.0068644240561606e+00
9.0013879439223718e-02 -2.1123916845691866e+01 1.0059918747363388e+00
9.1240719479554588e-02 -2.1124101672204553e+01 1.0061884069784162e+00
9.2467807470191371e-02 -2.1124288900963304e+01 1.0066300571445774e+00
9.3695443203248782e-02 -2.1124474853265582e+01 1.0051403026068617e+00
9.4921271917740496e-02 -2.1124650290452074e+01 1.0067337672537180e+00
9.6149054505042519e-02 -2.1124829754814808e+01 1.0064712281978201e+00
9.7376527990609169e-02 -2.1125004583303934e+01 1.0050567505911272e+00
9.8602272034490790e-02 -2.1125174376636110e+01 1.0069278141605325e+00
9.9830294656707466e-02 -2.1125347441305088e+01 1.0055456517756984e+00
1.0105662960810705e-01 -2.1125513095997309e+01 1.0053848262667926e+00
1.0228276785970569e-01 -2.1125678181106210e+01 1.0065982624452250e+00
1.0351038689296767e-01 -2.1125843958722875e+01 1.0048891415436900e+00
1.0473592388518829e-01 -2.1126004033461250e+01 1.0058161013249554e+00
1.0596259510112344e-01 -2.1126166252953634e+01 1.0061212094100886e+00
1.0718964340864445e-01 -2.1126326445604995e+01 1.0046235881799381e+00
1.0841487135688382e-01 -2.1126482651485389e+01 1.0062389048406093e+00
1.0964207640916995e-01 -2.1126642629588666e+01 1.0057577998630949e+00
1.1086870269581735e-01 -2.1126800291981976e+01 1.0047569940266117e+00
1.1209411724446917e-01 -2.1126955459265588e+01 1.0064679350969983e+00
1.1332162815472682e-01 -2.1127113224689506e+01 1.0053342208298037e+00
1.1454776512618842e-01 -2.1127268506791921e+01 1.0051411334172657e+00
1.1577366282290855e-01 -2.1127424579684327e+01 1.0061669925787879e+00
1.1700080881656087e-01 -2.1127581833506635e+01 1.0048403332313733e+00
1.1822633506796874e-01 -2.1127735537765027e+01 1.0056662964406642e+00
1.1945286825894222e-01 -2.1127892103715961e+01 1.0055654942095225e+00
1.2067927942485657e-01 -2.1128048909937117e+01 1.0045589552268588e+00
1.2190446522617022e-01 -2.1128203089826943e+01 1.0061751614622589e+00
1.2313162567403164e-01 -2.1128360765884761e+01 1.0055543215230647e+00
1.2435803354230146e-01 -2.1128516793964742e+01 1.0048141590975188e+00
1.2558354428534277e-01 -2.1128672568515253e+01 1.0063056298508641e+00
1.2681088053925837e-01 -2.1128831984386821e+01 1.0054962148287814e+00
1.2803723684931834e-01 -2.1128987597782160e+01 1.0053676852763318e+00
1.2926344440127324e-01 -2.1129145725769128e+01 1.0057005452028092e+00
1.3049006664083060e-01 -2.1129305274502890e+01 1.0049524921345401e+00
1.3171578209949486e-01 -2.1129461148211657e+01 1.0060160229697477e+00
1.3294279153076397e-01 -2.1129622351205803e+01 1.0053475512309036e+00
1.3416898328393051e-01 -2.1129781676981633e+01 1.0047551456134958e+00
1.3539445116619517e-01 -2.1129939604402136e+01 1.0063291742612357e+00
1.3662183864310731e-01 -2.1130103408956362e+01 1.0056791359459409e+00
1.3784843426045912e-01 -2.1130263263101281e+01 1.0051791681989530e+00
1.3907442219861821e-01 -2.1130426063409654e+01 1.0058598982188585e+00
1.4030124359339871e-01 -2.1130591767439597e+01 1.0053463848355237e+00
1.4152744283151822e-01 -2.1130752292176521e+01 1.0058886845797339e+00
1.4275430851651269e-01 -2.1130920023827080e+01 1.0052446705961442e+00
1.4398039445728147e-01 -2.1131085960601677e+01 1.0048534535249636e+00
1.4520600819269824e-01 -2.1131249431991620e+01 1.0063291828714376e+00
1.4643342229586154e-01 -2.1131420450194163e+01 1.0056029675696054e+00
1.4765994895223433e-01 -2.1131585899369256e+01 1.0051105682106032e+00
1.4888587329263997e-01 -2.1131754822778461e+01 1.0059643664689704e+00
1.5011283786681179e-01 -2.1131928326697849e+01 1.0056374802477586e+00
1.5133940325485445e-01 -2.1132094287879841e+01 1.0057802366961841e+00
1.5256614263631452e-01 -2.1132268392971245e+01 1.0052686102662762e+00
1.5379225814242470e-01 -2.1132441650488772e+01 1.0050332059573943e+00
1.5501808591613095e-01 -2.1132610553582968e+01 1.0062672881049681e+00
1.5624541773717543e-01 -2.1132788678662138e+01 1.0053755020403714e+00
1.5747166099261575e-01 -2.1132960286323140e+01 1.0050280299645720e+00
1.5869747810654414e-01 -2.1133133718945604e+01 1.0061391072266126e+00
1.5992464845240981e-01 -2.1133314143733532e+01 1.0057038543380634e+00
1.6115128667691972e-01 -2.1133485985396128e+01 1.0056105883365052e+00
1.6237781042811281e-01 -2.1133664863169990e+01 1.0054792295628561e+00
1.6360417379667913e-01 -2.1133845123301018e+01 1.0052880425663022e+00
1.6483030192095796e-01 -2.1134018803377000e+01 1.0061954835545648e+00
1.6605753343496479e-01 -2.1134202433862146e+01 1.0051598015449743e+00
1.6728350024544933e-01 -2.1134380954017381e+01 1.0050009856078010e+00
1.6850926389922599e-01 -2.1134558038172095e+01 1.0063591634368887e+00
1.6973667765860448e-01 -2.1134743819635190e+01 1.0056224634861635e+00
1.7096318905600671e-01 -2.1134921899925136e+01 1.0053742091019142e+00
1.7218939591290086e-01 -2.1135104377996033e+01 1.0058660690349321e+00
1.7341619533018446e-01 -2.1135290966233992e+01 1.0055499283939024e+00
1.7464260151917990e-01 -2.1135469536420530e+01 1.0060066540206054e+00
1.7586955932609011e-01 -2.1135656929135195e+01 1.0052775031738106e+00
1.7709562449076197e-01 -2.1135842844810654e+01 1.0050943983506593e+00
1.7832145726321028e-01 -2.1136023836200476e+01 1.0064410550916132e+00
1.7954892188151528e-01 -2.1136213940207487e+01 1.0054475290511289e+00
1.8077516830277909e-01 -2.1136398617416262e+01 1.0051583528821890e+00
1.8200105821977222e-01 -2.1136584036961018e+01 1.0064224430831885e+00
1.8322848094063005e-01 -2.1136775977161971e+01 1.0057893867127712e+00
1.8445512022340016e-01 -2.1136960438307611e+01 1.0056657437390064e+00
1.8568160095126265e-01 -2.1137150526609823e+01 1.0058245951680900e+00
1.8690827047908518e-01 -2.1137343152371241e+01 1.0053974278335360e+00
1.8813441457611918e-01 -2.1137528851768089e+01 1.0062643363330337e+00
1.8936160723679593e-01 -2.1137722778605262e+01 1.0053725332959078e+00
1.9058770366932290e-01 -2.1137914160123451e+01 1.0050983121603139e+00
1.9181346015778003e-01 -2.1138102429647684e+01 1.0066511168158949e+00
1.9304110480830305e-01 -2.1138298714581833e+01 1.0057823314880481e+00
1.9426768487129645e-01 -2.1138489689020972e+01 1.0053457080476975e+00
1.9549372734394854e-01 -2.1138681934242346e+01 1.0065196467881834e+00
1.9672119308815872e-01 -2.1138879617477158e+01 1.0058666603147808e+00
1.9794785604907880e-01 -2.1139070562403340e+01 1.0059508973355875e+00
1.9917461622431459e-01 -2.1139267086590070e+01 1.0058856003045258e+00
2.0040129180611474e-01 -2.1139464853761940e+01 1.0053610626031215e+00
2.0162732319243734e-01 -2.1139656418514342e+01 1.0065757519217797e+00
2.0285483173746818e-01 -2.1139855796012636e+01 1.0057079035511385e+00
2.0408127568790546e-01 -2.1140052516813668e+01 1.0051982587165629e+00
2.0530709268596095e-01 -2.1140246381297970e+01 1.0069495358037091e+00
2.0653504052071534e-01 -2.1140447250290016e+01 1.0061458572138235e+00
2.0776200447311738e-01 -2.1140642860922870e+01 1.0055935427301734e+00
2.0898829210627012e-01 -2.1140839989524380e+01 1.0066666131938229e+00
2.1021588386186207e-01 -2.1141042024177121e+01 1.0059146958581695e+00
2.1144255455576941e-01 -2.1141236619355816e+01 1.0062416679461625e+00
2.1266962083678764e-01 -2.1141436567044384e+01 1.0059430858361731e+00
2.1389632066187728e-01 -2.1141637297631018e+01 1.0053479643307019e+00
2.1512229309592990e-01 -2.1141831934600578e+01 1.0068701232787003e+00
2.1635011972496621e-01 -2.1142033573072414e+01 1.0060454941505816e+00
2.1757693749946438e-01 -2.1142231830350319e+01 1.0053384603763669e+00
2.1880289102470352e-01 -2.1142427969451941e+01 1.0070414349619194e+00
2.2003092014095851e-01 -2.1142629871872472e+01 1.0063328762793931e+00
2.2125808479275644e-01 -2.1142825824350204e+01 1.0058692633385062e+00
2.2248468388938381e-01 -2.1143024063167228e+01 1.0065251661191721e+00
2.2371208197009057e-01 -2.1143225069414690e+01 1.0057672843707270e+00
2.2493855455006689e-01 -2.1143418669771876e+01 1.0066300155300043e+00
2.2616607836703709e-01 -2.1143618270728243e+01 1.0059679925202198e+00
2.2739279459947137e-01 -2.1143816279110357e+01 1.0053378115974478e+00
2.2861874087475803e-01 -2.1144008663770677e+01 1.0071719051063881e+00
2.2984692244969143e-01 -2.1144207671207752e+01 1.0063485088649271e+00
2.3107409902568371e-01 -2.1144402216077985e+01 1.0055679752559796e+00
2.3230032342183574e-01 -2.1144595055086576e+01 1.0070675078712226e+00
2.3352837634093940e-01 -2.1144792517763385e+01 1.0062142852057709e+00
2.3475538894172929e-01 -2.1144982643743006e+01 1.0062171183076192e+00
2.3598240408053800e-01 -2.1145175552368801e+01 1.0063053105944411e+00
2.3720952595665945e-01 -2.1145369784581462e+01 1.0055414258979400e+00
2.3843571599854083e-01 -2.1145555900158289e+01 1.0068936046622592e+00
2.3966355507142054e-01 -2.1145747640183782e+01 1.0061365096625092e+00
2.4089047135341013e-01 -2.1145937266131320e+01 1.0054243075928042e+00
2.4211651978735782e-01 -2.1146121259398800e+01 1.0072343265562083e+00
2.4334477591847548e-01 -2.1146311238343312e+01 1.0063854956788463e+00
2.4457199663773166e-01 -2.1146495492970566e+01 1.0058259559578180e+00
2.4579853483355957e-01 -2.1146678471115901e+01 1.0068173168480112e+00
2.4702628183918326e-01 -2.1146865587156778e+01 1.0059142314733451e+00
2.4825292762478426e-01 -2.1147044573175677e+01 1.0064885889683479e+00
2.4948027384695293e-01 -2.1147226793291811e+01 1.0060389734180508e+00
2.5070707186824742e-01 -2.1147409190244048e+01 1.0053870584334987e+00
2.5193307500795309e-01 -2.1147583952405526e+01 1.0070582382288569e+00
2.5316111608801817e-01 -2.1147764406310582e+01 1.0062492564577883e+00
2.5438817065628833e-01 -2.1147941861431192e+01 1.0055224690596551e+00
2.5561433894463137e-01 -2.1148114664250063e+01 1.0070795152524301e+00
2.5684240594568186e-01 -2.1148292858232171e+01 1.0062271972252135e+00
2.5806943362390522e-01 -2.1148464572750495e+01 1.0060674394924107e+00
2.5929626655989124e-01 -2.1148636631914037e+01 1.0062817398381902e+00
2.6052336093751355e-01 -2.1148811243555837e+01 1.0055341162333113e+00
2.6174954364304920e-01 -2.1148977707142830e+01 1.0067103773569843e+00
2.6297716064797094e-01 -2.1149148539888138e+01 1.0059637596853359e+00
2.6420386713872102e-01 -2.1149318343937427e+01 1.0052925744432701e+00
2.6542975511431366e-01 -2.1149481831291570e+01 1.0070359419565831e+00
2.6665776898499521e-01 -2.1149650733371654e+01 1.0062475101868809e+00
2.6788482141585812e-01 -2.1149814960683713e+01 1.0056411445911557e+00
2.6911113444983642e-01 -2.1149977320707674e+01 1.0065794326046920e+00
2.7033859171314523e-01 -2.1150143761920237e+01 1.0057309461887001e+00
2.7156501437341757e-01 -2.1150302751071560e+01 1.0062300597835825e+00
2.7279204575343896e-01 -2.1150464528701082e+01 1.0057863745131619e+00
2.7401853617825345e-01 -2.1150626611937351e+01 1.0051760439674897e+00
2.7524428235636161e-01 -2.1150782125472837e+01 1.0066968762774722e+00
2.7647188301410430e-01 -2.1150942738751361e+01 1.0059853842150326e+00
2.7769861599178952e-01 -2.1151100291259763e+01 1.0052911818120642e+00
2.7892450238480782e-01 -2.1151254779094433e+01 1.0066289061993974e+00
2.8015202000592537e-01 -2.1151413834683584e+01 1.0058665833396616e+00
2.8137860799848691e-01 -2.1151566948205343e+01 1.0057339294499790e+00
2.8260503421647415e-01 -2.1151721578067601e+01 1.0058551356674972e+00
2.8383160823973380e-01 -2.1151877664512021e+01 1.0051130000087602e+00
2.8505727729408242e-01 -2.1152027582577606e+01 1.0062999429211694e+00
2.8628439377858927e-01 -2.1152182126693887e+01 1.0055880584231294e+00
2.8751064221430589e-01 -2.1152334777396355e+01 1.0049264765802239e+00
2.8873608395878275e-01 -2.1152484009140593e+01 1.0064559358274372e+00
2.8996339085997491e-01 -2.1152637928290957e+01 1.0058664829613400e+00
2.9118997891301207e-01 -2.1152787231650176e+01 1.0053148887696541e+00
2.9241589426650533e-01 -2.1152937672554472e+01 1.0059212288136630e+00
2.9364254895447933e-01 -2.1153090456630125e+01 1.0052849862149178e+00
2.9486842774021027e-01 -2.1153237195302033e+01 1.0059332497749716e+00
2.9609509700752401e-01 -2.1153388996920416e+01 1.0053323739982503e+00
2.9732103352791911e-01 -2.1153539373414201e+01 1.0047884714173114e+00
2.9854630679231942e-01 -2.1153686095221847e+01 1.0062860809273166e+00
2.9977340630691979e-01 -2.1153838763595243e+01 1.0057293409909698e+00
3.0099982694527777e-01 -2.1153987234891591e+01 1.0050143725913441e+00
3.0222537577453285e-01 -2.1154136815250805e+01 1.0059479060979015e+00
3.0345206304929712e-01 -2.1154290619468657e+01 1.0054899868155966e+00
3.0467819199887874e-01 -2.1154438294641775e+01 1.0056065806500172e+00
3.0590446314991293e-01 -2.1154591654814432e+01 1.0052601120512104e+00
3.0713031173568994e-01 -2.1154744762246281e+01 1.0048255156575769e+00
3.0835563030090291e-01 -2.1154893807759024e+01 1.0061063296956552e+00
3.0958251068699000e-01 -2.1155050430382925e+01 1.0054620591073036e+00
3.1080860539201127e-01 -2.1155202374794339e+01 1.0048254370950631e+00
3.1203392375554528e-01 -2.1155355361381986e+01 1.0060063607090539e+00
3.1326068216778830e-01 -2.1155514268336848e+01 1.0056317689749190e+00
3.1448698379379686e-01 -2.1155665900170160e+01 1.0053644972459779e+00
3.1571295951700301e-01 -2.1155823917773869e+01 1.0053475193631844e+00
3.1693891456826490e-01 -2.1155982869991842e+01 1.0050005449583508e+00
3.1816444655334730e-01 -2.1156135910105771e+01 1.0059215800203980e+00
3.1939110174118446e-01 -2.1156298110078197e+01 1.0051314230655084e+00
3.2061679346052402e-01 -2.1156455523887431e+01 1.0046895420504804e+00
3.2184194629614676e-01 -2.1156612182269434e+01 1.0060413571570721e+00
3.2306874751556519e-01 -2.1156776872636424e+01 1.0055377828908982e+00
3.2429493460440711e-01 -2.1156933721354346e+01 1.0050577758266361e+00
3.2552053631321110e-01 -2.1157095741218573e+01 1.0055386498210712e+00
3.2674672438578600e-01 -2.1157261223591963e+01 1.0052110578730118e+00
3.2797251296455787e-01 -2.1157418918226618e+01 1.0057041436681007e+00
3.2919890282564801e-01 -2.1157585829041111e+01 1.0049993357058469e+00
3.3042443323064430e-01 -2.1157750150246606e+01 1.0047108935330522e+00
3.3164961192402770e-01 -2.1157910752517786e+01 1.0060911335704970e+00
3.3287647376750407e-01 -2.1158080782681697e+01 1.0052484949365645e+00
3.3410230812058139e-01 -2.1158244127093663e+01 1.0048340464782468e+00
3.3532763714655572e-01 -2.1158409539199166e+01 1.0058887969803081e+00
3.3655425243716863e-01 -2.1158581266864889e+01 1.0053935618382730e+00
3.3778026374845282e-01 -2.1158744930914814e+01 1.0053616277069777e+00
3.3900623605689068e-01 -2.1158915547714923e+01 1.0053092467465725e+00
3.4023214444093686e-01 -2.1159087533561827e+01 1.0049432344542590e+00
3.4145760646034845e-01 -2.1159253078261344e+01 1.0059051276554771e+00
3.4268424142111592e-01 -2.1159427830724653e+01 1.0050236908950465e+00
3.4390980151684908e-01 -2.1159598918977675e+01 1.0047553170677297e+00
3.4513503435034232e-01 -2.1159768032054942e+01 1.0061623331991285e+00
3.4636198296206083e-01 -2.1159945271764233e+01 1.0053805231661821e+00
3.4758797823579168e-01 -2.1160116428668797e+01 1.0050407547400719e+00
3.4881355922515922e-01 -2.1160290527667240e+01 1.0059107110473673e+00
3.5004020112323364e-01 -2.1160469524953921e+01 1.0053527964397739e+00
3.5126616274946526e-01 -2.1160641590219704e+01 1.0055593630475470e+00
3.5249237630156399e-01 -2.1160820652866775e+01 1.0053236435944113e+00
3.5371830234485069e-01 -2.1161000132666892e+01 1.0049333627921415e+00
3.5494375241316989e-01 -2.1161174282266849e+01 1.0061038776266620e+00
3.5617062980553210e-01 -2.1161356813503954e+01 1.0052399384838808e+00
3.5739645365065859e-01 -2.1161536192371173e+01 1.0048486131897434e+00
3.5862180028120094e-01 -2.1161714175298929e+01 1.0063748971795250e+00
3.5984900810627518e-01 -2.1161899150439076e+01 1.0056012088100017e+00
3.6107527247234744e-01 -2.1162078827534387e+01 1.0052198329131676e+00
3.6230107178996379e-01 -2.1162261502862044e+01 1.0061007564353264e+00
3.6352794536190192e-01 -2.1162448424737669e+01 1.0054456642870337e+00
3.6475402013094621e-01 -2.1162628969850395e+01 1.0057939665313067e+00
3.6598051968400241e-01 -2.1162815891051718e+01 1.0055153098251779e+00
3.6720667950044050e-01 -2.1163003172740471e+01 1.0050199872299110e+00
3.6843223529214075e-01 -2.1163185631977868e+01 1.0063691214826127e+00
3.6965943620235248e-01 -2.1163375670689774e+01 1.0055779279294397e+00
3.7088567225362618e-01 -2.1163562899247964e+01 1.0050180612238724e+00
3.7211122554541459e-01 -2.1163748543378958e+01 1.0066492159569873e+00
3.7333876789541959e-01 -2.1163941012977244e+01 1.0059142161103525e+00
3.7456541394530823e-01 -2.1164128170527359e+01 1.0054719021889493e+00
3.7579152061748189e-01 -2.1164317657110395e+01 1.0002921054021008e+00
3.7599892599600909e-01 -2.1164350484121996e+01 1
