1.0000000000000000e+01 0.0000000000000000e+00 1.3333333333333336e+01
1.0000000000000000e+01 0.0000000000000000e+00 1.3333333333333336e+01
1.0000000000000000e+01 0.0000000000000000e+00 1.3333333333333336e+01
1.0000000000000000e+01 0.0000000000000000e+00 1.3333333333333336e+01
1.0000000000000000e+01 0.0000000000000000e+00 1.3333333333333336e+01
1.0000000000000000e+01 0.0000000000000000e+00 1.3333333333333336e+01
1.0000000000000000e+01 0.0000000000000000e+00 1.3333333333333336e+01
1.0000000000000000e+01 0.0000000000000000e+00 1.3333333333333336e+01
1.0000000000000000e+01 0.0000000000000000e+00 1.3333333333333336e+01
1.0000000000000000e+01 0.0000000000000000e+00 1.3333333333333336e+01
1.0000000000000000e+01 0.0000000000000000e+00 1.3333333333333336e+01
1.0000000000000000e+01 0.0000000000000000e+00 1.3333333333333336e+01
1.0000000000000000e+01 0.0000000000000000e+00 1.3333333333333336e+01
1.0000000000000000e+01 0.0000000000000000e+00 1.3333333333333336e+01
1.0000000000000000e+01 0.0000000000000000e+00 1.3333333333333336e+01
1.0000000000000000e+01 0.0000000000000000e+00 1.3333333333333336e+01
1.0000000000000000e+01 0.0000000000000000e+00 1.3333333333333336e+01
1.0000000000000000e+01 0.0000000000000000e+00 1.3333333333333336e+01
1.0000000000000000e+01 0.0000000000000000e+00 1.3333333333333336e+01
1.0000000000000000e+01 0.0000000000000000e+00 1.3333333333333336e+01
1.0000000000000000e+01 0.0000000000000000e+00 1.3333333333333336e+01
1.0000000000000000e+01 0.0000000000000000e+00 1.3333333333333336e+01
1.0000000000000000e+01 0.0000000000000000e+00 1.3333333333333336e+01
1.0000000000000000e+01 0.0000000000000000e+00 1.3333333333333336e+01
1.0000000000000000e+01 0.0000000000000000e+00 1.3333333333333336e+01
1.0000000000000000e+01 0.0000000000000000e+00 1.3333333333333336e+01
1.0000000000000000e+01 0.0000000000000000e+00 1.3333333333333336e+01
1.0000000000000000e+01 0.0000000000000000e+00 1.3333333333333336e+01
1.0000000000000000e+01 0.0000000000000000e+00 1.3333333333333336e+01
1.0000000000000000e+01 0.0000000000000000e+00 1.3333333333333336e+01
1.0000000000000000e+01 0.0000000000000000e+00 1.3333333333333336e+01
1.0000000000000000e+01 0.0000000000000000e+00 1.3333333333333336e+01
1.0000000000000000e+01 0.0000000000000000e+00 1.3333333333333336e+01
1.0000000000000000e+01 0.0000000000000000e+00 1.3333333333333336e+01
1.0000000000000000e+01 0.0000000000000000e+00 1.3333333333333336e+01
1.0000000000000000e+01 0.0000000000000000e+00 1.3333333333333336e+01
1.0000000000000000e+01 0.0000000000000000e+00 1.3333333333333336e+01
1.0000000000000000e+01 0.0000000000000000e+00 1.3333333333333336e+01
1.0000000000000000e+01 0.0000000000000000e+00 1.3333333333333336e+01
1.0000000000000000e+01 0.0000000000000000e+00 1.3333333333333336e+01
1.0000000000000000e+01 0.0000000000000000e+00 1.3333333333333336e+01
1.0000000000000000e+01 0.0000000000000000e+00 1.3333333333333336e+01
1.0000000000000000e+01 0.0000000000000000e+00 1.3333333333333336e+01
1.0000000000000000e+01 0.0000000000000000e+00 1.3333333333333336e+01
1.0000000000000000e+01 0.0000000000000000e+00 1.3333333333333336e+01
1.0000000000000000e+01 0.0000000000000000e+00 1.3333333333333336e+01
1.0000000000000000e+01 0.0000000000000000e+00 1.3333333333333336e+01
1.0000000000000000e+01 0.0000000000000000e+00 1.3333333333333336e+01
1.0000000000000000e+01 0.0000000000000000e+00 1.3333333333333336e+01
1.0000000000000000e+01 0.0000000000000000e+00 1.3333333333333336e+01
1.0000000000000000e+01 0.0000000000000000e+00 1.3333333333333336e+01
1.0000000000000000e+01 0.0000000000000000e+00 1.3333333333333336e+01
1.0000000000000000e+01 0.0000000000000000e+00 1.3333333333333336e+01
1.0000000000000000e+01 0.0000000000000000e+00 1.3333333333333336e+01
1.0000000000000000e+01 0.0000000000000000e+00 1.3333333333333336e+01
1.0000000000000000e+01 0.0000000000000000e+00 1.3333333333333336e+01
1.0000000000000000e+01 0.0000000000000000e+00 1.3333333333333336e+01
1.0000000000000000e+01 0.0000000000000000e+00 1.3333333333333336e+01
1.0000000000000000e+01 0.0000000000000000e+00 1.3333333333333336e+01
1.0000000000000000e+01 0.0000000000000000e+00 1.3333333333333336e+01
1.0000000000000000e+01 0.0000000000000000e+00 1.3333333333333336e+01
1.0000000000000000e+01 0.0000000000000000e+00 1.3333333333333336e+01
1.0000000000000000e+01 0.0000000000000000e+00 1.3333333333333336e+01
1.0000000000000000e+01 0.0000000000000000e+00 1.3333333333333336e+01
1.0000000000000000e+01 0.0000000000000000e+00 1.3333333333333336e+01
1.0000000000000000e+01 0.0000000000000000e+00 1.3333333333333336e+01
1.0000000000000000e+01 0.0000000000000000e+00 1.3333333333333336e+01
1.0000000000000000e+01 0.0000000000000000e+00 1.3333333333333336e+01
1.0000000000000000e+01 0.0000000000000000e+00 1.3333333333333336e+01
1.0000000000000000e+01 0.0000000000000000e+00 1.3333333333333336e+01
1.0000000000000000e+01 -9.3984660057985785e-18 1.3333333333333336e+01
1.0000000000000000e+01 2.4091848027966039e-17 1.3333333333333336e+01
9.9999999999999822e+00 8.1439992875561096e-16 1.3333333333333311e+01
9.9999999999999680e+00 1.6903743964146042e-15 1.3333333333333282e+01
1.0000000000000039e+01 -2.4560933148071908e-15 1.3333333333333417e+01
1.0000000000000254e+01 -1.4759239877376305e-14 1.3333333333333812e+01
1.0000000000000286e+01 -1.6455263455833297e-14 1.3333333333333865e+01
9.9999999999992930e+00 3.9618623809003037e-14 1.3333333333332074e+01
9.9999999999971809e+00 1.5923379576502362e-13 1.3333333333328252e+01
9.9999999999978648e+00 1.2031056478561195e-13 1.3333333333329499e+01
1.0000000000008875e+01 -5.0072132411405823e-13 1.3333333333349351e+01
1.0000000000027434e+01 -1.5475483053344517e-12 1.3333333333382829e+01
1.0000000000012781e+01 -7.2127889607721348e-13 1.3333333333356405e+01
9.9999999999005365e+00 5.6116620847907548e-12 1.3333333333153925e+01
9.9999999997376374e+00 1.4802440934592406e-11 1.3333333332860066e+01
9.9999999998940261e+00 5.9784210596360173e-12 1.3333333333142189e+01
1.0000000000870765e+01 -4.9130578585047780e-11 1.3333333334904147e+01
1.0000000002099940e+01 -1.1848125635888538e-10 1.3333333337121466e+01
1.0000000000145569e+01 -8.2135753680965008e-12 1.3333333333595931e+01
9.9999999900518350e+00 5.6129045679617441e-10 1.3333333315387630e+01
9.9999999741207830e+00 1.4601457053153799e-09 1.3333333286649271e+01
9.9999999716219374e+00 1.6011307594796419e-09 1.3333333282141552e+01
9.9999999993871089e+00 3.4590480499077251e-11 1.3333333332227745e+01
1.0000000001997940e+01 -1.1275506012005932e-10 1.3333333336937478e+01
9.9999996796131434e+00 1.8076786636271557e-08 1.3333332755380638e+01
9.9999982596391401e+00 9.8193697127656334e-08 1.3333330193859126e+01
9.9999941788155304e+00 3.2844058313356391e-07 1.3333322832375156e+01
9.9999838714211826e+00 9.0999907451451523e-07 1.3333304238655639e+01
9.9999587534004295e+00 2.3272007976694582e-06 1.3333258927783378e+01
9.9998984072963015e+00 5.7320340047015945e-06 1.3333150068518819e+01
9.9997553374373744e+00 1.3804359117322839e-05 1.3332891983765423e+01
9.9994224368515479e+00 3.2587710456944616e-05 1.3332291467928870e+01
9.9986662984378860e+00 7.5253728918589502e-05 1.3330927507343489e+01
9.9969895381741569e+00 1.6987720572759091e-04 1.3327903026822945e+01
9.9933368511121508e+00 3.7606020865676824e-04 1.3321315079511070e+01
9.9855002133744311e+00 8.1866712651016739e-04 1.3307183725163451e+01
9.9692139801738104e+00 1.7396240479513887e-03 1.3277827509781975e+01
9.9377696775335931e+00 3.5219258869393076e-03 1.3221195395613215e+01
9.8842653338140423e+00 6.5672688014347790e-03 1.3124976606017494e+01
9.8063835226957821e+00 1.1029083357220186e-02 1.2985241073559976e+01
9.7080335212718651e+00 1.6713246476846931e-02 1.2809327010173396e+01
9.5958763466590646e+00 2.3263792788811317e-02 1.2609467475747763e+01
9.4757504292731962e+00 3.0361746710505268e-02 1.2396302815707450e+01
9.3516106328005026e+00 3.7787374204137296e-02 1.2176996234717103e+01
9.2258759576519118e+00 4.5403777581879468e-02 1.1955897217802498e+01
9.0999692438445638e+00 5.3128409345788365e-02 1.1735538802496627e+01
8.9747447641905680e+00 6.0909939731682954e-02 1.1517419412839430e+01
8.8507443790887965e+00 6.8714118966039725e-02 1.1302468629839739e+01
8.7283197288903107e+00 7.6517130268167852e-02 1.1091270704235555e+01
8.6076943202771012e+00 8.4302301852078348e-02 1.0884178646667976e+01
8.4890046909570671e+00 9.2057914562820115e-02 1.0681389828021004e+01
8.3723294635726226e+00 9.9775616971111078e-02 1.0482998956075775e+01
8.2577082837231828e+00 1.0744938235543058e-01 1.0289032516029579e+01
8.1451539696717301e+00 1.1507484347058949e-01 1.0099470799004919e+01
8.0346606513395713e+00 1.2264884035522480e-01 9.9142625816950662e+00
7.9262094451443472e+00 1.3016909645622912e-01 9.7333353899746555e+00
7.8197725849043787e+00 1.3763398781839792e-01 9.5566027923164114e+00
7.7153162700783229e+00 1.4504237788300076e-01 9.3839695100751399e+00
7.6128027076367770e+00 1.5239349718292861e-01 9.2153349383091445e+00
7.5121915539203563e+00 1.5968685265222032e-01 9.0505956567644148e+00
7.4134409452859940e+00 1.6692216093942069e-01 8.8896472149356285e+00
7.3165082735864875e+00 1.7409930070429228e-01 8.7323853866162935e+00
7.2213507375356043e+00 1.8121827770946150e-01 8.5787070602801023e+00
7.1279257055660219e+00 1.8827919729146014e-01 8.4285108480628352e+00
7.0361909654877124e+00 1.9528224291960017e-01 8.2816974562156283e+00
6.9461049184415264e+00 2.0222765980534915e-01 8.1381699398604876e+00
6.8576267140406939e+00 2.0911574515125494e-01 7.9978338781665439e+00
6.7707163455068020e+00 2.1594684095563385e-01 7.8605974880363032e+00
6.6853347157465288e+00 2.2272132580388188e-01 7.7263716760499230e+00
6.6014436459886694e+00 2.2943960840298755e-01 7.5950700004827176e+00
6.5190058756731437e+00 2.3610212225724542e-01 7.4666086283755551e+00
6.4379850721308083e+00 2.4270932243744839e-01 7.3409063071345724e+00
6.3583458492791936e+00 2.4926168359505738e-01 7.2178843414680411e+00
6.2800537715983413e+00 2.5575969766589773e-01 7.0974665516032980e+00
6.2030753409343129e+00 2.6220387060481004e-01 6.9795792123797620e+00
6.1273779735983167e+00 2.6859471909504479e-01 6.8641509791877588e+00
6.0529299859762222e+00 2.7493276825442042e-01 6.7511128164732082e+00
5.9797005849503639e+00 2.8121855069413598e-01 6.6403979360070124e+00
5.9076598706890859e+00 2.8745260429117092e-01 6.5319417635495567e+00
5.8367788124717066e+00 2.9363547081111430e-01 6.4256818705771295e+00
5.7670292241542613e+00 2.9976769358754318e-01 6.3215579072283941e+00
5.6983837410216669e+00 3.0584981601324907e-01 6.2195115274470627e+00
5.6308158194082161e+00 3.1188237947510694e-01 6.1194863455655693e+00
5.5642997155224920e+00 3.1786592355545212e-01 6.0214278687901750e+00
5.4988104693645274e+00 3.2380098495804421e-01 5.9252834423877454e+00
5.4343238820088118e+00 3.2968809592498266e-01 5.8310021870891067e+00
5.3708164890477343e+00 3.3552778245488035e-01 5.7385349320796610e+00
5.3082655298132604e+00 3.4132056450606701e-01 5.6478341415638056e+00
5.2466489322659733e+00 3.4706695668789761e-01 5.5588538645540897e+00
5.1859452952908640e+00 3.5276746871781128e-01 5.4715496818718918e+00
5.1261338629013196e+00 3.5842260526985803e-01 5.3858786430228855e+00
5.0671944915349005e+00 3.6403286535488821e-01 5.3017991952029186e+00
5.0091076221193092e+00 3.6959874213871752e-01 5.2192711201311752e+00
4.9518542608346205e+00 3.7512072350423548e-01 5.1382554854930440e+00
4.8954159607713841e+00 3.8059929257549185e-01 5.0587145977595842e+00
4.8397747988720639e+00 3.8603492780919713e-01 4.9806119502473036e+00
4.7849133497890781e+00 3.9142810259537109e-01 4.9039121668191274e+00
4.7308146699032516e+00 3.9677928574551991e-01 4.8285809615749713e+00
4.6774622860579518e+00 4.0208894226185271e-01 4.7545851050922856e+00
4.6248401814533056e+00 4.0735753378641049e-01 4.6818923884148091e+00
4.5729327756692983e+00 4.1258551828775136e-01 4.6104715790721258e+00
4.5217249001733943e+00 4.1777334918052611e-01 4.5402923725937079e+00
4.4712017833539530e+00 4.2292147517755646e-01 4.4713253573691061e+00
4.4213490421605561e+00 4.2803034068805029e-01 4.4035419894442303e+00
4.3721526778647295e+00 4.3310038651362553e-01 4.3369145732753154e+00
4.3235990658305958e+00 4.3813204981651627e-01 4.2714162346755771e+00
4.2756749399039320e+00 4.4312576344002508e-01 4.2070208874546680e+00
4.2283673813419878e+00 4.4808195553153296e-01 4.1437032060921197e+00
4.1816638041314134e+00 4.5300104877110170e-01 4.0814385949511154e+00
4.1355519507759837e+00 4.5788346059958485e-01 4.0202031713447894e+00
4.0900198868052380e+00 4.6272960336246094e-01 3.9599737476666483e+00
4.0450559922673550e+00 4.6753988418784820e-01 3.9007278100731364e+00
4.0006489579326514e+00 4.7231470539217463e-01 3.8424435032137900e+00
3.9567877687525708e+00 4.7705446360417963e-01 3.7850995985007625e+00
3.9134616944055152e+00 4.8175954974347585e-01 3.7286754722789182e+00
3.8706602786330038e+00 4.8643034894776943e-01 3.6731510823298024e+00
3.8283733301025551e+00 4.9106724089874298e-01 3.6185069480485703e+00
3.7865909235884203e+00 4.9567060135458180e-01 3.5647241435860915e+00
3.7453033796929773e+00 5.0024080147198058e-01 3.5117842640670558e+00
3.7045012585210984e+00 5.0477820871466128e-01 3.4596694105822259e+00
3.6641753378864497e+00 5.0928318594021982e-01 3.4083621547441867e+00
3.6243166084155076e+00 5.1375609224212659e-01 3.3578455249944770e+00
3.5849162684234015e+00 5.1819728375425189e-01 3.3081029939672639e+00
3.5459657113172218e+00 5.2260711333400101e-01 3.2591184555231081e+00
3.5074565300536351e+00 5.2698593203281563e-01 3.2108762245062166e+00
3.4693804973384985e+00 5.3133408766864199e-01 3.1633610071359533e+00
3.4317295775381909e+00 5.3565192664688366e-01 3.1165579102532242e+00
3.3944959080297576e+00 5.3993979217948240e-01 3.0704524137020792e+00
3.3576718030083468e+00 5.4419802472959944e-01 3.0250303702897061e+00
3.3212497475921667e+00 5.4842696064864405e-01 2.9802779906552113e+00
3.2852223943798289e+00 5.5262693085298487e-01 2.9361818356511957e+00
3.2495825855054994e+00 5.5679826152586287e-01 2.8927288385186545e+00
3.2143233581157058e+00 5.6094127030975394e-01 2.8499063026969016e+00
3.1794379540629305e+00 5.6505626633425121e-01 2.8077019130603658e+00
3.1449198216373868e+00 5.6914354957584379e-01 2.7661037322599515e+00
3.1107625982448575e+00 5.7320340814694060e-01 2.7251001700712947e+00
3.0769601375023985e+00 5.7723612246283984e-01 2.6846800171778726e+00
3.0435064694085465e+00 5.8124196072820078e-01 2.6448323865628027e+00
3.0103958234159407e+00 5.8522118266063816e-01 2.6055467337734717e+00
2.9776225998476309e+00 5.8917403892201170e-01 2.5668128295205079e+00
2.9451813484510132e+00 5.9310076901086872e-01 2.5286207143055992e+00
2.9130667969450985e+00 5.9700160842582495e-01 2.4909607403464249e+00
2.8812737768862773e+00 6.0087678286587753e-01 2.4538234856658900e+00
2.8497972850809306e+00 6.0472651572895708e-01 2.4171997983346438e+00
2.8186324077168936e+00 6.0855102485663459e-01 2.3810807380740751e+00
2.7877743397801291e+00 6.1235052423385039e-01 2.3454575690294135e+00
2.7572184123029766e+00 6.1612522908692569e-01 2.3103217846687834e+00
2.7269599756016865e+00 6.1987534874421002e-01 2.2756650161160779e+00
2.6969945485088247e+00 6.2360109995718316e-01 2.2414791285761519e+00
2.6673176344560505e+00 6.2730269443108433e-01 2.2077560702141348e+00
2.6379247921900286e+00 6.3098035166382638e-01 2.1744879482612904e+00
2.6088116001744224e+00 6.3463429104175617e-01 2.1416669098086856e+00
2.5799736115227367e+00 6.3826474844444281e-01 2.1092852349152498e+00
2.5514063788218553e+00 6.4187196924356571e-01 2.0773352221857868e+00
2.5231053715756429e+00 6.4545620814736671e-01 2.0458091382207417e+00
2.4950660205578816e+00 6.4901775410442530e-01 2.0146993981022434e+00
2.4672837427130632e+00 6.5255690113008447e-01 1.9839982918460517e+00
2.4397536778302040e+00 6.5607395948642844e-01 1.9536980766883847e+00
2.4124710379935661e+00 6.5956926523004877e-01 1.9237910889257224e+00
2.3854311563459185e+00 6.6304317335555951e-01 1.8942697514684694e+00
2.3586288601642988e+00 6.6649602710898892e-01 1.8651263647833605e+00
2.3320595208443131e+00 6.6992817695092488e-01 1.8363534469638816e+00
2.3057185999135124e+00 6.7334000067601740e-01 1.8079440635493627e+00
2.2796014237330082e+00 6.7673181351645517e-01 1.7798911655083971e+00
2.2537037684364996e+00 6.8010389783929115e-01 1.7521878169410301e+00
2.2280215946230832e+00 6.8345659902334988e-01 1.7248282436350779e+00
2.2025517269957753e+00 6.8679011679356394e-01 1.6978065882825999e+00
2.1772906916792349e+00 6.9010455047925412e-01 1.6711175099875659e+00
2.1522363273125285e+00 6.9340002494086284e-01 1.6447571440290543e+00
2.1273881908431989e+00 6.9667662058683233e-01 1.6187222934308316e+00
2.1027425238529140e+00 6.9993415968626260e-01 1.5930084132745725e+00
2.0782988488990579e+00 7.0317255292129155e-01 1.5676120556928554e+00
2.0540583962379171e+00 7.0639215357253693e-01 1.5425331835847715e+00
2.0300178474434238e+00 7.0959243359772528e-01 1.5177671812971845e+00
2.0061791911016855e+00 7.1277253102278149e-01 1.4933123808284134e+00
1.9825493321895287e+00 7.1593225463912868e-01 1.4691769594103792e+00
1.9591326788951486e+00 7.1907140690050608e-01 1.4453601902336204e+00
1.9358946388269500e+00 7.2219256157449652e-01 1.4218271770168589e+00
1.9127101041321992e+00 7.2531195407691362e-01 1.3984518227121416e+00
1.8894025030732686e+00 7.2845715020119972e-01 1.3750512409339639e+00
1.8661243613454574e+00 7.3160457778920329e-01 1.3517909227694347e+00
1.8438606153322090e+00 7.3462123580938044e-01 1.3296371779877778e+00
1.8246379342327845e+00 7.3722772109769330e-01 1.3105897074999486e+00
1.8110539287499896e+00 7.3907378543969271e-01 1.2971767888274981e+00
1.8063880395312895e+00 7.3971174716203580e-01 1.2925734410778471e+00
1.8184490407755083e+00 7.3806877829725936e-01 1.3044861356591495e+00
1.8490627845815424e+00 7.3390952878144056e-01 1.3348325004504256e+00
1.8825253914497524e+00 7.2938029485619627e-01 1.3681982583894607e+00
1.9043324384777578e+00 7.2643640447834312e-01 1.3900635948854065e+00
1.9151657446231785e+00 7.2497650961555904e-01 1.4009610216254991e+00
1.9216201394838937e+00 7.2410594475196433e-01 1.4074637826487268e+00
1.9271946624991960e+00 7.2335431541843376e-01 1.4130865661168985e+00
1.9327337832289420e+00 7.2260951151556585e-01 1.4186795867314430e+00
1.9377057939403117e+00 7.2194136458738589e-01 1.4237051443365554e+00
1.9415594953570050e+00 7.2142282586578277e-01 1.4276040729179877e+00
1.9444359453706150e+00 7.2103565929058122e-01 1.4305167141456461e+00
1.9468013643718973e+00 7.2071771330796386e-01 1.4329135515771201e+00
1.9489380065039614e+00 7.2043071372996959e-01 1.4350799077710856e+00
1.9508459574806203e+00 7.2017409369631225e-01 1.4370156418115467e+00
1.9523591658779325e+00 7.1997031134563683e-01 1.4385520948586485e+00
1.9532775382444059e+00 7.1984651797816201e-01 1.4394860370689386e+00
1.9535038766905017e+00 7.1981577055718704e-01 1.4397188667232421e+00
1.9531022729375414e+00 7.1986927661200395e-01 1.4393156809235665e+00
1.9522012499255330e+00 7.1998969463020990e-01 1.4384066981255288e+00
1.9509416507027957e+00 7.2015822584982248e-01 1.4371345839242533e+00
1.9494786818674996e+00 7.2035410982812598e-01 1.4356571205750801e+00
1.9479687487650652e+00 7.2055621386551461e-01 1.4341334504721646e+00
1.9465435881990789e+00 7.2074673293522917e-01 1.4326968566490321e+00
1.9452834496129627e+00 7.2091501215628495e-01 1.4314277631868515e+00
1.9442260580508328e+00 7.2105607750468070e-01 1.4303643660061525e+00
1.9434127198281488e+00 7.2116422440312633e-01 1.4295497626212232e+00
1.9428907074155095e+00 7.2123297004857478e-01 1.4290321990634531e+00
1.9426602836219731e+00 7.2126243476555107e-01 1.4288104096011320e+00
1.9426588001986329e+00 7.2126121643629793e-01 1.4288198118734363e+00
1.9428265842461423e+00 7.2123708548515841e-01 1.4290019386155230e+00
1.9431134636570906e+00 7.2119646293173700e-01 1.4293082339905949e+00
1.9434738546823485e+00 7.2114561099301300e-01 1.4296911218836339e+00
1.9438627781971207e+00 7.2109093961844484e-01 1.4301024342458231e+00
1.9442365143839835e+00 7.2103797321036900e-01 1.4305010659227568e+00
1.9445669076510543e+00 7.2098953888326422e-01 1.4308656556420498e+00
1.9448522691008399e+00 7.2094599774085111e-01 1.4311934279504324e+00
1.9450941822136461e+00 7.2090848539486996e-01 1.4314758426340186e+00
1.9452739458783934e+00 7.2087967090917349e-01 1.4316925633631152e+00
1.9453454042580296e+00 7.2086271892700104e-01 1.4318202297363349e+00
1.9452891939089205e+00 7.2085822945903344e-01 1.4318540436182210e+00
1.9451421155137765e+00 7.2086452827847758e-01 1.4318066287111135e+00
1.9449163700102601e+00 7.2088170810078933e-01 1.4316771528342851e+00
1.9445275282965642e+00 7.2091380483842038e-01 1.4314356193935611e+00
1.9438957858473227e+00 7.2096491050956513e-01 1.4310499879812357e+00
1.9430795763666602e+00 7.2103530632266610e-01 1.4305200676111935e+00
1.9421516047559044e+00 7.2112148765327266e-01 1.4298709678249955e+00
1.9409441071154285e+00 7.2121977447265040e-01 1.4291300046246027e+00
1.9392625102577974e+00 7.2132780877206393e-01 1.4283173553521720e+00
1.9373136309572403e+00 7.2144153536974132e-01 1.4274644621079862e+00
1.9348922776650139e+00 7.2155386121537579e-01 1.4266125862119150e+00
1.9308734873853401e+00 7.2165851774838685e-01 1.4258277792272207e+00
1.9248579565150241e+00 7.2174937558146290e-01 1.4251503453596197e+00
1.9183323512712516e+00 7.2182170090868647e-01 1.4245947847877063e+00
1.9156439047168055e+00 7.2187465735278489e-01 1.4241927088488882e+00
1.9199020833392204e+00 7.2190947196547195e-01 1.4239532409438040e+00
1.9276342387274694e+00 7.2192090031136535e-01 1.4238346248919413e+00
1.9445403622373092e+00 7.2191705985768129e-01 1.4237436891325808e+00
1.9923019996438662e+00 7.2190764339454649e-01 1.4237654186421569e+00
2.0797446291734381e+00 7.2190139027676492e-01 1.4237530729873298e+00
2.2904808965484285e+00 7.2189566269772576e-01 1.4237369487728184e+00
2.7918995258193475e+00 7.2198499222239443e-01 1.4244651453921300e+00
3.6279392336817833e+00 7.2201970652016456e-01 1.4247896925048753e+00
4.6147055300037616e+00 7.2204952928222521e-01 1.4245202208084344e+00
5.4012817032629759e+00 7.2206229228952390e-01 1.4243321219913869e+00
5.8387561516826407e+00 7.2200988175558167e-01 1.4246349107658745e+00
6.0328877965077918e+00 7.2195360349275317e-01 1.4248018168720213e+00
6.1065776865504837e+00 7.2188145138159499e-01 1.4246936700098802e+00
6.1232713767063069e+00 7.2177519364339471e-01 1.4241335151341190e+00
6.1115088836192921e+00 7.2170794011866024e-01 1.4238990612189344e+00
6.0848525167821608e+00 7.2169650704373223e-01 1.4242054869551928e+00
6.0446961622508804e+00 7.2132574469360033e-01 1.4210341406503755e+00
6.0132037555840263e+00 7.2090773102409333e-01 1.4174570892085616e+00
5.9904789619739844e+00 7.2035778035888576e-01 1.4123759240602995e+00
5.8819085738051964e+00 7.1625912543556647e-01 1.3732843137704445e+00
5.6631743217954753e+00 7.0679192870246366e-01 1.2970823392890818e+00
4.8966331843100566e+00 6.7274840922378232e-01 1.0454195313654058e+00
3.4590381590069703e+00 5.5214911160759961e-01 5.3781673756310711e-01
2.5402230192430615e+00 3.1393474373480684e-01 1.5573531774980037e-01
1.8584221800035217e+00 8.9825570528596049e-02 1.8378438887866208e-02
1.4038352476189375e+00 1.0057751886694090e-02 3.9485731991490986e-04
1.0320463716921580e+00 6.5500929219505159e-04 1.7312796526911742e-06
1.0005632062892098e+00 2.6129572864333590e-05 1.0067966683817175e-06
1.0000520265424744e+00 2.5165492541316068e-07 1.0004016109021594e-06
1.0000034160381077e+00 2.2876514960737534e-09 1.0000063819873540e-06
1.0000001126699178e+00 3.8794805291534912e-11 1.0000001902441693e-06
1.0000000011165449e+00 2.0914354051327777e-12 9.9999999224117541e-07
1.0000000000067260e+00 -4.3187400087903838e-13 1.0000000000131523e-06
9.9999999995550259e-01 5.9093494970279449e-13 1.0000000100279682e-06
1.0000000000615974e+00 5.3630382422675156e-13 9.9999999118622721e-07
9.9999999998419620e-01 -6.6593485103394208e-13 1.0000000100566618e-06
9.9999999998448608e-01 4.3674917176108910e-13 9.9999999999091299e-07
1.0000000000249549e+00 -7.0293600468404140e-14 9.9999999114958499e-07
9.9999999997861300e-01 -1.9142757824520553e-13 9.9999999998503924e-07
1.0000000000009821e+00 5.6670083334523564e-13 9.9999999112561268e-07
1.0000000000173153e+00 4.0095756597025245e-14 9.9999999114194517e-07
1.0000000000281826e+00 -4.0444790574340328e-13 9.9999999115281218e-07
9.9999999996652988e-01 -8.0265710714882269e-13 9.9999999701235487e-07
9.9999999995960631e-01 6.1649095422927064e-13 9.9999999108423597e-07
1.0000000000545355e+00 3.2505899302552257e-13 9.9999999117916507e-07
9.9999999999018996e-01 -5.1380152789191699e-13 9.9999999999661648e-07
9.9999999998759914e-01 9.5642231882134865e-14 1.0000000011782681e-06
1.0000000000347611e+00 -3.0607993944215809e-13 9.9999999885694720e-07
9.9999999996458322e-01 -3.3016641246941744e-13 9.9999999108921271e-07
9.9999999996303246e-01 7.3867278143362845e-13 1.0000000011537016e-06
1.0000000000390652e+00 5.4614540168581309e-13 9.9999999116369486e-07
1.0000000000135638e+00 -2.8248194208481400e-15 9.9999999113819367e-07
1.0000000000272105e+00 -4.9066889801927901e-13 9.9999999115183979e-07
9.9999999995495459e-01 -3.4752395509688516e-13 9.9999999107958407e-07
9.9999999998964628e-01 7.6994246274553043e-14 1.0000000100621116e-06
1.0000000000041240e+00 2.3166048092183313e-13 9.9999999882631045e-07
1.0000000000045268e+00 5.0239205457440362e-13 9.9999999112915709e-07
1.0000000000105485e+00 9.1346971956113635e-14 9.9999999113517780e-07
1.0000000000139999e+00 -3.8818604121297948e-13 9.9999999113862946e-07
1.0000000000064591e+00 -2.5120372189328946e-13 1.0000000000128859e-06
9.9999999998906375e-01 -2.3008231352512345e-13 9.9999999111369324e-07
9.9999999994925248e-01 2.8730330094185260e-13 1.0000000100217183e-06
1.0000000000387084e+00 7.1289351845468775e-13 9.9999999116333826e-07
1.0000000000518414e+00 -8.5840848897648469e-13 9.9999999117647108e-07
9.9999999994641975e-01 -3.7852526245716689e-13 1.0000000023213289e-06
9.9999999998610956e-01 3.1752666999781913e-13 9.9999999703193404e-07
1.0000000000065496e+00 4.0908266554128985e-13 1.0000000000129765e-06
1.0000000000253497e+00 -1.1061443943141523e-14 9.9999999114997928e-07
9.9999999998500000e-01 -4.0416663580991518e-13 9.9999999939930473e-07
9.9999999999586797e-01 4.2953135312417667e-13 1.0000000000022946e-06
1.0000000000222662e+00 -1.3472538185133893e-13 9.9999999114689523e-07
9.9999999998168021e-01 -2.8956103407888941e-13 1.0000000100541453e-06
1.0000000000007596e+00 8.5831529273129894e-14 9.9999999882294561e-07
1.0000000000032740e+00 1.5261805841975212e-14 9.9999999704909831e-07
9.9999999999663491e-01 -2.6952799322569603e-14 9.9999999881882140e-07
9.9999999999847400e-01 -4.1816484767052720e-14 9.9999999704429818e-07
1.0000000000011724e+00 5.0110471926023752e-14 1.0000000000075991e-06
1.0000000000047233e+00 -1.0170483834593340e-14 1.0000000000111494e-06
1.0000000000050073e+00 -8.9750879323008661e-14 9.9999999941931292e-07
9.9999999998498479e-01 -4.7618316274313925e-14 1.0000000100574504e-06
1.0000000000031168e+00 1.0857338553024072e-13 1.0000000000095431e-06
1.0000000000058729e+00 5.6959275634891351e-14 1.0000000000122993e-06
1.0000000000020024e+00 -1.7801306097026589e-13 9.9999999882418905e-07
9.9999999999209743e-01 -1.7961180880072899e-14 1.0000000017748878e-06
9.9999999999536060e-01 1.9488920911920892e-13 9.9999999111999008e-07
1.0000000000016218e+00 3.8484301500525676e-13 9.9999999941592733e-07
1.0000000000222118e+00 -1.3814510024234640e-13 9.9999999114684145e-07
9.9999999998637024e-01 -4.0361966692957188e-13 9.9999999880855663e-07
9.9999999997624101e-01 4.3511194026192154e-13 9.9999999642994434e-07
1.0000000000194786e+00 3.2881508414382483e-13 9.9999999114410807e-07
1.0000000000069027e+00 -6.1402628385315489e-14 9.9999999113153217e-07
