1.0000000000000000e+01 0.0000000000000000e+00 1.3333333333333336e+01
1.0000000000000000e+01 0.0000000000000000e+00 1.3333333333333336e+01
1.0000000000000000e+01 0.0000000000000000e+00 1.3333333333333336e+01
1.0000000000000000e+01 0.0000000000000000e+00 1.3333333333333336e+01
1.0000000000000000e+01 0.0000000000000000e+00 1.3333333333333336e+01
1.0000000000000000e+01 0.0000000000000000e+00 1.3333333333333336e+01
1.0000000000000000e+01 0.0000000000000000e+00 1.3333333333333336e+01
1.0000000000000000e+01 0.0000000000000000e+00 1.3333333333333336e+01
1.0000000000000000e+01 0.0000000000000000e+00 1.3333333333333336e+01
1.0000000000000000e+01 0.0000000000000000e+00 1.3333333333333336e+01
1.0000000000000000e+01 0.0000000000000000e+00 1.3333333333333336e+01
1.0000000000000000e+01 0.0000000000000000e+00 1.3333333333333336e+01
1.0000000000000000e+01 0.0000000000000000e+00 1.3333333333333336e+01
1.0000000000000000e+01 0.0000000000000000e+00 1.3333333333333336e+01
1.0000000000000000e+01 0.0000000000000000e+00 1.3333333333333336e+01
1.0000000000000000e+01 0.0000000000000000e+00 1.3333333333333336e+01
1.0000000000000000e+01 0.0000000000000000e+00 1.3333333333333336e+01
1.0000000000000000e+01 0.0000000000000000e+00 1.3333333333333336e+01
1.0000000000000000e+01 0.0000000000000000e+00 1.3333333333333336e+01
1.0000000000000000e+01 0.0000000000000000e+00 1.3333333333333336e+01
1.0000000000000000e+01 0.0000000000000000e+00 1.3333333333333336e+01
1.0000000000000000e+01 0.0000000000000000e+00 1.3333333333333336e+01
1.0000000000000000e+01 0.0000000000000000e+00 1.3333333333333336e+01
1.0000000000000000e+01 0.0000000000000000e+00 1.3333333333333336e+01
1.0000000000000000e+01 0.0000000000000000e+00 1.3333333333333336e+01
1.0000000000000000e+01 0.0000000000000000e+00 1.3333333333333336e+01
1.0000000000000000e+01 0.0000000000000000e+00 1.3333333333333336e+01
1.0000000000000000e+01 0.0000000000000000e+00 1.3333333333333336e+01
1.0000000000000000e+01 0.0000000000000000e+00 1.3333333333333336e+01
1.0000000000000000e+01 0.0000000000000000e+00 1.3333333333333336e+01
1.0000000000000000e+01 0.0000000000000000e+00 1.3333333333333336e+01
1.0000000000000000e+01 0.0000000000000000e+00 1.3333333333333336e+01
1.0000000000000000e+01 0.0000000000000000e+00 1.3333333333333336e+01
1.0000000000000000e+01 0.0000000000000000e+00 1.3333333333333336e+01
1.0000000000000000e+01 0.0000000000000000e+00 1.3333333333333336e+01
1.0000000000000000e+01 0.0000000000000000e+00 1.3333333333333336e+01
1.0000000000000000e+01 0.0000000000000000e+00 1.3333333333333336e+01
1.0000000000000000e+01 0.0000000000000000e+00 1.3333333333333336e+01
1.0000000000000000e+01 0.0000000000000000e+00 1.3333333333333336e+01
1.0000000000000000e+01 0.0000000000000000e+00 1.3333333333333336e+01
1.0000000000000000e+01 0.0000000000000000e+00 1.3333333333333336e+01
1.0000000000000000e+01 0.0000000000000000e+00 1.3333333333333336e+01
1.0000000000000000e+01 0.0000000000000000e+00 1.3333333333333336e+01
1.0000000000000000e+01 0.0000000000000000e+00 1.3333333333333336e+01
1.0000000000000000e+01 0.0000000000000000e+00 1.3333333333333336e+01
1.0000000000000000e+01 0.0000000000000000e+00 1.3333333333333336e+01
1.0000000000000000e+01 0.0000000000000000e+00 1.3333333333333336e+01
1.0000000000000000e+01 0.0000000000000000e+00 1.3333333333333336e+01
1.0000000000000000e+01 0.0000000000000000e+00 1.3333333333333336e+01
1.0000000000000000e+01 0.0000000000000000e+00 1.3333333333333336e+01
1.0000000000000000e+01 0.0000000000000000e+00 1.3333333333333336e+01
1.0000000000000000e+01 0.0000000000000000e+00 1.3333333333333336e+01
1.0000000000000000e+01 0.0000000000000000e+00 1.3333333333333336e+01
1.0000000000000000e+01 0.0000000000000000e+00 1.3333333333333336e+01
1.0000000000000000e+01 0.0000000000000000e+00 1.3333333333333336e+01
1.0000000000000000e+01 0.0000000000000000e+00 1.3333333333333336e+01
1.0000000000000000e+01 0.0000000000000000e+00 1.3333333333333336e+01
1.0000000000000000e+01 -4.3727342332016990e-17 1.3333333333333336e+01
1.0000000000000000e+01 1.2335445090692186e-16 1.3333333333333336e+01
1.0000000000000000e+01 6.1487081163226180e-16 1.3333333333333311e+01
1.0000000000000000e+01 1.0906718119116390e-15 1.3333333333333297e+01
1.0000000000000000e+01 1.6696467494225722e-15 1.3333333333333286e+01
1.0000000000000000e+01 2.2194369558074656e-15 1.3333333333333265e+01
9.9999999999999929e+00 2.8382764417370669e-15 1.3333333333333245e+01
9.9999999999999662e+00 3.7004546173816109e-15 1.3333333333333206e+01
9.9999999999999396e+00 4.7098542011933018e-15 1.3333333333333179e+01
9.9999999999999503e+00 5.6163347039816889e-15 1.3333333333333144e+01
9.9999999999999503e+00 6.1589077431171390e-15 1.3333333333333119e+01
9.9999999999999716e+00 6.9068510986381804e-15 1.3333333333333085e+01
9.9999999999999609e+00 7.2425757902616740e-15 1.3333333333333098e+01
9.9999999999999396e+00 7.9182105119459538e-15 1.3333333333333041e+01
9.9999999999998970e+00 9.3513890534797586e-15 1.3333333333332988e+01
9.9999999999998526e+00 1.1907760588886080e-14 1.3333333333332885e+01
9.9999999999998277e+00 1.3722837131097316e-14 1.3333333333332840e+01
9.9999999999998934e+00 9.5604109611499550e-15 1.3333333333332970e+01
1.0000000000000083e+01 -2.2450622635233122e-15 1.3333333333333341e+01
1.0000000000000083e+01 -2.2790953912146525e-15 1.3333333333333343e+01
9.9999999999990923e+00 5.4271439188991918e-14 1.3333333333331545e+01
9.9999999999970868e+00 1.6866498908548777e-13 1.3333333333327889e+01
9.9999999999979270e+00 1.2062419277756439e-13 1.3333333333329414e+01
1.0000000000008850e+01 -4.9603658324336151e-13 1.3333333333349124e+01
1.0000000000026597e+01 -1.4978358968933613e-12 1.3333333333381162e+01
1.0000000000010811e+01 -6.0729169103141871e-13 1.3333333333352677e+01
9.9999999998993303e+00 5.6820863939306721e-12 1.3333333333151590e+01
9.9999999997428830e+00 1.4507392826452117e-11 1.3333333332869424e+01
9.9999999999091909e+00 5.1229135700602406e-12 1.3333333333169449e+01
1.0000000000882734e+01 -4.9806426794617057e-11 1.3333333334925644e+01
1.0000000002061185e+01 -1.1629401740769144e-10 1.3333333337051442e+01
1.0000000000003798e+01 -2.1603711915374735e-13 1.3333333333340079e+01
9.9999999898621859e+00 5.7199459672647215e-10 1.3333333315045422e+01
9.9999999741745302e+00 1.4571044771043986e-09 1.3333333286746107e+01
9.9999999722033586e+00 1.5683476941804421e-09 1.3333333283190260e+01
9.9999999999398135e+00 3.3585691257649048e-12 1.3333333333224653e+01
9.9999999995528750e+00 2.5298594781613787e-11 1.3333333332526678e+01
9.9999996661986348e+00 1.8833444906307264e-08 1.3333332731181798e+01
9.9999982195495232e+00 1.0045602910606647e-07 1.3333330121540499e+01
9.9999940806376344e+00 3.3397911956276081e-07 1.3333322655269928e+01
9.9999836402657660e+00 9.2304276829003585e-07 1.3333303821669805e+01
9.9999582120640991e+00 2.3577410352113256e-06 1.3333257951257014e+01
9.9998971471810201e+00 5.8031387080183016e-06 1.3333147795380185e+01
9.9997524475485893e+00 1.3967399694854781e-05 1.3332886770691118e+01
9.9994159614183946e+00 3.2953109884952294e-05 1.3332279787035294e+01
9.9986521255347043e+00 7.6053419734364844e-05 1.3330901941957148e+01
9.9969590490370273e+00 1.7159805033993087e-04 1.3327848033276986e+01
9.9932722625074071e+00 3.7970653707455833e-04 1.3321198594976966e+01
9.9853682958139913e+00 8.2612105803815639e-04 1.3306945878428202e+01
9.9689669174104409e+00 1.7536054686349630e-03 1.3277382309321638e+01
9.9373745820621586e+00 3.5443537146944001e-03 1.3220484273589761e+01
9.8837605951432046e+00 6.5960660185131869e-03 1.3124069927836368e+01
9.8058803362835878e+00 1.1057995475247563e-02 1.2984339858856586e+01
9.7076338887128646e+00 1.6736413026034246e-02 1.2808614385832364e+01
9.5956163659949336e+00 2.3278997045906077e-02 1.2609006371484966e+01
9.4756126713291735e+00 3.0369842022306387e-02 1.2396060545294585e+01
9.3515580327209253e+00 3.7790447977329375e-02 1.2176905512486607e+01
9.2258726226637453e+00 4.5403862842528959e-02 1.1955893744932830e+01
9.0999892854184932e+00 5.3127029098537830e-02 1.1735576587428852e+01
8.9747712357473262e+00 6.0908119264249064e-02 1.1517468567836989e+01
8.8507661226570082e+00 6.8712554185728164e-02 1.1302509800430869e+01
8.7283293413697756e+00 7.6516301867833689e-02 1.1091291209972457e+01
8.6076870203898306e+00 8.4302538849234609e-02 1.0884170456606407e+01
8.4889775834942718e+00 9.2059437227481292e-02 1.0681348252253549e+01
8.3722809124217275e+00 9.9778570325672736e-02 1.0482921531239313e+01
8.2576374715675147e+00 1.0745385722908150e-01 1.0288918193009568e+01
8.1450606143032616e+00 1.1508089167715922e-01 1.0099319428178458e+01
8.0345448645801127e+00 1.2265648631503283e-01 9.9140746894525709e+00
7.9260716808779694e+00 1.3017834520886373e-01 9.7331120489871523e+00
7.8196135296298186e+00 1.3764482907650891e-01 9.5563454661128802e+00
7.7151367708512675e+00 1.4505478862151241e-01 9.3836798929585754e+00
7.6126037230201558e+00 1.5240744169565781e-01 9.2150148892713020e+00
7.5119741138306422e+00 1.5970228428768940e-01 9.0502471334335155e+00
7.4132061530740563e+00 1.6693902445139744e-01 8.8892722501993902e+00
7.3162573046877792e+00 1.7411753425888771e-01 8.7319861006650115e+00
7.2210848117912088e+00 1.8123781415410767e-01 8.5782856367453917e+00
7.1276460766460996e+00 1.8829996344527891e-01 8.4280694993300074e+00
7.0358989084867929e+00 1.9530416006410603e-01 8.2812383894626294e+00
6.9458017233230516e+00 2.0225064557908626e-01 8.1376953533603924e+00
6.8573136869186415e+00 2.0913971469894718e-01 7.9973459687655737e+00
6.7703947991158646e+00 2.1597170677376415e-01 7.8600984327465184e+00
6.6850059378073139e+00 2.2274699785078439e-01 7.7258635830190219e+00
6.6011088865088237e+00 2.2946599409829638e-01 7.5945548935263965e+00
6.5186663439284755e+00 2.3612912868448405e-01 7.4660884424577381e+00
6.4376419566891920e+00 2.4273685752422083e-01 7.3403829172557060e+00
6.3580003141278469e+00 2.4928965670791248e-01 7.2173595602920955e+00
6.2797069363523832e+00 2.5578801927448258e-01 7.0969421042560352e+00
6.2027282716736627e+00 2.6223245157583835e-01 6.9790567225402640e+00
6.1270316817516193e+00 2.6862347168862150e-01 6.8636319622468864e+00
6.0525854364906726e+00 2.7496160731288899e-01 6.7505986941942719e+00
5.9793587086040789e+00 2.8124739321594644e-01 6.6398900638156908e+00
5.9073215514749711e+00 2.8748136955729109e-01 6.5314414179715001e+00
5.8364448795908448e+00 2.9366407998260113e-01 6.4251902366492954e+00
5.7667004624163880e+00 2.9979606901927880e-01 6.3210760860985022e+00
5.6980608981521979e+00 3.0587788188251097e-01 6.2190405430250024e+00
5.6304996050518961e+00 3.1191006295098661e-01 6.1190271467152790e+00
5.5639908048367017e+00 3.1789315444767868e-01 6.0209813407205299e+00
5.4985094927724729e+00 3.2382769574335651e-01 5.9248503962714008e+00
5.4340314127529119e+00 3.2971422229657404e-01 5.8305833445244559e+00
5.3705330368901478e+00 3.3555326464130991e-01 5.7381309165060799e+00
5.3079915402455677e+00 3.4134534833281355e-01 5.6474454771211597e+00
5.2463847801632202e+00 3.4709099393605120e-01 5.5584809673783857e+00
5.1856912790395473e+00 3.5279071698553616e-01 5.4711928531777261e+00
5.1258902046507151e+00 3.5844502803990375e-01 5.3855380715506556e+00
5.0669613473780482e+00 3.6405443250298969e-01 5.3014749735773776e+00
5.0088850955567539e+00 3.6961943013513965e-01 5.2189632654668943e+00
4.9516424089478308e+00 3.7514051433736956e-01 5.1379639486972941e+00
4.8952147955759004e+00 3.8061817176216978e-01 5.0584392661232016e+00
4.8395842962848867e+00 3.8605288272999866e-01 4.9803526606904356e+00
4.7847334719767760e+00 3.9144512191313635e-01 4.9036687385854396e+00
4.7306453888787727e+00 3.9679535883234612e-01 4.8283532299306060e+00
4.6773035985018696e+00 4.0210405780770841e-01 4.7543729418966585e+00
4.6246921146563480e+00 4.0737167768103805e-01 4.6816957092547966e+00
4.5727953891493840e+00 4.1259867139384609e-01 4.6102903442341869e+00
4.5215982942960515e+00 4.1778548626525258e-01 4.5401265975202243e+00
4.4710861132213218e+00 4.2293256503076176e-01 4.4711751306251681e+00
4.4212445283736859e+00 4.2804034670488633e-01 4.4034074867683772e+00
4.3720596053752097e+00 4.3310926684361439e-01 4.3367960554037541e+00
4.3235177728455527e+00 4.3813975723492832e-01 4.2713140318160585e+00
4.2756058014551375e+00 4.4313224529913103e-01 4.2069353762760668e+00
4.2283107939988263e+00 4.4808715440447239e-01 4.1436347884438476e+00
4.1816201810766751e+00 4.5300490464041904e-01 4.0813876903810629e+00
4.1355217165217368e+00 4.5788591336806167e-01 4.0201702092511322e+00
4.0900034657977491e+00 4.6273059488054469e-01 3.9599591515177281e+00
4.0450537894612317e+00 4.6753935934790530e-01 3.9007319712519424e+00
4.0006613312243706e+00 4.7231261204646896e-01 3.8424667447366740e+00
3.9568150115077261e+00 4.7705075311047745e-01 3.7851421532091214e+00
3.9135040341074481e+00 4.8175417868803017e-01 3.7287374829839979e+00
3.8707178836139704e+00 4.8642328112599326e-01 3.6732326129713737e+00
3.8284463178140928e+00 4.9105844876988369e-01 3.6186079966441120e+00
3.7866793550626241e+00 4.9566006525158229e-01 3.5648446368023867e+00
3.7454072540952756e+00 5.0022850805087515e-01 3.5119240508029703e+00
3.7046205102796246e+00 5.0476414911232415e-01 3.4598282585434599e+00
3.6643098501518119e+00 5.0926735536953527e-01 3.4085397675947773e+00
3.6244662335012943e+00 5.1373849026800500e-01 3.3580415686200178e+00
3.5850808409315760e+00 5.1817791381238254e-01 3.3083171137708653e+00
3.5461450591251964e+00 5.2258598213434282e-01 3.2593502912995191e+00
3.5076504721180628e+00 5.2696304761447199e-01 3.2111254087890639e+00
3.4695888512796245e+00 5.3130945869957502e-01 3.1636271755064058e+00
3.4319521611462163e+00 5.3562556120066629e-01 3.1168407029471288e+00
3.3947325496054508e+00 5.3991169793043436e-01 3.0707514878214588e+00
3.3579223401301852e+00 5.4416820850866188e-01 3.0253453966946013e+00
3.3215140186341801e+00 5.4839542854056011e-01 2.9806086431279368e+00
3.2855002274335869e+00 5.5259368990469437e-01 2.9365277775369751e+00
3.2498737738863541e+00 5.5676332200833978e-01 2.8930896931816474e+00
3.2146276376789586e+00 5.6090465126362732e-01 2.8502816271137346e+00
3.1797550057764155e+00 5.6501799639509043e-01 2.8080912026709943e+00
3.1452492680778614e+00 5.6910366589669947e-01 2.7665064165732609e+00
3.1111040098034790e+00 5.7316195595676389e-01 2.7255156212684377e+00
3.0773130131986925e+00 5.7719315152363926e-01 2.6851075292145534e+00
3.0438702565242082e+00 5.8119752631247390e-01 2.6452711988428561e+00
3.0107699255300764e+00 5.8517534578836727e-01 2.6059960444822412e+00
2.9780063827193732e+00 5.8912686617136245e-01 2.5672718024536674e+00
2.9455741653831020e+00 5.9305233466895824e-01 2.5290885074484786e+00
2.9134679596171886e+00 5.9695199045292857e-01 2.4914364744757811e+00
2.8816825736094422e+00 6.0082606338238775e-01 2.4543062597255543e+00
2.8502129739090836e+00 6.0467477901199984e-01 2.4176886839431209e+00
2.8190542388398740e+00 6.0849835845344813e-01 2.3815748080790340e+00
2.7882015837874272e+00 6.1229701925930335e-01 2.3459559238214016e+00
2.7576503325242721e+00 6.1607097467533456e-01 2.3108235315454628e+00
2.7273958881724081e+00 6.1982043421011701e-01 2.2761693323906513e+00
2.6974337902953369e+00 6.2354560426804162e-01 2.2419852212184259e+00
2.6677596107026820e+00 6.2724668582331267e-01 2.2082632461370770e+00
2.6383690249198475e+00 6.3092388102882291e-01 2.1749956440488543e+00
2.6092578297076838e+00 6.3457739528795432e-01 2.1421748205384068e+00
2.5804217640329385e+00 6.3820743517286982e-01 2.1097932748201944e+00
2.5518566466353692e+00 6.4181421378475412e-01 2.0778435793423764e+00
2.5235582613366403e+00 6.4539796114745296e-01 2.0463183805929113e+00
2.4955222521942075e+00 6.4895892301129743e-01 2.0152102922809378e+00
2.4677442179534022e+00 6.5249735910822682e-01 1.9845118039219891e+00
2.4402194935294159e+00 6.5601356186530435e-01 1.9542153974033381e+00
2.4129435190280013e+00 6.5950786014469454e-01 1.9243135839674277e+00
2.3859114117936686e+00 6.6298058114670222e-01 1.8947986134966466e+00
2.3591181227062075e+00 6.6643208904208195e-01 1.8656628466004841e+00
2.3325590695070715e+00 6.6986276649339194e-01 1.8368988323278528e+00
2.3062293036139803e+00 6.7327296743235676e-01 1.8084992635534909e+00
2.2801242711053940e+00 6.7666300414013458e-01 1.7804570556482382e+00
2.2542399734568264e+00 6.8003319363230064e-01 1.7527656763327215e+00
2.2285722246492710e+00 6.8338383898072541e-01 1.7254190710505832e+00
2.2031177733122687e+00 6.8671511220867287e-01 1.6984112471572019e+00
2.1778735483029510e+00 6.9002715529003933e-01 1.6717374973472261e+00
2.1528378776564816e+00 6.9332004192583063e-01 1.6453940904672875e+00
2.1280096223330576e+00 6.9659370635287998e-01 1.6193774416866193e+00
2.1033865619629371e+00 6.9984804120332889e-01 1.5936844143374975e+00
2.0789693748492710e+00 7.0308300326510476e-01 1.5683125298947065e+00
2.0547555775733390e+00 7.0629858785643429e-01 1.5432584632743289e+00
2.0307431502176576e+00 7.0949465871946038e-01 1.5185180895862720e+00
2.0069355018051103e+00 7.1267090599324612e-01 1.4940919885405248e+00
1.9833365048697889e+00 7.1582638378405838e-01 1.4699846372634493e+00
1.9599523714063998e+00 7.1896015054571838e-01 1.4461972085728823e+00
1.9367600788808115e+00 7.2207488346075432e-01 1.4227075445584147e+00
1.9136407271583820e+00 7.2518652854728072e-01 1.3993928913089597e+00
1.8904373465535274e+00 7.2831678524087395e-01 1.3760935579627396e+00
1.8673871882619217e+00 7.3143209909690121e-01 1.3530557466613002e+00
1.8455609908556732e+00 7.3438886586266061e-01 1.3313301321850366e+00
1.8270441322968283e+00 7.3690119640116170e-01 1.3129763792297995e+00
1.8142860344439276e+00 7.3863488140882128e-01 1.3003701155437140e+00
1.8110859048084800e+00 7.3907025610853605e-01 1.2972110249618858e+00
1.8255382784164831e+00 7.3710297657839452e-01 1.3115003910448360e+00
1.8560217663242140e+00 7.3296639741383851e-01 1.3417565252806261e+00
1.8870542949417688e+00 7.2876899450526123e-01 1.3727341059714457e+00
1.9063531513097767e+00 7.2616406389182830e-01 1.3920971490656608e+00
1.9159612282471661e+00 7.2486794059394932e-01 1.4017646064624545e+00
1.9219360247269361e+00 7.2406225708457839e-01 1.4077849038629628e+00
1.9272690152872587e+00 7.2334487473304976e-01 1.4131644130712515e+00
1.9325899070823642e+00 7.2262952327778174e-01 1.4185372423965341e+00
1.9373528963887321e+00 7.2198827221931294e-01 1.4233515690347218e+00
1.9411037760740157e+00 7.2148313167362121e-01 1.4271464659325663e+00
1.9440365306739720e+00 7.2108874118449295e-01 1.4301160889311204e+00
1.9465385221482323e+00 7.2075273096959791e-01 1.4326512783828478e+00
1.9487783183925753e+00 7.2045162235531823e-01 1.4349222749225907e+00
1.9506866020415865e+00 7.2019471098725518e-01 1.4368585750919460e+00
1.9520837260390160e+00 7.2000653421692884e-01 1.4382776762295975e+00
1.9528136318167804e+00 7.1990818833705417e-01 1.4390209366159974e+00
1.9528683878505237e+00 7.1990053092368689e-01 1.4390802221860068e+00
1.9523486167394957e+00 7.1996979826345675e-01 1.4385576654776320e+00
1.9513796888621346e+00 7.2009919364453057e-01 1.4375803058858168e+00
1.9500990154034035e+00 7.2027046467430300e-01 1.4362873376590928e+00
1.9486589557247078e+00 7.2046316411734668e-01 1.4348336245812938e+00
1.9472087110368117e+00 7.2065709645105980e-01 1.4333709909053081e+00
1.9458651873999053e+00 7.2083655779353861e-01 1.4320177007710806e+00
1.9446880685920460e+00 7.2099371965988135e-01 1.4308333174840788e+00
1.9437130184666227e+00 7.2112383210599473e-01 1.4298538806768017e+00
1.9429898998542445e+00 7.2121991181597855e-01 1.4291312363054431e+00
1.9425657120320652e+00 7.2127543698807972e-01 1.4287135024783346e+00
1.9424196056601524e+00 7.2129340773147099e-01 1.4285778657973647e+00
1.9424835939234941e+00 7.2128323505771075e-01 1.4286537508153911e+00
1.9426992937155940e+00 7.2125256272000182e-01 1.4288839764834469e+00
1.9430124080563538e+00 7.2120818263665343e-01 1.4292176287370086e+00
1.9433716239493528e+00 7.2115704232349542e-01 1.4296025840500408e+00
1.9437346354026261e+00 7.2110545053555963e-01 1.4299914801299420e+00
1.9440738210557800e+00 7.2105714906346108e-01 1.4303559286270915e+00
1.9443798633515572e+00 7.2101218220359609e-01 1.4306949319710149e+00
1.9446465487523334e+00 7.2097069719660400e-01 1.4310074801067474e+00
1.9448655885469459e+00 7.2093488848090859e-01 1.4312767618664950e+00
1.9450175036335784e+00 7.2090862990344884e-01 1.4314740133262356e+00
1.9450633124184058e+00 7.2089479832671155e-01 1.4315777978166713e+00
1.9449799795354350e+00 7.2089230063502507e-01 1.4315965011707075e+00
1.9447946994296819e+00 7.2089908092018473e-01 1.4315450093177271e+00
1.9445306943024219e+00 7.2091728771908459e-01 1.4314078891857933e+00
1.9441123323739442e+00 7.2095278956218911e-01 1.4311404142402093e+00
1.9434008681543788e+00 7.2100928981979517e-01 1.4307142145655769e+00
1.9424192905478874e+00 7.2108464461430510e-01 1.4301469056201368e+00
1.9413340665452969e+00 7.2117365578234771e-01 1.4294771478180832e+00
1.9400398034435622e+00 7.2127275067231389e-01 1.4287287051879733e+00
1.9381127059983219e+00 7.2138010767974958e-01 1.4279234315565250e+00
1.9356343055831893e+00 7.2149113968441525e-01 1.4270882245916883e+00
1.9328869393572568e+00 7.2159854555490488e-01 1.4262689203953582e+00
1.9285833614441894e+00 7.2169743354429006e-01 1.4255379683766289e+00
1.9210920070434219e+00 7.2178117265763486e-01 1.4249152303543473e+00
1.9121866765905651e+00 7.2184346453574966e-01 1.4244036500373984e+00
1.9068734550614659e+00 7.2188901444393894e-01 1.4240839947093669e+00
1.9079957815899125e+00 7.2191764608145392e-01 1.4239331121102707e+00
1.9129979236856431e+00 7.2192090562448241e-01 1.4238064526703718e+00
1.9273462688997649e+00 7.2191497331109422e-01 1.4237623938203146e+00
1.9719610729686619e+00 7.2191504888786096e-01 1.4238592076629542e+00
2.0606842339077933e+00 7.2189651489768902e-01 1.4237756558571133e+00
2.2887942969496708e+00 7.2189537313059471e-01 1.4237797044864282e+00
2.8202642162445470e+00 7.2199586414383732e-01 1.4246184613659736e+00
3.6813626862317794e+00 7.2203120536045873e-01 1.4249286440464366e+00
4.6691632175862496e+00 7.2206011664671454e-01 1.4246430501255618e+00
5.4341232860305642e+00 7.2206943408128443e-01 1.4244885008911079e+00
5.8503606823504715e+00 7.2201840429052488e-01 1.4248141272193868e+00
6.0319992994996010e+00 7.2196727863073507e-01 1.4249873757181422e+00
6.0993697335746413e+00 7.2189754973022380e-01 1.4248678705207911e+00
6.1135545019246686e+00 7.2179042217832656e-01 1.4242806568762698e+00
6.1018327506369046e+00 7.2172156911253493e-01 1.4240184481328093e+00
6.0771874475397887e+00 7.2170838077421273e-01 1.4242836242135870e+00
6.0402772647650220e+00 7.2133766885790895e-01 1.4210879668892169e+00
6.0115990521314844e+00 7.2092067323170250e-01 1.4175334013048473e+00
5.9897239680205816e+00 7.2035050073809581e-01 1.4122477301078136e+00
5.8812207889618566e+00 7.1621770219676295e-01 1.3728380303400773e+00
5.6606840873477990e+00 7.0665602891118362e-01 1.2959447780988167e+00
4.8852185397336632e+00 6.7216027378246590e-01 1.0416424787025040e+00
3.4460866110117347e+00 5.5058153526842735e-01 5.3358238330294694e-01
2.5323523140946871e+00 3.1181331320703182e-01 1.5376855896240504e-01
1.8532362972878165e+00 8.8668458568738895e-02 1.7987151194174988e-02
1.3997737552766978e+00 9.8713839973633994e-03 3.8074719047999578e-04
1.0310772869884193e+00 6.4105150558903896e-04 1.6946733972040117e-06
1.0005560813600369e+00 2.5387004287270560e-05 1.0066997446281778e-06
1.0000509725738234e+00 2.4339566606422794e-07 1.0003910134610795e-06
1.0000033503717640e+00 2.1865274790609881e-09 1.0000062162520912e-06
1.0000001094227284e+00 3.8435608297776021e-11 1.0000001804836496e-06
1.0000000010651486e+00 1.6109688380044258e-12 9.9999999811097355e-07
1.0000000000023093e+00 1.5556499746544825e-13 9.9999999645601262e-07
1.0000000000157736e+00 1.6031013933327460e-13 9.9999999646947621e-07
1.0000000000012617e+00 -2.0027650405091291e-13 9.9999999467860123e-07
9.9999999998850364e-01 -2.5569058374780209e-14 9.9999999821856494e-07
9.9999999998652223e-01 7.5916661103608318e-14 9.9999999525598250e-07
1.0000000000052165e+00 3.8295823514271686e-13 9.9999999645891964e-07
1.0000000000299289e+00 -9.4916210526300444e-14 9.9999999115455877e-07
9.9999999998016376e-01 -3.3976951366685801e-13 9.9999999880234958e-07
9.9999999998606426e-01 4.5977524778167060e-13 9.9999999170280190e-07
1.0000000000447826e+00 -1.9464032159591025e-13 9.9999999116941276e-07
9.9999999998209987e-01 -6.0998744873802738e-13 9.9999999939640491e-07
9.9999999993281452e-01 5.5414822873685536e-13 9.9999999816287591e-07
1.0000000000496079e+00 6.6957560578475377e-13 9.9999999117423788e-07
1.0000000000418674e+00 -4.2519911210016999e-13 9.9999999116649727e-07
9.9999999995642330e-01 -3.2342933084703100e-13 9.9999999463376227e-07
9.9999999996852773e-01 4.1855406315662903e-13 9.9999999464586679e-07
1.0000000000452858e+00 3.7189133739698472e-13 9.9999999116991547e-07
1.0000000000403886e+00 -6.6175308476916524e-13 9.9999999116501835e-07
9.9999999993744815e-01 -2.9878804782518134e-13 9.9999999224630758e-07
9.9999999999963562e-01 5.3600434089808281e-13 9.9999999290061364e-07
1.0000000000292248e+00 -1.8137407640466915e-13 9.9999999115385446e-07
9.9999999999064171e-01 -2.1045164576683566e-13 9.9999999526010290e-07
9.9999999999191713e-01 -9.1625567023527234e-14 9.9999999999834401e-07
1.0000000000007725e+00 1.7279215907272150e-13 9.9999999941507775e-07
9.9999999999447065e-01 -2.6136650790255084e-14 9.9999999171120785e-07
9.9999999999081424e-01 2.1615727760576110e-13 9.9999999940511919e-07
1.0000000000315776e+00 1.1268270234079765e-13 9.9999999115620751e-07
1.0000000000008877e+00 -5.1196197973304810e-13 9.9999999527034861e-07
9.9999999995865507e-01 9.5100354253329395e-14 9.9999999759659860e-07
1.0000000000099054e+00 5.7161781495393084e-13 9.9999999527936612e-07
1.0000000000372737e+00 -1.9014774397219020e-13 9.9999999116190339e-07
9.9999999999024825e-01 -3.9665460160671414e-13 9.9999999644395172e-07
9.9999999998803712e-01 -3.5836513094720646e-15 9.9999999407325791e-07
1.0000000000004738e+00 -9.8437934678098815e-14 9.9999999941477875e-07
1.0000000000010432e+00 2.8422974732800702e-14 9.9999999941534838e-07
9.9999999999903055e-01 -1.0403678901852282e-14 9.9999999763697454e-07
9.9999999998075484e-01 2.1006421698095839e-13 9.9999999406597554e-07
9.9999999999909750e-01 4.4427948968688379e-13 9.9999998934735214e-07
1.0000000000337339e+00 -6.1293751659630289e-14 9.9999999115836364e-07
9.9999999999677380e-01 -3.3479016155368940e-13 9.9999999408199378e-07
9.9999999998851952e-01 -1.0209520886868638e-13 9.9999999229737858e-07
1.0000000000030731e+00 -2.9850417916393529e-13 9.9999999941737787e-07
9.9999999998948674e-01 5.4232293395695757e-14 1.0000000100619524e-06
9.9999999999897304e-01 4.8196086492097135e-13 9.9999999408419395e-07
1.0000000000173512e+00 -7.9143337685841884e-14 9.9999999114198075e-07
9.9999999999456146e-01 -2.2452602690141247e-13 9.9999999822462334e-07
9.9999999999477729e-01 -4.5721871238676573e-14 9.9999999526423811e-07
9.9999999999808009e-01 9.9609816618786583e-14 9.9999999882026602e-07
1.0000000000077527e+00 1.1479015383868687e-13 9.9999999113238260e-07
9.9999999998728428e-01 -2.0381155186104347e-13 9.9999999407250447e-07
9.9999999997042843e-01 4.4616723295504121e-13 9.9999999346353035e-07
1.0000000000417499e+00 4.6170101697062144e-13 9.9999999116637953e-07
1.0000000000168332e+00 -6.0018705941954599e-13 9.9999999114146279e-07
9.9999999996591427e-01 9.8107667333338838e-14 9.9999999345901608e-07
1.0000000000292963e+00 4.6933372518016930e-14 9.9999999115392603e-07
9.9999999998949274e-01 -5.6226972990513128e-13 9.9999999703531751e-07
9.9999999996157618e-01 5.3069246489443376e-13 9.9999999819163819e-07
1.0000000000369587e+00 2.9605091079787673e-13 9.9999999116158872e-07
1.0000000000087879e+00 -1.0941081829629048e-13 9.9999999113341767e-07
