0.0000000000000000 1.0132707344181460 -11.27542632170075369048408031526706
0.0162733057090278 1.0139346962839453 -11.27542632913421470227976004342789
0.0325465982249349 1.0145987284370057 -11.27542633656857232883467022691182
0.0488198786925158 1.0152628238903606 -11.27542634400340288989452721281171
0.0650931482565015 1.0159269756564124 -11.27542635143828670967203094074613
0.0813664080615622 1.0165911767470024 -11.27542635887280746440895812620401
0.0976396592523088 1.0172554201734805 -11.27542636630655164181786991043778
0.1139129029732944 1.0179196989467744 -11.27542637373910809541360112561934
0.1301861403690149 1.0185840060774596 -11.27542638117006767955149873870632
0.1464593725839094 1.0192483345758285 -11.27542638859902295301872661418716
0.1627326007623601 1.0199126774519601 -11.27542639602567942026067034190638
0.1790058260486925 1.0205770277157896 -11.27542640345160201527005988719000
0.1952790495871742 1.0212413783771777 -11.27542641087727426753089044273647
0.2115522725220145 1.0219057224459667 -11.27542641830425294130228011982840
0.2278254959970262 1.0225700529319843 -11.27542642573277889115294069482472
0.2440987211540299 1.0232343628452130 -11.27542643316346393257340319452680
0.2603719491352800 1.0238986451958439 -11.27542644059831966106155982884042
0.2766451810830967 1.0245628929943463 -11.27542644803715058632186577550012
0.2929184181398535 1.0252270992515364 -11.27542645547955492439552878389703
0.3091916614479659 1.0258912569786467 -11.27542646292513314655376843340419
0.3254649121498810 1.0265553591873949 -11.27542647037348743678622636057670
0.3417381713880683 1.0272193988900535 -11.27542647782422125368092835723126
0.3580114403050114 1.0278833690995184 -11.27542648527693897856748132142709
0.3742847200431998 1.0285472628293789 -11.27542649273124563433941075984225
0.3905580117451220 1.0292110730939862 -11.27542650018674666158963938216671
0.4068313165532586 1.0298747919298263 -11.27542650764304774068648952890863
0.4231046116123106 1.0305384122073839 -11.27542651509974364388003764706979
0.4393778944830589 1.0312019269443273 -11.27542652255643849320679134904540
0.4556511663087046 1.0318653291594364 -11.27542653001273795200039829129934
0.4719244282324424 1.0325286118726722 -11.27542653746824750844445970246879
0.4881976813974601 1.0331917681052457 -11.27542654492257241555636686282853
0.5044709269469378 1.0338547908796877 -11.27542655237531764213262356666090
0.5207441660240466 1.0345176732199178 -11.27542655982608783299161440718758
0.5370173997719478 1.0351804081513140 -11.27542656727448727762323955564398
0.5532906293337914 1.0358429887007817 -11.27542657472011988697122335161789
0.5695638558527145 1.0365054078968228 -11.27542658216282148905816807172241
0.5858370804718401 1.0371676587696056 -11.27542658960486904491117486028942
0.6021103043342746 1.0378297343510212 -11.27542659704776207379190157880658
0.6183835285828111 1.0384916276746967 -11.27542660449189559333556753895610
0.6346567543585318 1.0391533317761502 -11.27542661193756652357932697833868
0.6509299828029236 1.0398148396928471 -11.27542661938683204452179228746434
0.6672032150575568 1.0404761444642693 -11.27542662684015636486860721739476
0.6834764522640722 1.0411372391319834 -11.27542663429712439696757878762340
0.6997496955641715 1.0417981167397102 -11.27542664175732356436898219160286
0.7160229460996068 1.0424587703333935 -11.27542664922034327843773029365568
0.7322962050121723 1.0431191929612692 -11.27542665668577450297537502867262
0.7485694734436960 1.0437793776739342 -11.27542666415320939334358760147571
0.7648427525360325 1.0444393175244154 -11.27542667162224099866797089109984
0.7811160434310560 1.0450990055682392 -11.27542667909246301745199741357536
0.7973893472706538 1.0457584340362201 -11.27542668656346959844249784520905
0.8136626447771191 1.0464175957010216 -11.27542669403484579625187911756666
0.8299359299540150 1.0470764836275313 -11.27542670150618293137657162683857
0.8462092039436581 1.0477350908834838 -11.27542670897707567047762887781911
0.8624824678883622 1.0483934105395291 -11.27542671644711867083414805577187
0.8787557229304384 1.0490514356693022 -11.27542672391590652658142606742821
0.8950289702121953 1.0497091593494917 -11.27542673138303373425071936324754
0.9113022108759387 1.0503665746599095 -11.27542673884809467589919721070942
0.9275754460639714 1.0510236746835588 -11.27542674631068361854148490780765
0.9438486769185930 1.0516804525067036 -11.27542675377039472890716386953660
0.9601219045820986 1.0523369012189373 -11.27542676122682210276084607741288
0.9763951301967791 1.0529930139132513 -11.27542676868104138626974112596502
0.9926683549049196 1.0536487836860923 -11.27542677613581940998567878099398
1.0089415798485226 1.0543042036373789 -11.27542678359177752433453924934487
1.0252148061680063 1.0549592668706494 -11.27542679104905328704905605779327
1.0414880350041777 1.0556139664931180 -11.27542679850848054982680766647775
1.0577612674979330 1.0562682956157428 -11.27542680597200895467026683662668
1.0740345047902470 1.0569222473532940 -11.27542681343932851214155631854613
1.0903077480221639 1.0575758148244212 -11.27542682091001150236034066147270
1.1065809983347889 1.0582289911517215 -11.27542682838363203265750817866255
1.1228542568692803 1.0588817694618074 -11.27542683585976573357917022391414
1.1391275247668428 1.0595341428853744 -11.27542684333798951849550803710496
1.1554008031687209 1.0601861045572687 -11.27542685081788139689914216697338
1.1716740932161930 1.0608376476165550 -11.27542685829902033285753211390914
1.1879473960505657 1.0614887645328916 -11.27542686578098614127773306357509
1.2042206959700624 1.0621394480277094 -11.27542687326335166420196063411315
1.2204939834176444 1.0627896912554186 -11.27542688074569330506268663547531
1.2367672595349676 1.0634394873749878 -11.27542688822759310306927470123558
1.2530405254636817 1.0640888295500121 -11.27542689570863380369954941000973
1.2693137823454322 1.0647377109487805 -11.27542690318839886734832880288281
1.2855870313218608 1.0653861247443444 -11.27542691066647249045414154321940
1.3018602735346070 1.0660340641145852 -11.27542691814243963711671880346626
1.3181335101253084 1.0666815222422818 -11.27542692561588607961279847527498
1.3344067422356018 1.0673284923151794 -11.27542693308639844652714484506706
1.3506799710071228 1.0679749675260566 -11.27542694055356427744573862058520
1.3669531975815070 1.0686209410727940 -11.27542694801753011526107770949043
1.3832264231003891 1.0692664061584314 -11.27542695548167709672676756048026
1.3994996487051398 1.0699113559911870 -11.27542696294698367793653022866467
1.4157728755356258 1.0705557837846002 -11.27542697041360384053760869504151
1.4320461047320912 1.0711996827575885 -11.27542697788110745118625073998660
1.4483193374348719 1.0718430461345151 -11.27542698535059352905806299148571
1.4645925747843863 1.0724858671452567 -11.27542699282392258955504602333215
1.4808658179211264 1.0731281390252717 -11.27542700030073753195374631212408
1.4971390679856502 1.0732409968627736 -11.27542700778060139446483268282224
1.5000000000000000 1.0732409968627736 -11.27542700909548836437909012614409
