0.0000000000000000 1.0168766163461595 -11.27542632170075369048408031526715
0.0064580408553149 1.0171402234267073 -11.27542632188113451184714179758706
0.0129160806598338 1.0174038362731844 -11.27542632206152012919807868687714
0.0193741194850937 1.0176674544487380 -11.27542632224190888013354875047839
0.0258321574026307 1.0179310775165066 -11.27542632242229911552195612094310
0.0322901944839804 1.0181947050396212 -11.27542632260268919766861081945895
0.0387482308006776 1.0184583365812057 -11.27542632278307749872628747275450
0.0452062664242564 1.0187219717043776 -11.27542632296346239931915335850750
0.0516643014262501 1.0189856099722491 -11.27542632314384228735224390716750
0.0581223358781917 1.0192492509479272 -11.27542632332421555698231891715824
0.0645803698516131 1.0195128941945146 -11.27542632350458064776408647650021
0.0710384034180460 1.0197765392751105 -11.27542632368494291478779333204778
0.0774964366490210 1.0200401857528113 -11.27542632386530818952787168895276
0.0839544696160682 1.0203038331907111 -11.27542632404567503566351191224422
0.0904125023907173 1.0205674811519024 -11.27542632422604191774668386548225
0.0968705350444969 1.0208311291994771 -11.27542632440640729573013374788321
0.1033285676489352 1.0210947768965266 -11.27542632458677745617101023962433
0.1097866002755543 1.0213584238061414 -11.27542632476715545259045006873532
0.1162446329958449 1.0216220694914139 -11.27542632494754273087820012793968
0.1227026658813042 1.0218857135154381 -11.27542632512793764599908523961175
0.1291606990034307 1.0221493554413109 -11.27542632530833857544856046696808
0.1356187324337233 1.0224129948321325 -11.27542632548874568433535864140637
0.1420767662436818 1.0226766312510069 -11.27542632566916971080919008728143
0.1485348005048066 1.0229402642610431 -11.27542632584961045874040344530831
0.1549928352885984 1.0232038934253552 -11.27542632603006637046919537608576
0.1614508706665584 1.0234675183070635 -11.27542632621053589267137164791053
0.1679089067101882 1.0237311384692951 -11.27542632639101747533373462588334
0.1743669434909893 1.0239947534751844 -11.27542632657150957088555055921859
0.1808249810804634 1.0242583628878739 -11.27542632675201063346456070009584
0.1872830195501125 1.0245219662705148 -11.27542632693251911829895518588336
0.1937410589714383 1.0247855631862681 -11.27542632711303348118928238786979
0.2001990994159425 1.0250491531453645 -11.27542632729355217807647287855736
0.2066571396580605 1.0253127356751947 -11.27542632747407362839291624223735
0.2131151788922514 1.0255763103389609 -11.27542632765459626281145603262840
0.2195732171900275 1.0258398766998783 -11.27542632783511853579675367033819
0.2260312546229012 1.0261034343211758 -11.27542632801563890087529548077535
0.2324892912623849 1.0263669827660969 -11.27542632819615581048498340602416
0.2389473271799908 1.0266305215979003 -11.27542632837666771585996472990754
0.2454053624472312 1.0268940503798602 -11.27542632855717306694583293604489
0.2518633971356180 1.0271575686752677 -11.27542632873767031234100923876271
0.2583214313166635 1.0274210760474309 -11.27542632891815789926069784144792
0.2647794650618794 1.0276845720596758 -11.27542632909863427352031039724943
0.2712374984427776 1.0279480562753470 -11.27542632927910452856403365336321
0.2776955315308698 1.0282115282578083 -11.27542632945957687946156166570573
0.2841535643976675 1.0284749875704436 -11.27542632964005005496899300532270
0.2906115971146821 1.0287384337766572 -11.27542632982052244333660338768077
0.2970696297534248 1.0290018664398747 -11.27542633000099106017527611137051
0.3035276623854019 1.0292652851235431 -11.27542633018146922934267766439232
0.3099856950821108 1.0295286893911318 -11.27542633036195537611289767302067
0.3164437279150359 1.0297920788061334 -11.27542633054244785645564644134437
0.3229017609556629 1.0300554529320648 -11.27542633072294505217386229053826
0.3293597942754782 1.0303188113324675 -11.27542633090344536741243574261605
0.3358178279459697 1.0305821535709086 -11.27542633108395184590843602184033
0.3422758620386258 1.0308454792109812 -11.27542633126447482809948871020858
0.3487338966249356 1.0311087878163052 -11.27542633144501349438516240456875
0.3551919317763891 1.0313720789505282 -11.27542633162556624197763837341462
0.3616499675644768 1.0316353521773257 -11.27542633180613147324099421562355
0.3681080040606895 1.0318986070604023 -11.27542633198670759482854874498669
0.3745660413365185 1.0321618431634919 -11.27542633216729301694228723633179
0.3810240794634557 1.0324250600503589 -11.27542633234788615269756008331084
0.3874821185129928 1.0326882572847983 -11.27542633252848541757860756254321
0.3939401585566221 1.0329514344134907 -11.27542633270908922897249591590236
0.4003981992450722 1.0332145909288727 -11.27542633288969599399252066903094
0.4068562388969136 1.0334777263948579 -11.27542633307030408362587092089475
0.4133142775836448 1.0337408403753947 -11.27542633325091191880618389702312
0.4197723153767644 1.0340039324344664 -11.27542633343151792110103130238547
0.4262303523477709 1.0342670021360923 -11.27542633361212051250507234674477
0.4326883885681627 1.0345300490443283 -11.27542633379271811526642006309163
0.4391464241094386 1.0347930727232675 -11.27542633397330915174195632141987
0.4456044590430968 1.0350560727370408 -11.27542633415389204427793641549782
0.4520624934406360 1.0353190486498180 -11.27542633433446521511274321816348
0.4585205273735545 1.0355820000258080 -11.27542633451502708629909568333765
0.4649785609133509 1.0358449264292597 -11.27542633469557617799177244081559
0.4714365941315235 1.0361078274244626 -11.27542633487612019890337916966632
0.4778946270995708 1.0363707025757478 -11.27542633505666615992137631099162
0.4843526598889911 1.0366335514474881 -11.27542633523721244076366049971042
0.4908106925712826 1.0368963736040993 -11.27542633541775737664249037776953
0.4972687252179438 1.0371591686100401 -11.27542633559830773648093566803045
0.5037267579004685 1.0374219360298126 -11.27542633577886402257797062440027
0.5101847906903253 1.0376846754279637 -11.27542633595942666509988898984526
0.5166428236589890 1.0379473863690858 -11.27542633613999400022853684560724
0.5231008568779351 1.0382100684178175 -11.27542633632056438956397135913690
0.5295588904186406 1.0384727211388442 -11.27542633650113645888422013218806
0.5360169243525833 1.0387353440968990 -11.27542633668171891422850738774235
0.5424749587512418 1.0389979368567630 -11.27542633686231802386048513550639
0.5489329936860958 1.0392604989832663 -11.27542633704293213465432450039671
0.5553910292286253 1.0395230300412885 -11.27542633722355959941364156639708
0.5618490654503114 1.0397855295957595 -11.27542633740419877614463531666594
0.5683071024226354 1.0400479972116601 -11.27542633758484802742984462020228
0.5747651402170794 1.0403104324540227 -11.27542633776550571988802183765369
0.5812231789051256 1.0405728348879320 -11.27542633794617022370773881839230
0.5876812185582571 1.0408352040785257 -11.27542633812683991224415901467085
0.5941392592479568 1.0410975395212157 -11.27542633830751316166996859787011
0.6005972993278064 1.0413598407627773 -11.27542633848818830256614404821375
0.6070553384138295 1.0416221073685468 -11.27542633866886370311878270059867
0.6135133765775146 1.0418843389039170 -11.27542633884953774629553124150081
0.6199714138903501 1.0421465349343381 -11.27542633903020881689290595904160
0.6264294504238241 1.0424086950253180 -11.27542633921087530136349265420144
0.6328874862494250 1.0426708187424233 -11.27542633939153558766546675150630
0.6393455214386408 1.0429329056512801 -11.27542633957218806513156609619291
0.6458035560629597 1.0431949553175741 -11.27542633975283112435509090470992
0.6522615901938699 1.0434569673070518 -11.27542633993346315709088091527586
0.6587196239028595 1.0437189411855211 -11.27542634011408255616953845560711
0.6651776572614165 1.0439808765188519 -11.27542634029468859108470311613973
0.6716356903410292 1.0442427728729767 -11.27542634047529278182993393666349
0.6780937232131856 1.0445046298138913 -11.27542634065589841123531361904452
0.6845517559493737 1.0447664469076558 -11.27542634083650378043963988637492
0.6910097886210818 1.0450282237203947 -11.27542634101711114738166303100938
0.6974678212997937 1.0452899598182969 -11.27542634119772412906413832370287
0.7039258540569696 1.0455516547676177 -11.27542634137834384992497857666262
0.7103838869640750 1.0458133081346792 -11.27542634155896860608465756900105
0.7168419200925767 1.0460749194858710 -11.27542634173959672021693785748381
0.7232999535139429 1.0463364883876510 -11.27542634192022653861530034701415
0.7297579872996425 1.0465980144065456 -11.27542634210085844528097824447136
0.7362160215211454 1.0468594971091512 -11.27542634228150630692892876116422
0.7426740562499225 1.0471209360621340 -11.27542634246217019460497783502091
0.7491320915574455 1.0473823308322313 -11.27542634264284842104296734425974
0.7555901275151866 1.0476436809862519 -11.27542634282353930404821510828178
0.7620481641946189 1.0479049860910768 -11.27542634300424116605462809335131
0.7685062016672159 1.0481662457136600 -11.27542634318495233374601633921320
0.7749642400044519 1.0484274594210290 -11.27542634336567113773141318383693
0.7814222792778016 1.0486886267802857 -11.27542634354639591226578826468446
0.7878803195587399 1.0489497473245935 -11.27542634372712499500888975445492
0.7943383600774506 1.0492108205673884 -11.27542634390785670324987238770417
0.8007963995736011 1.0494718460760480 -11.27542634408858934355087539607246
0.8072544381186714 1.0497328234180272 -11.27542634426932126263668097939352
0.8137124757841418 1.0499937521608600 -11.27542634445005080994845130953555
0.8201705126414920 1.0502546318721591 -11.27542634463077633751907953463306
0.8266285487622019 1.0505154621196173 -11.27542634481149619986208432513119
0.8330865842177512 1.0507762424710081 -11.27542634499220875387200346046390
0.8395446190796196 1.0510369724941859 -11.27542634517291235873460544710626
0.8460026534192866 1.0512976517570872 -11.27542634535360537584554407903852
0.8524606873082319 1.0515582798277311 -11.27542634553428616873633764198617
0.8589187208179351 1.0518188562742199 -11.27542634571495310300676937272944
0.8653767540198757 1.0520793806647398 -11.27542634589560798045449899551853
0.8718347869855332 1.0523398525675617 -11.27542634607626413332728797370712
0.8782928197863872 1.0526002715510417 -11.27542634625692109437036864394891
0.8847508524939173 1.0528606371836218 -11.27542634643757554103230078171625
0.8912088851795990 1.0531209490338303 -11.27542634661823692724385725541622
0.8976669179149005 1.0533812066702823 -11.27542634679890560941991750462144
0.9041249507712788 1.0536414096616812 -11.27542634697957984006501712881696
0.9105829838201926 1.0539015575768188 -11.27542634716025790031170121104568
0.9170410171331012 1.0541616499845766 -11.27542634734093809691551474536711
0.9234990507814654 1.0544216864539258 -11.27542634752161879701968080000723
0.9299570848367469 1.0546816665539286 -11.27542634770230796232953737256142
0.9364151193704083 1.0549415898537386 -11.27542634788301409008177348823774
0.9428731544539131 1.0552014559226014 -11.27542634806373555924487463511046
0.9493311901587256 1.0554612643298554 -11.27542634824447065306696905973596
0.9557892265563107 1.0557210146449324 -11.27542634842521765958938247984274
0.9622472637181344 1.0559807064373584 -11.27542634860597487134900790602157
0.9687053017156627 1.0562403392767539 -11.27542634878674058512854017845662
0.9751633406203629 1.0564999127328352 -11.27542634896751310174609981011926
0.9816213805037022 1.0567594263754145 -11.27542634914829072587714381432579
0.9880794214371489 1.0570188796885195 -11.27542634932907176590273047509267
0.9945374613542546 1.0572782722408138 -11.27542634950985447387525130346941
1.0009955002915405 1.0575376036024646 -11.27542634969063716423492357752765
1.0074535383204791 1.0577968733437386 -11.27542634987141815576790238101712
1.0139115755125432 1.0580560810350030 -11.27542635005219577053905348619280
1.0203696119392052 1.0583152262467261 -11.27542635023296833381297011361975
1.0268276476719375 1.0585743085494778 -11.27542635041373417398207168017633
1.0332856827822122 1.0588333275139302 -11.27542635059449162250031845393545
1.0397437173415015 1.0590922827108587 -11.27542635077523901382138019286544
1.0462017514212774 1.0593511737111423 -11.27542635095597468534035104227530
1.0526597850930120 1.0596100000857643 -11.27542635113669697733831462725042
1.0591178184281771 1.0598687614058133 -11.27542635131740425911010701883909
1.0655758514982449 1.0601274572424834 -11.27542635149810455889637188434266
1.0720338843746871 1.0603860871670753 -11.27542635167880661729568456908451
1.0784919171289758 1.0606446507509965 -11.27542635185950878997030335311439
1.0849499498325829 1.0609031475657624 -11.27542635204021485569199999250983
1.0914079825569764 1.0611615771829958 -11.27542635222092657345171909394729
1.0978660153736023 1.0614199391744288 -11.27542635240164445905240199665085
1.1043240483539115 1.0616782331119033 -11.27542635258236675720449781153315
1.1107820815693563 1.0619364585673718 -11.27542635276309173935099503684851
1.1172401150913901 1.0621946151128979 -11.27542635294381770104629074488876
1.1236981489914673 1.0624527023206570 -11.27542635312454487257903469079905
1.1301561833410433 1.0627107197629369 -11.27542635330528809227801817750111
1.1366142182115743 1.0629686670121387 -11.27542635348604768371448837682944
1.1430722536745176 1.0632265436407773 -11.27542635366682190009292566046616
1.1495302898013309 1.0634843492214821 -11.27542635384760899919256697002365
1.1559883266634730 1.0637420833269977 -11.27542635402840724318043889652618
1.1624463643324032 1.0639997455301844 -11.27542635420921489846247395335387
1.1689044028795814 1.0642573354040191 -11.27542635439003023556497012502706
1.1753624423764683 1.0645148525215959 -11.27542635457085152903996138247990
1.1818204828945250 1.0647722964058448 -11.27542635475167705738917744581949
1.1882785232437025 1.0650296665938331 -11.27542635493250506764604046822247
1.1947365625843146 1.0652869626590857 -11.27542635511333382050024593834682
1.2011946009878277 1.0655441841752483 -11.27542635529416160597414512859220
1.2076526385257081 1.0658013307160878 -11.27542635547498671784857609557814
1.2141106752694218 1.0660584018554933 -11.27542635565580745362825679928727
1.2205687112904346 1.0663153971674765 -11.27542635583662211450922952181298
1.2270267466602123 1.0665723162261723 -11.27542635601742900534722938611794
1.2334847814502202 1.0668291586058398 -11.27542635619822643462612908282421
1.2399428157319239 1.0670859238808629 -11.27542635637901271442584369595659
1.2464008495767886 1.0673426116257505 -11.27542635655978616038927092867037
1.2528588830562797 1.0675992214151380 -11.27542635674054509168799918849567
1.2593169162418623 1.0678557528237870 -11.27542635692128907601237131364206
1.2657749492050016 1.0681122054265867 -11.27542635710203196332578121107026
1.2722329820171628 1.0683685787985545 -11.27542635728277599410845428139365
1.2786910147498109 1.0686248725148360 -11.27542635746351824348656339068172
1.2851490474744074 1.0688810861507060 -11.27542635764426894544412566201681
1.2916070802624067 1.0691372192815691 -11.27542635782502651245604145968484
1.2980651131852527 1.0693932714829603 -11.27542635800578915070489890815812
1.3045231463143906 1.0696492423305464 -11.27542635818655509485337771333957
1.3109811797212667 1.0699051314001259 -11.27542635836732260532183966885297
1.3174392134773285 1.0701609382676303 -11.27542635854809005157585196129458
1.3238972476540243 1.0704166625091242 -11.27542635872886634778181200101243
1.3303552823228036 1.0706723037008066 -11.27542635890966000319808765588717
1.3368133175551166 1.0709278614190109 -11.27542635909046929737161446363329
1.3432713534224144 1.0711833352402060 -11.27542635927129246059800096200448
1.3497293899961487 1.0714387247409970 -11.27542635945212772755193645468381
1.3561874273477723 1.0716940294981255 -11.27542635963297333719507373198587
1.3626454655487384 1.0719492490884704 -11.27542635981382753271210402210596
1.3691035046705009 1.0722043830890488 -11.27542635999468856146838130971744
1.3755615447845145 1.0724594310617993 -11.27542636017555467498361870799017
1.3820195855768567 1.0727143925134906 -11.27542636035642411811375062287945
1.3884776253318908 1.0729692670216460 -11.27542636053729510055250268814616
1.3949356641210773 1.0732240541639303 -11.27542636071816588622458474902100
1.4013937020158770 1.0734787535181503 -11.27542636089903474319001742579943
1.4078517390877498 1.0737333646622558 -11.27542636107989994364569637531482
1.4143097754081557 1.0739878871743401 -11.27542636126075976392628558350524
1.4207678110485545 1.0742423206326406 -11.27542636144161248450335058001355
1.4272258460804055 1.0744966646155394 -11.27542636162245638998193286579782
1.4336838805751683 1.0747509187015644 -11.27542636180328976909400735965569
1.4401419146043019 1.0750050824693893 -11.27542636198411091468846283664836
1.4465999482392655 1.0752591554978347 -11.27542636216491812371740759691283
1.4530579815515181 1.0755131373658688 -11.27542636234570969721873447902934
1.4595160146125186 1.0757670276526077 -11.27542636252649070249406911772716
1.4659740474937260 1.0760208259373165 -11.27542636270727312645167249424406
1.4724320802665990 1.0762745317994096 -11.27542636288805592522514893451770
1.4788901130025967 1.0765281448184514 -11.27542636306884433138749478377073
1.4853481457731741 1.0767816645741563 -11.27542636324963850947446299705019
1.4918061786497652 1.0770350906463902 -11.27542636343043847383241685649373
1.4982642117038090 1.0771031904045636 -11.27542636361124242727103011485922
1.5000000000000000 1.0771031904045636 -11.27542636365982421690341783702961
