0.0000000000000000 1.0126915348518774 -11.27542632170075369048408031526706
0.0020759346347820 1.0127762212310384 -11.27542632170075402411415704568819
0.0041518689342888 1.0128609089489041 -11.27542632170075435774384386081922
0.0062278029020832 1.0129455979910207 -11.27542632170075469137314490439011
0.0083037365417281 1.0130302883429342 -11.27542632170075502500206432019678
0.0103796698567866 1.0131149799901904 -11.27542632170075535863060625199786
0.0124556028508217 1.0131996729183350 -11.27542632170075569225877484362059
0.0145315355273962 1.0132843671129133 -11.27542632170075602588657423887921
0.0166074678900733 1.0133690625594707 -11.27542632170075635951400858161327
0.0186833999424160 1.0134537592435521 -11.27542632170075669314108201567947
0.0207593316879873 1.0135384571507023 -11.27542632170075702676779868495346
0.0228352631303504 1.0136231562664660 -11.27542632170075736039416273332155
0.0249111942730683 1.0137078565763877 -11.27542632170075769402017830469293
0.0269871251197042 1.0137925580660116 -11.27542632170075802764584954299036
0.0290630556738212 1.0138772607208818 -11.27542632170075836127118059215220
0.0311389859389824 1.0139619645265422 -11.27542632170075869489617559613670
0.0332149159187511 1.0140466694685366 -11.27542632170075902852083869890892
0.0352908456166904 1.0141313755324084 -11.27542632170075936214517404446055
0.0373667750363635 1.0142160827037011 -11.27542632170075969576918577679004
0.0394427041813336 1.0143007909679579 -11.27542632170076002939287803991825
0.0415186330551641 1.0143855003107217 -11.27542632170076036301625497787162
0.0435945616614181 1.0144702107175354 -11.27542632170076069663932073470101
0.0456704900036590 1.0145549221739417 -11.27542632170076103026207945446667
0.0477464180854500 1.0146396346654833 -11.27542632170076136388453528124351
0.0498223459103544 1.0147243481777023 -11.27542632170076169750669235911976
0.0518982734819356 1.0148090626961410 -11.27542632170076203112855483220641
0.0539742008037569 1.0148937782063416 -11.27542632170076236475012684461210
0.0560501278793817 1.0149784946938458 -11.27542632170076269837141254047199
0.0581260547123733 1.0150632121441954 -11.27542632170076303199241606393098
0.0602019813062952 1.0151479305429320 -11.27542632170076336561314155914606
0.0622779076647107 1.0152326498755971 -11.27542632170076369923359317028822
0.0643538337911832 1.0153173701277319 -11.27542632170076403285377504154056
0.0664297596892762 1.0154020912848776 -11.27542632170076436647369131709994
0.0685056853625531 1.0154868133325753 -11.27542632170076470009334614117439
0.0705816108145774 1.0155715362563657 -11.27542632170076503371274365798399
0.0726575360489126 1.0156562600417897 -11.27542632170076536733188801176653
0.0747334610691221 1.0157409846743878 -11.27542632170076570095078334676133
0.0768093858787695 1.0158257101397006 -11.27542632170076603456943380722631
0.0788853104814183 1.0159104364232683 -11.27542632170076636818784353743078
0.0809612348806319 1.0159951635106311 -11.27542632170076670180601668165231
0.0830371590799739 1.0160798913873292 -11.27542632170076703542395738418159
0.0851130830830080 1.0161646200389026 -11.27542632170076736904166978932102
0.0871890068932976 1.0162493494508910 -11.27542632170076770265915804137898
0.0892649305144063 1.0163340796088342 -11.27542632170076803627642628468122
0.0913408539498977 1.0164188104982718 -11.27542632170076836989347866355635
0.0934167772033354 1.0165035421047433 -11.27542632170076870351031932235582
0.0954927002782830 1.0165882744137880 -11.27542632170076903712695240542226
0.0975686231783042 1.0166730074109454 -11.27542632170076937074338205712326
0.0996445459069625 1.0167577410817544 -11.27542632170076970435961242182724
0.1017204684678217 1.0168424754117543 -11.27542632170077003797564764391778
0.1037963908644453 1.0169272103864838 -11.27542632170077037159149186778810
0.1058723131003971 1.0170119459914820 -11.27542632170077070520714923782850
0.1079482351792407 1.0170966822122875 -11.27542632170077103882262389845409
0.1100241571045397 1.0171814190344391 -11.27542632170077137243791999408087
0.1121000788798580 1.0172661564434753 -11.27542632170077170605304166913128
0.1141760005087591 1.0173508944249345 -11.27542632170077203966799306803935
0.1162519219948068 1.0174356329643552 -11.27542632170077237328277833524686
0.1183278433415649 1.0175203720472756 -11.27542632170077270689740161519989
0.1204037645525970 1.0176051116592340 -11.27542632170077304051186705235759
0.1224796856314669 1.0176898517857686 -11.27542632170077337412617879118200
0.1245556065817383 1.0177745924124173 -11.27542632170077370774034097614461
0.1266315274069750 1.0178593335247181 -11.27542632170077404135435775172316
0.1287074481107407 1.0179440751082090 -11.27542632170077437496823326240226
0.1307833686965993 1.0180288171484277 -11.27542632170077470858197165267336
0.1328592891681145 1.0181135596309121 -11.27542632170077504219557706703111
0.1349352095288500 1.0181983025411998 -11.27542632170077537580905364998485
0.1370111297823697 1.0182830458648284 -11.27542632170077570942240554604050
0.1390870499322374 1.0183677895873356 -11.27542632170077604303563689971567
0.1411629699820168 1.0184525336942587 -11.27542632170077637664875185553006
0.1432388899352718 1.0185372781711352 -11.27542632170077671026175455801194
0.1453148097955662 1.0186220230035025 -11.27542632170077704387464915169228
0.1473907295664639 1.0187067681768979 -11.27542632170077737748743978110833
0.1494666492515285 1.0187915136768587 -11.27542632170077771110013059080269
0.1515425688543241 1.0188762594889220 -11.27542632170077804471272572532152
0.1536184883784143 1.0189610055986252 -11.27542632170077837832522932921619
0.1556944078273632 1.0190457519915052 -11.27542632170077871193764554704139
0.1577703272047344 1.0191304986530992 -11.27542632170077904554997852335688
0.1598462465140918 1.0192152455689441 -11.27542632170077937916223240272605
0.1619221657589994 1.0192999927245771 -11.27542632170077971277441132971607
0.1639980849430210 1.0193847401055350 -11.27542632170078004638651944889764
0.1660740040697204 1.0194694876973547 -11.27542632170078037999856090484341
0.1681499231426615 1.0195542354855733 -11.27542632170078071361053984213195
0.1702258421654081 1.0196389834557274 -11.27542632170078104722246040534188
0.1723017611415242 1.0197237315933540 -11.27542632170078138083432673905986
0.1743776800745737 1.0198084798839898 -11.27542632170078171444614298786002
0.1764535989681203 1.0198932283131717 -11.27542632170078204805791329634095
0.1785295178257280 1.0199779768664364 -11.27542632170078238166964180908869
0.1806054366509607 1.0200627255293206 -11.27542632170078271528133267069421
0.1826813554473823 1.0201474742873611 -11.27542632170078304889299002575092
0.1847572742185565 1.0202322231260945 -11.27542632170078338250461801885490
0.1868331929680474 1.0203169720310576 -11.27542632170078371611622079460055
0.1889091116994189 1.0204017209877870 -11.27542632170078404972780249758608
0.1909850304162347 1.0204864699818195 -11.27542632170078438333936727241060
0.1930609491220589 1.0205712189986916 -11.27542632170078471695091926367097
0.1951368678204552 1.0206559680239402 -11.27542632170078505056246261597203
0.1972127865149877 1.0207407170431017 -11.27542632170078538417400147390815
0.1992887052092201 1.0208254660417130 -11.27542632170078571778553998208229
0.2013646239067164 1.0209102150053106 -11.27542632170078605139708228509523
0.2034405426110405 1.0209949639194313 -11.27542632170078638500863252754632
0.2055164613257562 1.0210797127696117 -11.27542632170078671862019485403467
0.2075923800544275 1.0211644615413885 -11.27542632170078705223177340916289
0.2096682988006183 1.0212492102202985 -11.27542632170078738584337233752621
0.2117442175678924 1.0213339587918783 -11.27542632170078771945499578372289
0.2138201363598137 1.0214187072416647 -11.27542632170078805306664789235024
0.2158960551799462 1.0215034555551945 -11.27542632170078838667833280800170
0.2179719740318537 1.0215882037180044 -11.27542632170078872029005467527290
0.2200478929191000 1.0216729517156312 -11.27542632170078905390181763875308
0.2221238118452491 1.0217576995336118 -11.27542632170078938751362584303564
0.2241997308138649 1.0218424471574830 -11.27542632170078972112548343270495
0.2262756498285112 1.0219271945727817 -11.27542632170079005473739455235256
0.2283515688927519 1.0220119417650448 -11.27542632170079038834936334654728
0.2304274880101509 1.0220966887198093 -11.27542632170079072196139395988240
0.2325034071842720 1.0221814354226122 -11.27542632170079105557349053693298
0.2345793264186792 1.0222661818589905 -11.27542632170079138918565722225895
0.2366552457169362 1.0223509280144813 -11.27542632170079172279789816046598
0.2387311650826069 1.0224356738746216 -11.27542632170079205641021749608905
0.2408070845192552 1.0225204194249487 -11.27542632170079239002261937370503
0.2428830040304449 1.0226051646509998 -11.27542632170079272363510793786988
0.2449589236197399 1.0226899095383121 -11.27542632170079305724768733314011
0.2470348432907039 1.0227746540724229 -11.27542632170079339086036170406854
0.2491107630469010 1.0228593982388696 -11.27542632170079372447313519520194
0.2511866828918947 1.0229441420231897 -11.27542632170079405808601195108393
0.2532626028292491 1.0230288854109206 -11.27542632170079439169899611625057
0.2553385228625279 1.0231136283875999 -11.27542632170079472531209183523494
0.2574144429952948 1.0231983709387651 -11.27542632170079505892530325256524
0.2594903632311138 1.0232831130499541 -11.27542632170079539253863451276261
0.2615662835735487 1.0233678547067044 -11.27542632170079572615208976034654
0.2636422040261631 1.0234525958945540 -11.27542632170079605976567313982151
0.2657181245925209 1.0235373365990407 -11.27542632170079639337938879569665
0.2677940452761858 1.0236220768057025 -11.27542632170079672699324087247047
0.2698699660807218 1.0237068165000775 -11.27542632170079706060723351463348
0.2719458870096924 1.0237915556677037 -11.27542632170079739422137086667268
0.2740218080666614 1.0238762942941194 -11.27542632170079772783565707306458
0.2760977292551927 1.0239610323648629 -11.27542632170079806145009627828274
0.2781736505788499 1.0240457698654725 -11.27542632170079839506469262679197
0.2802495720411968 1.0241305067814867 -11.27542632170079872867945026304850
0.2823254936457970 1.0242152430984442 -11.27542632170079906229437333150257
0.2844014153962144 1.0242999788018834 -11.27542632170079939590946597659499
0.2864773372960126 1.0243847138773433 -11.27542632170079972952473234276119
0.2885532593487553 1.0244694483103626 -11.27542632170080006314017657442556
0.2906291815580061 1.0245541820864803 -11.27542632170080039675580281600825
0.2927051039273288 1.0246389151912354 -11.27542632170080073037161521191609
0.2947810264602871 1.0247236476101671 -11.27542632170080106398761790654962
0.2968569491604445 1.0248083793288146 -11.27542632170080139760381504430032
0.2989328720313648 1.0248931103327174 -11.27542632170080173122021076955145
0.3010087950766115 1.0249778406074149 -11.27542632170080206483680922667469
0.3030847182997483 1.0250625701384467 -11.27542632170080239845361456003474
0.3051606417043388 1.0251472989113525 -11.27542632170080273207063091398448
0.3072365652939465 1.0252320269116722 -11.27542632170080306568786243286828
0.3093124890721352 1.0253167541249457 -11.27542632170080339930531326101956
0.3113884130424683 1.0254014805367131 -11.27542632170080373292298754276284
0.3134643372085095 1.0254862061325146 -11.27542632170080406654088942241252
0.3155402615738222 1.0255709308978905 -11.27542632170080440015902304426639
0.3176161861419700 1.0256556548183813 -11.27542632170080473377739255262014
0.3196921109165165 1.0257403778795275 -11.27542632170080506739600209175385
0.3217680359010251 1.0258251000668699 -11.27542632170080540101485580598598
0.3238439610990594 1.0259098213659494 -11.27542632170080573463395783942501
0.3259198865141829 1.0259945417623070 -11.27542632170080606825331233646666
0.3279958121499590 1.0260792612414837 -11.27542632170080640187292344129567
0.3300717380099512 1.0261639797890210 -11.27542632170080673549279529813564
0.3321476640977229 1.0262486973904601 -11.27542632170080706911293205119547
0.3342235904168375 1.0263334140313428 -11.27542632170080740273333784467348
0.3362995169708586 1.0264181296972106 -11.27542632170080773635401682275318
0.3383754437633495 1.0265028443736056 -11.27542632170080806997497312961100
0.3404513707978735 1.0265875580460697 -11.27542632170080840359621090940323
0.3425272980779941 1.0266722707001451 -11.27542632170080873721773430627616
0.3446032256072746 1.0267569823213742 -11.27542632170080907083954746436402
0.3466791533892783 1.0268416928952995 -11.27542632170080940446165452778693
0.3487550814275687 1.0269264024074637 -11.27542632170080973808405964064791
0.3508310097257089 1.0270111108434096 -11.27542632170081007170676694703807
0.3529069382872624 1.0270958181886802 -11.27542632170081040532978059104035
0.3549828671157923 1.0271805244288187 -11.27542632170081073895310471671246
0.3570587962148619 1.0272652295493684 -11.27542632170081107257674346810328
0.3591347255880345 1.0273499335358730 -11.27542632170081140620070098922867
0.3612106552388733 1.0274346363738760 -11.27542632170081173982498142416847
0.3632865851709416 1.0275193380489214 -11.27542632170081207344958891686302
0.3653625153878024 1.0276040385465532 -11.27542632170081240707452761132271
0.3674384458930191 1.0276887378523157 -11.27542632170081274069980165152026
0.3695143766901547 1.0277734359517534 -11.27542632170081307432541518141175
0.3715903077827723 1.0278581328304108 -11.27542632170081340795137234493948
0.3736662391744352 1.0279428284738328 -11.27542632170081374157767728602945
0.3757421708687064 1.0280275228675643 -11.27542632170081407520433414858911
0.3778181028691490 1.0281122159971506 -11.27542632170081440883134707651193
0.3798940351793260 1.0281969078481371 -11.27542632170081474245872021367229
0.3819699678028006 1.0282815984060694 -11.27542632170081507608645770393026
0.3840459007431356 1.0283662876564932 -11.27542632170081540971456369112737
0.3861218340038943 1.0284509755849546 -11.27542632170081574334304231908530
0.3881977675886394 1.0285356621769999 -11.27542632170081607697189773161526
0.3902737015009340 1.0286203474181753 -11.27542632170081641060113407250412
0.3923496357443410 1.0287050312940277 -11.27542632170081674423075548552415
0.3944255703224234 1.0287897137672342 -11.27542632170081707786076611442891
0.3965015046781084 1.0288743948187141 -11.27542632170081741149051809991660
0.3985774387014810 1.0289590744340163 -11.27542632170081774511988361449536
0.4006533723961044 1.0290437525986895 -11.27542632170081807874886680193006
0.4027293057655414 1.0291284292982830 -11.27542632170081841237747180601333
0.4048052388133550 1.0292131045183463 -11.27542632170081874600570277053936
0.4068811715431082 1.0292977782444290 -11.27542632170081907963356383933383
0.4089571039583641 1.0293824504620811 -11.27542632170081941326105915623315
0.4110330360626857 1.0294671211568528 -11.27542632170081974688819286509133
0.4131089678596360 1.0295517903142946 -11.27542632170082008051496910978269
0.4151848993527782 1.0296364579199573 -11.27542632170082041414139203419428
0.4172608305456753 1.0297211239593919 -11.27542632170082074776746578223268
0.4193367614418904 1.0298057884181496 -11.27542632170082108139319449781788
0.4214126920449867 1.0298904512817821 -11.27542632170082141501858232488919
0.4234886223585274 1.0299751125358412 -11.27542632170082174864363340740150
0.4255645523860755 1.0300597721658789 -11.27542632170082208226835188932091
0.4276404821311943 1.0301444301574478 -11.27542632170082241589274191463550
0.4297164115974470 1.0302290864961004 -11.27542632170082274951680762734539
0.4317923407883969 1.0303137411673897 -11.27542632170082308314055317146873
0.4338682697076071 1.0303983941568691 -11.27542632170082341676398269102984
0.4359441983586409 1.0304830454500919 -11.27542632170082375038710033007957
0.4380201267450616 1.0305676950326121 -11.27542632170082408400991023267970
0.4400960548704326 1.0306523428899837 -11.27542632170082441763241654290048
0.4421719827383170 1.0307369890077613 -11.27542632170082475125462340483286
0.4442479103522782 1.0308216333714994 -11.27542632170082508487653496257984
0.4463238377158796 1.0309062759667531 -11.27542632170082541849815536025856
0.4483997648326845 1.0309909167790777 -11.27542632170082575211948874199839
0.4504756917062562 1.0310755557940289 -11.27542632170082608574053925194439
0.4525516183401583 1.0311601929971626 -11.27542632170082641936131103425293
0.4546275447379540 1.0312448283740349 -11.27542632170082675298180823309468
0.4567034709032068 1.0313294619102025 -11.27542632170082708660203499265258
0.4587793968394801 1.0314140935912223 -11.27542632170082742022199545712185
0.4608553225503374 1.0314987234026512 -11.27542632170082775384169377071158
0.4629312480393421 1.0315833513300470 -11.27542632170082808746113407764170
0.4650071733100576 1.0316679773589674 -11.27542632170082842108032052214493
0.4670830983660476 1.0317526014749705 -11.27542632170082875469925724846595
0.4691590232108754 1.0318372236636147 -11.27542632170082908831794840086087
0.4712349478481046 1.0319218439104590 -11.27542632170082942193639812359713
0.4733108722812987 1.0320064622010623 -11.27542632170082975555461056095419
0.4753867965140213 1.0320910785209842 -11.27542632170083008917258985722107
0.4774627205498358 1.0321756928557843 -11.27542632170083042279034015669853
0.4795386443923059 1.0322603051910230 -11.27542632170083075640786560369521
0.4816145680449952 1.0323449155122605 -11.27542632170083109002517034255494
0.4836904915114671 1.0324295238050576 -11.27542632170083142364225851757590
0.4857664147952854 1.0325141300549757 -11.27542632170083175725913427312564
0.4878423379000136 1.0325987342475760 -11.27542632170083209087580175354720
0.4899182608292153 1.0326833363684204 -11.27542632170083242449226510320343
0.4919941835864542 1.0327679364030712 -11.27542632170083275810852846647150
0.4940701061752939 1.0328525343370908 -11.27542632170083309172459598772676
0.4961460285992981 1.0329371301560422 -11.27542632170083342534047181136331
0.4982219508620305 1.0330217238454885 -11.27542632170083375895616008177958
0.5002978729670546 1.0331063153909934 -11.27542632170083409257166494338411
0.5023737949179342 1.0331909047781208 -11.27542632170083442618699054059214
0.5044497167182330 1.0332754919924351 -11.27542632170083475980214101783372
0.5065256383715147 1.0333600770195009 -11.27542632170083509341712051953765
0.5086015598813430 1.0334446598448834 -11.27542632170083542703193319014496
0.5106774812512815 1.0335292404541479 -11.27542632170083576064658317411051
0.5127534024848941 1.0336138188328602 -11.27542632170083609426107461588751
0.5148293235857445 1.0336983949665865 -11.27542632170083642787541165993997
0.5169052445573964 1.0337829688408933 -11.27542632170083676148959845074051
0.5189811654034136 1.0338675404413476 -11.27542632170083709510363913276671
0.5210570861273598 1.0339521097535168 -11.27542632170083742871753785050544
0.5231330067327988 1.0340366767629683 -11.27542632170083776233129874844877
0.5252089272232944 1.0341212414552705 -11.27542632170083809594492597109487
0.5272848476024103 1.0342058038159916 -11.27542632170083842955842366294725
0.5293607678737104 1.0342903638307007 -11.27542632170083876317179596851954
0.5314366880407585 1.0343749214849668 -11.27542632170083909678504703232846
0.5335126081071182 1.0344594767643598 -11.27542632170083943039818099889240
0.5355885280763536 1.0345440296544495 -11.27542632170083976401120201274165
0.5376644479520283 1.0346285801408064 -11.27542632170084009762411421841177
0.5397403677377062 1.0347131282090015 -11.27542632170084043123692176043904
0.5418162874369511 1.0347976738446058 -11.27542632170084076484962878336731
0.5438922070533269 1.0348822170331911 -11.27542632170084109846223943174387
0.5459681265903973 1.0349667577603295 -11.27542632170084143207475785012135
0.5480440460517263 1.0350512960115933 -11.27542632170084176568718818305714
0.5501199654408777 1.0351358317725555 -11.27542632170084209929953457511172
0.5521958847614153 1.0352203650287893 -11.27542632170084243291180117084956
0.5542718040169029 1.0353048957658685 -11.27542632170084276652399211484081
0.5563477232109045 1.0353894239693673 -11.27542632170084310013611155165558
0.5584236423469840 1.0354739496248600 -11.27542632170084343374816362587126
0.5604995614287050 1.0355584727179218 -11.27542632170084376736015248206426
0.5625754804596317 1.0356429932341281 -11.27542632170084410097208226481904
0.5646513994433277 1.0357275111590546 -11.27542632170084443458395711871741
0.5667273183833571 1.0358120264782776 -11.27542632170084476819578118834805
0.5688032372832836 1.0358965391773738 -11.27542632170084510180755861829939
0.5708791561466712 1.0359810492419203 -11.27542632170084543541929355316259
0.5729550749770837 1.0360655566574948 -11.27542632170084576903099013753400
0.5750309937780850 1.0361500614096751 -11.27542632170084610264265251600496
0.5771069125532390 1.0362345634840398 -11.27542632170084643625428483317530
0.5791828313061097 1.0363190628661678 -11.27542632170084676986589123364259
0.5812587500402608 1.0364035595416383 -11.27542632170084710347747586200539
0.5833346687592563 1.0364880534960312 -11.27542632170084743708904286286570
0.5854105874666601 1.0365725447149267 -11.27542632170084777070059638082421
0.5874865061660360 1.0366570331839055 -11.27542632170084810431214056048297
0.5895624248609480 1.0367415188885487 -11.27542632170084843792367954644626
0.5916383435549600 1.0368260018144380 -11.27542632170084877153521748330890
0.5937142622516358 1.0369104819471554 -11.27542632170084910514675851568927
0.5957901809545394 1.0369949592722834 -11.27542632170084943875830678817700
0.5978660996672346 1.0370794337754050 -11.27542632170084977236986644537779
0.5999420183932854 1.0371639054421036 -11.27542632170085010598144163189444
0.6020179371362555 1.0372483742579633 -11.27542632170085043959303649233140
0.6040938558997090 1.0373328402085683 -11.27542632170085077320465517127880
0.6061697746872097 1.0374173032795036 -11.27542632170085110681630181334517
0.6082456935023215 1.0375017634563545 -11.27542632170085144042798056312517
0.6103216123486082 1.0375862207247068 -11.27542632170085177403969556521505
0.6123975312296338 1.0376706750701468 -11.27542632170085210765145096420941
0.6144734501489622 1.0377551264782613 -11.27542632170085244126325090470119
0.6165493691101572 1.0378395749346376 -11.27542632170085277487509953128303
0.6186252881167827 1.0379240204248634 -11.27542632170085310848700098853796
0.6207012071724026 1.0380084629345270 -11.27542632170085344209895942105702
0.6227771262805807 1.0380929024492171 -11.27542632170085377571097897341992
0.6248530454448810 1.0381773389545229 -11.27542632170085410932306379021834
0.6269289646688672 1.0382617724360342 -11.27542632170085444293521801600562
0.6290048839561033 1.0383462028793412 -11.27542632170085477654744579537712
0.6310808033101531 1.0384306302700346 -11.27542632170085511015975127289685
0.6331567227345805 1.0385150545937056 -11.27542632170085544377213859313241
0.6352326422329492 1.0385994758359460 -11.27542632170085577738461190064570
0.6373085618088232 1.0386838939823479 -11.27542632170085611099717533999981
0.6393844814657663 1.0387683090185042 -11.27542632170085644460983305574218
0.6414604012073423 1.0388527209300082 -11.27542632170085677822258919242986
0.6435363210371151 1.0389371297024535 -11.27542632170085711183544789460771
0.6456122409586484 1.0390215353214344 -11.27542632170085744544841330681619
0.6476881609755062 1.0391059377725459 -11.27542632170085777906148957359128
0.6497640810912521 1.0391903370413831 -11.27542632170085811267468083946506
0.6518400013094501 1.0392747331135420 -11.27542632170085844628799124884798
0.6539159216336638 1.0393591259746189 -11.27542632170085877990142494660402
0.6559918420674572 1.0394435156102108 -11.27542632170085911351498607690394
0.6580677626143939 1.0395279020059150 -11.27542632170085944712867878437518
0.6601436832780379 1.0396122851473295 -11.27542632170085978074250721350629
0.6622196040619527 1.0396966650200529 -11.27542632170086011435647550880749
0.6642955249697023 1.0397810416096841 -11.27542632170086044797058781476355
0.6663714460048503 1.0398654149018228 -11.27542632170086078158484827585548
0.6684473671709605 1.0399497848820690 -11.27542632170086111519926103656103
0.6705232884715967 1.0400341515360234 -11.27542632170086144881383024134778
0.6725992099103225 1.0401185148492872 -11.27542632170086178242856003467732
0.6746751314907018 1.0402028748074621 -11.27542632170086211604345456100480
0.6767510532162981 1.0402872313961505 -11.27542632170086244965851796477460
0.6788269750906753 1.0403715846009553 -11.27542632170086278327375439042570
0.6809028971173970 1.0404559344074797 -11.27542632170086311688916798238651
0.6829788193000270 1.0405402808013278 -11.27542632170086345050476288508076
0.6850547416421287 1.0406246237681041 -11.27542632170086378412054324292302
0.6871306641472661 1.0407089632934137 -11.27542632170086411773651320031506
0.6892065868190026 1.0407932993628622 -11.27542632170086445135267690165450
0.6912825096609020 1.0408776319620558 -11.27542632170086478496903849132723
0.6933584326765279 1.0409619610766014 -11.27542632170086511858560211371249
0.6954343558694439 1.0410462866921062 -11.27542632170086545220237191320650
0.6975102792432136 1.0411306087941782 -11.27542632170086578581935203407698
0.6995862028014007 1.0412149273684259 -11.27542632170086611943654662076573
0.7016621265475686 1.0412992424004583 -11.27542632170086645305395981757834
0.7037380504852811 1.0413835538758852 -11.27542632170086678667159576884507
0.7058139746181016 1.0414678617803167 -11.27542632170086712028945861888232
0.7078898989495938 1.0415521660993636 -11.27542632170086745390755251199914
0.7099658234833211 1.0416364668186374 -11.27542632170086778752588159249099
0.7120417482228471 1.0417207639237500 -11.27542632170086812114445000464269
0.7141176731717354 1.0418050574003141 -11.27542632170086845476326189273021
0.7161935983335493 1.0418893472339428 -11.27542632170086878838232140101793
0.7182695237118525 1.0419736334102498 -11.27542632170086912200163267374935
0.7203454493102083 1.0420579159148496 -11.27542632170086945562119985517206
0.7224213751321803 1.0421421947333571 -11.27542632170086978924102708951086
0.7244973011813319 1.0422264698513878 -11.27542632170087012286111852098238
0.7265732274612265 1.0423107412545580 -11.27542632170087045648147829378885
0.7286491539754276 1.0423950089284843 -11.27542632170087079010211055211907
0.7307250807274986 1.0424792728587843 -11.27542632170087112372301944015375
0.7328010077210028 1.0425635330310759 -11.27542632170087145734420910205580
0.7348769349595036 1.0426477894309776 -11.27542632170087179096568368197732
0.7369528624465644 1.0427320420441088 -11.27542632170087212458744732405680
0.7390287901857486 1.0428162908560892 -11.27542632170087245820950417241891
0.7411047181806195 1.0429005358525393 -11.27542632170087279183185837117418
0.7431806464347403 1.0429847770190802 -11.27542632170087312545451406442087
0.7452565749516744 1.0430690143413337 -11.27542632170087345907747539624181
0.7473325037349851 1.0431532478049219 -11.27542632170087379270074651070442
0.7494084327882357 1.0432374773954679 -11.27542632170087412632433155186403
0.7514843621149893 1.0433217030985954 -11.27542632170087445994823466375994
0.7535602917188092 1.0434059248999284 -11.27542632170087479357245999041750
0.7556362216032586 1.0434901427850918 -11.27542632170087512719701167584498
0.7577121517719008 1.0435743567397113 -11.27542632170087546082189386403568
0.7597880822282989 1.0436585667494128 -11.27542632170087579444711069897205
0.7618640129760161 1.0437427727998231 -11.27542632170087612807266632461438
0.7639399440186154 1.0438269748765698 -11.27542632170087646169856488491079
0.7660158753596601 1.0439111729652808 -11.27542632170087679532481052379133
0.7680918070027132 1.0439953670515849 -11.27542632170087712895140738517340
0.7701677389513379 1.0440795571211114 -11.27542632170087746257835961295174
0.7722436712090972 1.0441637431594904 -11.27542632170087779620567135101046
0.7743196037795540 1.0442479251523525 -11.27542632170087812983334674321516
0.7763955366662716 1.0443321030853291 -11.27542632170087846346138993341232
0.7784714698728129 1.0444162769440521 -11.27542632170087879708980506543471
0.7805474034027408 1.0445004467141543 -11.27542632170087913071859628309165
0.7826233372596184 1.0445846123812688 -11.27542632170087946434776773018260
0.7846992714470085 1.0446687739310298 -11.27542632170087979797732355048404
0.7867752059684742 1.0447529313309448 -11.27542632170088013160726788775574
0.7888511403804212 1.0448370845574518 -11.27542632170088046523708485506284
0.7909270744594561 1.0449212335961908 -11.27542632170088079886651465254856
0.7930030082091419 1.0450053784328027 -11.27542632170088113249556142398189
0.7950789416330415 1.0450895190529290 -11.27542632170088146612422931314781
0.7971548747347178 1.0451736554422119 -11.27542632170088179975252246385024
0.7992308075177339 1.0452577875862942 -11.27542632170088213338044501991012
0.8013067399856528 1.0453419154708196 -11.27542632170088246700800112516555
0.8033826721420375 1.0454260390814326 -11.27542632170088280063519492347434
0.8054586039904512 1.0455101584037781 -11.27542632170088313426203055870258
0.8075345355344568 1.0455942734235019 -11.27542632170088346788851217474628
0.8096104667776174 1.0456783841262506 -11.27542632170088380151464391550945
0.8116863977234962 1.0457624904976714 -11.27542632170088413514042992491466
0.8137623283756563 1.0458465925234123 -11.27542632170088446876587434689966
0.8158382587376609 1.0459306901891220 -11.27542632170088480239098132541974
0.8179141888130731 1.0460147834804498 -11.27542632170088513601575500444633
0.8199901186054561 1.0460988723830461 -11.27542632170088546964019952796168
0.8220660481183731 1.0461829568825616 -11.27542632170088580326431903997195
0.8241419773553874 1.0462670369646480 -11.27542632170088613688811768449285
0.8262179063200621 1.0463511126149578 -11.27542632170088647051159960555490
0.8282938350159606 1.0464351838191440 -11.27542632170088680413476894720515
0.8303697634466460 1.0465192505628605 -11.27542632170088713775762985350553
0.8324456916156818 1.0466033128317619 -11.27542632170088747138018646853167
0.8345216195266312 1.0466873706115037 -11.27542632170088780500244293637311
0.8365975471830574 1.0467714238877418 -11.27542632170088813862440340113488
0.8386734745885239 1.0468554726461333 -11.27542632170088847224607200693436
0.8407494017465941 1.0469395168723358 -11.27542632170088880586745289790371
0.8428253286608312 1.0470235565520076 -11.27542632170088913948855021818748
0.8449012553347987 1.0471075916708079 -11.27542632170088947310936811194477
0.8469771817720599 1.0471916222143966 -11.27542632170088980672991072334724
0.8490531079761783 1.0472756481684345 -11.27542632170089014035018219657928
0.8511290339507173 1.0473596695185829 -11.27542632170089047397018667583763
0.8532049596992403 1.0474436862505041 -11.27542632170089080758992830533378
0.8552808852253108 1.0475276983498611 -11.27542632170089114120941122928721
0.8573568105324923 1.0476117058023177 -11.27542632170089147482863959193041
0.8594327356243482 1.0476957085935385 -11.27542632170089180844761753751817
0.8615086605044421 1.0477797067091887 -11.27542632170089214206634921030065
0.8635845851763375 1.0478637001349344 -11.27542632170089247568483875454828
0.8656605096435978 1.0479476888564427 -11.27542632170089280930309031454329
0.8677364339097866 1.0480316728593811 -11.27542632170089314292110803457674
0.8698123579784675 1.0481156521294181 -11.27542632170089347653889605895158
0.8718882818532040 1.0481996266522230 -11.27542632170089381015645853198320
0.8739642055375598 1.0482835964134659 -11.27542632170089414377379959799358
0.8760401290350982 1.0483675613988175 -11.27542632170089447739092340131884
0.8781160523493831 1.0484515215939496 -11.27542632170089481100783408630162
0.8801919754839780 1.0485354769845346 -11.27542632170089514462453579729558
0.8822678984424464 1.0486194275562457 -11.27542632170089547824103267867427
0.8843438212283521 1.0487033732947570 -11.27542632170089581185732887480372
0.8864197438452587 1.0487873141857434 -11.27542632170089614547342853006545
0.8884956662967297 1.0488712502148805 -11.27542632170089647908933578885843
0.8905715885863290 1.0489551813678448 -11.27542632170089681270505479558094
0.8926475107176201 1.0490391076303136 -11.27542632170089714632058969464505
0.8947234326941668 1.0491230289879650 -11.27542632170089747993594463046922
0.8967993545195326 1.0492069454264779 -11.27542632170089781355112374748199
0.8988752761972814 1.0492908569315321 -11.27542632170089814716613119011888
0.9009511977309769 1.0493747634888081 -11.27542632170089848078097110282311
0.9030271191241827 1.0494586650839873 -11.27542632170089881439564763004738
0.9051030403804625 1.0495425617027520 -11.27542632170089914801016491625089
0.9071789615033802 1.0496264533307852 -11.27542632170089948162452710590096
0.9092548824964995 1.0497103399537708 -11.27542632170089981523873834347147
0.9113308033633840 1.0497942215573934 -11.27542632170090014885280277344695
0.9134067241075977 1.0498780981273387 -11.27542632170090048246672454030628
0.9154826447327041 1.0499619696492929 -11.27542632170090081608050778855277
0.9175585652422672 1.0500458361089434 -11.27542632170090114969415666268578
0.9196344856398507 1.0501296974919782 -11.27542632170090148330767530721343
0.9217104059290183 1.0502135537840861 -11.27542632170090181692106786667715
0.9237863261133340 1.0502974049709571 -11.27542632170090215053433848550951
0.9258622461963614 1.0503812510382816 -11.27542632170090248414749130832411
0.9279381661816644 1.0504650919717511 -11.27542632170090281776053047962261
0.9300140860728068 1.0505489277570579 -11.27542632170090315137346014394124
0.9320900058733525 1.0506327583798953 -11.27542632170090348498628444581978
0.9341659255868652 1.0507165838259571 -11.27542632170090381859900752980634
0.9362418452169087 1.0508004040809383 -11.27542632170090415221163354045367
0.9383177647670470 1.0508842191305347 -11.27542632170090448582416662231305
0.9403936842408439 1.0509680289604428 -11.27542632170090481943661091994705
0.9424696036418631 1.0510518335563602 -11.27542632170090515304897057792014
0.9445455229736686 1.0511356329039851 -11.27542632170090548666124974079936
0.9466214422398243 1.0512194269890168 -11.27542632170090582027345255315771
0.9486973614438939 1.0513032157971554 -11.27542632170090615388558315956899
0.9507732805894413 1.0513869993141018 -11.27542632170090648749764570461431
0.9528491996800304 1.0514707775255578 -11.27542632170090682110964433288888
0.9549251187192251 1.0515545504172263 -11.27542632170090715472158318893476
0.9570010377105893 1.0516383179748108 -11.27542632170090748833346641738298
0.9590769566576868 1.0517220801840157 -11.27542632170090782194529816280984
0.9611528755640814 1.0518058370305466 -11.27542632170090815555708256980800
0.9632287944333372 1.0518895885001095 -11.27542632170090848916882378297247
0.9653047132690179 1.0519733345784118 -11.27542632170090882278052594690097
0.9673806320746875 1.0520570752511613 -11.27542632170090915639219320619359
0.9694565508539098 1.0521408105040672 -11.27542632170090949000382970544782
0.9715324696102487 1.0522245403228392 -11.27542632170090982361543958926890
0.9736083883472682 1.0523082646931880 -11.27542632170091015722702700225863
0.9756843070685320 1.0523919836008254 -11.27542632170091049083859608902135
0.9777602257776042 1.0524756970314638 -11.27542632170091082445015099416969
0.9798361444780485 1.0525594049708167 -11.27542632170091115806169586229036
0.9819120631734290 1.0526431074045985 -11.27542632170091149167323483800913
0.9839879818673094 1.0527268043185245 -11.27542632170091182528477206592650
0.9860639005632538 1.0528104956983108 -11.27542632170091215889631169064728
0.9881398192648259 1.0528941815296746 -11.27542632170091249250785785678038
0.9902157379755896 1.0529778617983338 -11.27542632170091282611941470893177
0.9922916566991090 1.0530615364900075 -11.27542632170091315973098639170652
0.9943675754389478 1.0531452055904155 -11.27542632170091349334257704971317
0.9964434941986699 1.0532288690852785 -11.27542632170091382695419082755124
0.9985194129818393 1.0533125269603184 -11.27542632170091416056583186982866
1.0005953317920198 1.0533961792012577 -11.27542632170091449417750432114694
1.0026712506327753 1.0534798257938200 -11.27542632170091482778921232610109
1.0047471695076697 1.0535634667237298 -11.27542632170091516140096002929524
1.0068230884202669 1.0536471019767127 -11.27542632170091549501275157532541
1.0088990073741308 1.0537307315384949 -11.27542632170091582862459110879092
1.0109749263728252 1.0538143553948038 -11.27542632170091616223648277427772
1.0130508454199140 1.0538979735313677 -11.27542632170091649584843071638141
1.0151267645189611 1.0539815859339158 -11.27542632170091682946043907968422
1.0172026836735304 1.0540651925881782 -11.27542632170091716307251200877594
1.0192786028871857 1.0541487934798861 -11.27542632170091749668465364823800
1.0213545221634909 1.0542323885947714 -11.27542632170091783029686814264843
1.0234304415060099 1.0543159779185674 -11.27542632170091816390915963658642
1.0255063609183064 1.0543995614370078 -11.27542632170091849752153227461235
1.0275822804039444 1.0544831391358276 -11.27542632170091883113399020130590
1.0296581999664877 1.0545667110007628 -11.27542632170091916474653756122551
1.0317341196095001 1.0546502770175501 -11.27542632170091949835917849893684
1.0338100393365455 1.0547338371719274 -11.27542632170091983197191715898916
1.0358859591511877 1.0548173914496335 -11.27542632170092016558475768593558
1.0379618790569906 1.0549009398364081 -11.27542632170092049919770422432367
1.0400377990575178 1.0549844823179919 -11.27542632170092083281076091869207
1.0421137191563334 1.0550680188801267 -11.27542632170092116642393191357954
1.0441896393570010 1.0551515495085551 -11.27542632170092150003722135351584
1.0462655596630845 1.0552350741890208 -11.27542632170092183365063338302480
1.0483414800781476 1.0553185929072684 -11.27542632170092216726417214662814
1.0504174006057542 1.0554021056490435 -11.27542632170092250087784178883959
1.0524933212494680 1.0554856124000927 -11.27542632170092283449164645416392
1.0545692420128528 1.0555691131461637 -11.27542632170092316810559028710513
1.0566451628994724 1.0556526078730049 -11.27542632170092350171967743215780
1.0587210839128905 1.0557360965663659 -11.27542632170092383533391203380772
1.0607970050566708 1.0558195792119974 -11.27542632170092416894829823653881
1.0628729263343772 1.0559030557956509 -11.27542632170092450256284018482290
1.0649488477495734 1.0559865263030788 -11.27542632170092483617754202312866
1.0670247693058230 1.0560699907200349 -11.27542632170092516979240789591400
1.0691006910066898 1.0561534490322735 -11.27542632170092550340744194762874
1.0711766128557375 1.0562369012255504 -11.27542632170092583702264832272320
1.0732525348565299 1.0563203472856221 -11.27542632170092617063803116562686
1.0753284570126305 1.0564037871982460 -11.27542632170092650425359462077081
1.0774043793276030 1.0564872209491810 -11.27542632170092683786934283257065
1.0794803018050112 1.0565706485241865 -11.27542632170092717148527994543890
1.0815562244484187 1.0566540699090231 -11.27542632170092750510141010377795
1.0836321472613892 1.0567374850894526 -11.27542632170092783871773745198026
1.0857080702474862 1.0568208940512375 -11.27542632170092817233426613442584
1.0877839934102734 1.0569042967801416 -11.27542632170092850595100029549322
1.0898599167533144 1.0569876932619295 -11.27542632170092883956794407954451
1.0919358402801729 1.0570710834823671 -11.27542632170092917318510163093289
1.0940117639944124 1.0571544674272209 -11.27542632170092950680247709400538
1.0960876878995965 1.0572378450822590 -11.27542632170092984042007461309523
1.0981636119992888 1.0573212164332500 -11.27542632170093017403789833252757
1.1002395362970527 1.0574045814659638 -11.27542632170093050765595239661408
1.1023154607964520 1.0574879401661714 -11.27542632170093084127424094965746
1.1043913855010501 1.0575712925196447 -11.27542632170093117489276813595188
1.1064673104144105 1.0576546385121567 -11.27542632170093150851153809977485
1.1085432355400968 1.0577379781294813 -11.27542632170093184213055498539719
1.1106191608816723 1.0578213113573938 -11.27542632170093217574982293707575
1.1126950864427007 1.0579046381816701 -11.27542632170093250936934609905676
1.1147710122267454 1.0579879585880876 -11.27542632170093284298912861557370
1.1168469382373698 1.0580712725624244 -11.27542632170093317660917463084913
1.1189228644781373 1.0581545800904598 -11.27542632170093351022948828909192
1.1209987909526115 1.0582378811579741 -11.27542632170093384385007373449736
1.1230747176643557 1.0583211757507488 -11.27542632170093417747093511125689
1.1251506446169332 1.0584044638545664 -11.27542632170093451109207656353161
1.1272265718139075 1.0584877454552103 -11.27542632170093484471350223548384
1.1293024992588420 1.0585710205384652 -11.27542632170093517833521627126229
1.1313784269553000 1.0586542890901168 -11.27542632170093551195722281499507
1.1334543549068448 1.0587375510959517 -11.27542632170093584557952601079770
1.1355302831170397 1.0588208065417579 -11.27542632170093617920213000277787
1.1376062115894481 1.0589040554133241 -11.27542632170093651282503893502445
1.1396821403276332 1.0589872976964404 -11.27542632170093684644825695161194
1.1417580693351583 1.0590705333768978 -11.27542632170093718007178819660173
1.1438339986155867 1.0591537624404885 -11.27542632170093751369563681403967
1.1459099281724815 1.0592369848730057 -11.27542632170093784731980694795973
1.1479858580094061 1.0593202006602436 -11.27542632170093818094430274237343
1.1500617881299235 1.0594034097879977 -11.27542632170093851456912834128577
1.1521377185375971 1.0594866122420645 -11.27542632170093884819428788867556
1.1542136492359899 1.0595698080082415 -11.27542632170093918181978552853262
1.1562895802286651 1.0596529970723274 -11.27542632170093951544562540479082
1.1583655115191858 1.0597361794201221 -11.27542632170093984907181166139487
1.1604414431111151 1.0598193550374262 -11.27542632170094018269834844226689
1.1625173750080162 1.0599025239100420 -11.27542632170094051632523989131365
1.1645933072134521 1.0599856860237723 -11.27542632170094084995249015242274
1.1666692397309858 1.0600688413644215 -11.27542632170094118358010336946729
1.1687451725641804 1.0601519899177948 -11.27542632170094151720808368630107
1.1708211057165989 1.0602351316696986 -11.27542632170094185083643524676402
1.1728970391918043 1.0603182666059405 -11.27542632170094218446516219467473
1.1749729729933596 1.0604013947123290 -11.27542632170094251809426867383752
1.1770489071248277 1.0604845159746740 -11.27542632170094285172375882803683
1.1791248415897715 1.0605676303654274 -11.27542632170094318535363680104157
1.1812007760580765 1.0606507378567761 -11.27542632170094351898351867940739
1.1832767101928696 1.0607338384345401 -11.27542632170094385261301268978960
1.1853526439977138 1.0608169320845403 -11.27542632170094418624212297595693
1.1874285774761720 1.0609000187925989 -11.27542632170094451987085368169592
1.1895045106318072 1.0609830985445393 -11.27542632170094485349920895081214
1.1915804434681824 1.0610661713261859 -11.27542632170094518712719292712997
1.1936563759888606 1.0611492371233645 -11.27542632170094552075480975448423
1.1957323081974048 1.0612322959219018 -11.27542632170094585438206357673606
1.1978082400973781 1.0613153477076259 -11.27542632170094618800895853775919
1.1998841716923436 1.0613983924663660 -11.27542632170094652163549878144360
1.2019601029858643 1.0614814301839524 -11.27542632170094685526168845169727
1.2040360339815034 1.0615644608462166 -11.27542632170094718888753169244442
1.2061119646828240 1.0616474844389913 -11.27542632170094752251303264763990
1.2081878950933893 1.0617305009481105 -11.27542632170094785613819546119555
1.2102638252167623 1.0618135103594092 -11.27542632170094818976302427712943
1.2123397550565064 1.0618965126587237 -11.27542632170094852338752323941326
1.2144156846161846 1.0619795078318914 -11.27542632170094885701169649204957
1.2164916138993602 1.0620624958647509 -11.27542632170094919063554817905983
1.2185675429095965 1.0621454767431421 -11.27542632170094952425908244447475
1.2206434716504567 1.0622284504529060 -11.27542632170094985788230343234455
1.2227194001255041 1.0623114169798849 -11.27542632170095019150521528673284
1.2247953283383019 1.0623943763099220 -11.27542632170095052512782215171580
1.2268712562924135 1.0624773284288621 -11.27542632170095085875012817138591
1.2289471839914022 1.0625602733225510 -11.27542632170095119237213748985242
1.2310231114388313 1.0626432109768356 -11.27542632170095152599385425123317
1.2330990386382642 1.0627261413775643 -11.27542632170095185961528259967445
1.2351749655932642 1.0628090645105865 -11.27542632170095219323642667928307
1.2372508923073947 1.0628919803617527 -11.27542632170095252685729063426215
1.2393268187842191 1.0629748889169150 -11.27542632170095286047787860876895
1.2414027450273008 1.0630577901619264 -11.27542632170095319409819474699782
1.2434786710402033 1.0631406840826411 -11.27542632170095352771824319313995
1.2455545968264899 1.0632235706649147 -11.27542632170095386133802809141092
1.2476305223897242 1.0633064498946040 -11.27542632170095419495755358603460
1.2497064477334697 1.0633893217575669 -11.27542632170095452857682382124661
1.2517823728612897 1.0634721862396627 -11.27542632170095486219584294130248
1.2538582977767477 1.0635550433267516 -11.27542632170095519581461509044795
1.2559342224834074 1.0636378930046955 -11.27542632170095552943314441296801
1.2580101469848322 1.0637207352593572 -11.27542632170095586305143505313828
1.2600860712845856 1.0638035700766009 -11.27542632170095619666949115525965
1.2621619953862313 1.0638863974422918 -11.27542632170095653028731686363375
1.2642379192933327 1.0639692173422967 -11.27542632170095686390491632257645
1.2663138430094534 1.0640520297624833 -11.27542632170095719752229367641868
1.2683897665381570 1.0641348346887208 -11.27542632170095753113945306949248
1.2704656898830071 1.0642176321068795 -11.27542632170095786475639864614918
1.2725416130475673 1.0643004220028310 -11.27542632170095819837313455074343
1.2746175360354012 1.0643832043624482 -11.27542632170095853198966492764433
1.2766934588500725 1.0644659791716051 -11.27542632170095886560599392122866
1.2787693814951448 1.0645487464161771 -11.27542632170095919922212567588545
1.2808453039741817 1.0646315060820408 -11.27542632170095953283806433600277
1.2829212262907469 1.0647142581550741 -11.27542632170095986645381404599211
1.2849971484484041 1.0647970026211562 -11.27542632170096020006937895026567
1.2870730704507169 1.0648797394661674 -11.27542632170096053368476319324500
1.2891489923012491 1.0649624686759893 -11.27542632170096086729997091936131
1.2912249140035643 1.0650451902365050 -11.27542632170096120091500627305666
1.2933008355612262 1.0651279041335987 -11.27542632170096153452987339876991
1.2953767569777987 1.0652106103531557 -11.27542632170096186814457644096050
1.2974526782568453 1.0652933088810630 -11.27542632170096220175911954409364
1.2995285994019298 1.0653759997032084 -11.27542632170096253537350685263642
1.3016045204166160 1.0654586828054814 -11.27542632170096286898774251106780
1.3036804413044676 1.0655413581737725 -11.27542632170096320260183066387116
1.3057563620690483 1.0656240257939737 -11.27542632170096353621577545554046
1.3078322827139220 1.0657066856519780 -11.27542632170096386982958103056993
1.3099082032426525 1.0657893377336800 -11.27542632170096420344325153346646
1.3119841236588034 1.0658719820249754 -11.27542632170096453705679110873934
1.3140600439659386 1.0659546185117612 -11.27542632170096487067020390091238
1.3161359641676219 1.0660372471799358 -11.27542632170096520428349405450150
1.3182118842674170 1.0661198680153988 -11.27542632170096553789666571403512
1.3202878042688879 1.0662024810040511 -11.27542632170096587150972302405451
1.3223637241755982 1.0662850861317951 -11.27542632170096620512267012909359
1.3244396439911119 1.0663676833845342 -11.27542632170096653873551117369975
1.3265155637189927 1.0664502727481733 -11.27542632170096687234825030242128
1.3285914833628045 1.0665328542086185 -11.27542632170096720596089165981512
1.3306674029261111 1.0666154277517774 -11.27542632170096753957343939043775
1.3327433224124764 1.0666979933635586 -11.27542632170096787318589763885531
1.3348192418254641 1.0667805510298724 -11.27542632170096820679827054963552
1.3368951611686383 1.0668631007366301 -11.27542632170096854041056226734817
1.3389710804455626 1.0669456424697444 -11.27542632170096887402277693657286
1.3410469996598009 1.0670281762151295 -11.27542632170096920763491870188565
1.3431229188149172 1.0671107019587007 -11.27542632170096954124699170786931
1.3451988379144753 1.0671932196863746 -11.27542632170096987485900009911240
1.3472747569620391 1.0672757293840694 -11.27542632170097020847094802020184
1.3493506759611724 1.0673582310377045 -11.27542632170097054208283961573105
1.3514265949154391 1.0674407246332004 -11.27542632170097087569467903029164
1.3535025138284031 1.0675232101564793 -11.27542632170097120930647040848307
1.3555784327036282 1.0676056875934646 -11.27542632170097154291821789490405
1.3576543515446785 1.0676881569300808 -11.27542632170097187652992563415579
1.3597302703551176 1.0677706181522542 -11.27542632170097221014159777084202
1.3618061891385096 1.0678530712459121 -11.27542632170097254375323844956697
1.3638821078984183 1.0679355161969833 -11.27542632170097287736485181493899
1.3659580266384076 1.0680179529913977 -11.27542632170097321097644201155968
1.3680339453620415 1.0681003816150870 -11.27542632170097354458801318404290
1.3701098640728837 1.0681828020539838 -11.27542632170097387819956947699699
1.3721857827744982 1.0682652142940224 -11.27542632170097421181111503503802
1.3742617014704489 1.0683476183211383 -11.27542632170097454542265400276223
1.3763376201642996 1.0684300141212682 -11.27542632170097487903419052479491
1.3784135388596144 1.0685124016803506 -11.27542632170097521264572874574181
1.3804894575599570 1.0685947809843248 -11.27542632170097554625727281021559
1.3825653762688913 1.0686771520191320 -11.27542632170097587986882686282363
1.3846412949899814 1.0687595147707144 -11.27542632170097621348039504818151
1.3867172137267909 1.0688418692250158 -11.27542632170097654709198151089432
1.3887931324828840 1.0689242153679811 -11.27542632170097688070359039557292
1.3908690512618243 1.0690065531855569 -11.27542632170097721431522584682859
1.3929449700671759 1.0690888826636910 -11.27542632170097754792689200926555
1.3950208889025026 1.0691712037883326 -11.27542632170097788153859302748512
1.3970968077713682 1.0692535165454323 -11.27542632170097821515033304609715
1.3991727266773368 1.0693358209209420 -11.27542632170097854876211620970030
1.4012486456239721 1.0694181169008151 -11.27542632170097888237394666289457
1.4033245646148381 1.0695004044710063 -11.27542632170097921598582855027968
1.4054004836534986 1.0695826836174718 -11.27542632170097954959776601644763
1.4074764027435174 1.0696649543261691 -11.27542632170097988320976320599308
1.4095523218884586 1.0697472165830571 -11.27542632170098021682182426350722
1.4116282410918858 1.0698294703740961 -11.27542632170098055043395333357387
1.4137041603573631 1.0699117156852478 -11.27542632170098088404615456078023
1.4157800796884542 1.0699939525024755 -11.27542632170098121765843208970366
1.4178559990887230 1.0700761808117434 -11.27542632170098155127079006492219
1.4199319185617334 1.0701584005990177 -11.27542632170098188488323263100939
1.4220078381110492 1.0702406118502657 -11.27542632170098221849576393253423
1.4240837577402342 1.0703228145514559 -11.27542632170098255210838811406048
1.4261596774528523 1.0704050086885588 -11.27542632170098288572110932015036
1.4282355972524673 1.0704871942475457 -11.27542632170098321933393169535970
1.4303115171426430 1.0705693712143897 -11.27542632170098355294685938423922
1.4323874371269433 1.0706515395750651 -11.27542632170098388655989653133687
1.4344633572089320 1.0707336993155479 -11.27542632170098422017304728118937
1.4365392773921729 1.0708158504218153 -11.27542632170098455378631577834104
1.4386151976802297 1.0708979928798458 -11.27542632170098488739970616731562
1.4406911180766664 1.0709801266756197 -11.27542632170098522101322259264078
1.4427670385850466 1.0710622517951185 -11.27542632170098555462686919883469
1.4448429592089341 1.0711443682243250 -11.27542632170098588824065013041159
1.4469188799518928 1.0712264759492238 -11.27542632170098622185456953187579
1.4489948008174864 1.0713085749558006 -11.27542632170098655546863154772898
1.4510707218092786 1.0713906652300427 -11.27542632170098688908284032246501
1.4531466429308332 1.0714727467579389 -11.27542632170098722269720000057019
1.4552225641857140 1.0715548195254792 -11.27542632170098755631171472652385
1.4572984855774846 1.0716368835186553 -11.27542632170098788992638864479641
1.4593744071097089 1.0717189387234602 -11.27542632170098822354122589985710
1.4614503287859504 1.0718009851258884 -11.27542632170098855715623063616171
1.4635262506097731 1.0718830227119359 -11.27542632170098889077140699815804
1.4656021725847404 1.0719650514676000 -11.27542632170098922438675913028866
1.4676780947144162 1.0720470713788796 -11.27542632170098955800229117698671
1.4697540170023641 1.0721290824317751 -11.27542632170098989161800728267681
1.4718299394521478 1.0722110846122881 -11.27542632170099022523391159177490
1.4739058620673309 1.0722930779064220 -11.27542632170099055885000824868904
1.4759817848514771 1.0723750623001814 -11.27542632170099089246630139781689
1.4780577078081500 1.0724570377795725 -11.27542632170099122608279518354939
1.4801336309409133 1.0725390043306030 -11.27542632170099155969949375026543
1.4822095542533305 1.0726209619392818 -11.27542632170099189331640124232737
1.4842854777489654 1.0727029105916197 -11.27542632170099222693352180411744
1.4863614014313814 1.0727848502736287 -11.27542632170099256055085957996540
1.4884373253041422 1.0728667809713223 -11.27542632170099289416841871421848
1.4905132493708113 1.0729487026707155 -11.27542632170099322778620335120686
1.4925891736349523 1.0730306153578248 -11.27542632170099356140421763524890
1.4946650981001288 1.0731125190186682 -11.27542632170099389502246571065535
1.4967410227699042 1.0731944136392652 -11.27542632170099422864095172172234
1.4988169476478422 1.0732410806505026 -11.27542632170099456225967981273796
1.5000000000000000 1.0732410806505026 -11.27542632170099435598937276561686
