0.0000000000000000 1.0187213983003255 -11.27542632170075369048408031526694
0.0025628727517415 1.0188260228547652 -11.27542632170517647760434154204087
0.0051257454201055 1.0189306478775064 -11.27542632170959928996629896759987
0.0076886180095629 1.0190352733412431 -11.27542632171402212105692803724923
0.0102514905245844 1.0191398992186693 -11.27542632171844496440686519754507
0.0128143629696409 1.0192445254824789 -11.27542632172286781358550659098453
0.0153772353492033 1.0193491521053656 -11.27542632172729066219662944397744
0.0179401076677424 1.0194537790600230 -11.27542632173171351006457149853671
0.0205029799297289 1.0195584063191449 -11.27542632173613640487181428298914
0.0230658521396337 1.0196630338554247 -11.27542632174055934960791887089848
0.0256287243019275 1.0197676616415558 -11.27542632174498233832620381276762
0.0281915964210812 1.0198722896502316 -11.27542632174940536506783127849675
0.0307544685015655 1.0199769178541455 -11.27542632175382842386179278185771
0.0333173405478512 1.0200815462259908 -11.27542632175825150872496100460500
0.0358802125644091 1.0201861747384607 -11.27542632176267461366219748784696
0.0384430845557099 1.0202908033642484 -11.27542632176709773266650730001187
0.0410059565262243 1.0203954320760471 -11.27542632177152085971923296875098
0.0435688284804231 1.0205000608465499 -11.27542632177594398879028099804931
0.0461317004227770 1.0206046896484501 -11.27542632178036711383837519792986
0.0486945723577567 1.0207093184544406 -11.27542632178479022881133184794904
0.0512574442898329 1.0208139472372148 -11.27542632178921336928765574548399
0.0538203162234764 1.0209185759694656 -11.27542632179363654951702879067431
0.0563831881631571 1.0210232046238862 -11.27542632179805977767174694446089
0.0589460601133453 1.0211278331731698 -11.27542632180248304726055706388387
0.0615089320785113 1.0212324615900095 -11.27542632180690635187076862739694
0.0640718040631253 1.0213370898470986 -11.27542632181132968515923052926867
0.0666346760716576 1.0214417179171303 -11.27542632181575304084425613738805
0.0691975481085783 1.0215463457727979 -11.27542632182017641269839739714651
0.0717604201783579 1.0216509733867948 -11.27542632182459979454197921868052
0.0743232922854666 1.0217556007318143 -11.27542632182902318023731473630567
0.0768861644343747 1.0218602277805500 -11.27542632183344656368353039386404
0.0794490366295524 1.0219648545056955 -11.27542632183786993881193729198093
0.0820119088754702 1.0220694808799442 -11.27542632184229329982920627940305
0.0845747811765982 1.0221741068759901 -11.27542632184671667753257497989789
0.0871376535374067 1.0222787324665268 -11.27542632185114010607971054738080
0.0897005259623662 1.0223833576242483 -11.27542632185556358008782793573646
0.0922633984559468 1.0224879823218486 -11.27542632185998709354991832043316
0.0948262710226189 1.0225926065320219 -11.27542632186441064045543935739445
0.0973891436668529 1.0226972302274624 -11.27542632186883421478969940442473
0.0999520163931189 1.0228018533760155 -11.27542632187325781053334732404939
0.1025148890871070 1.0229064759482342 -11.27542632187768142145672812355598
0.1050777617008225 1.0230110979168132 -11.27542632188210504143935088856460
0.1076406342387359 1.0231157192544475 -11.27542632188652866444569627861769
0.1102035067053177 1.0232203399338322 -11.27542632189095228443436565465479
0.1127663791050383 1.0233249599276626 -11.27542632189537589535793261934404
0.1153292514423682 1.0234295792086341 -11.27542632189979949116284224101551
0.1178921237217778 1.0235341977494424 -11.27542632190422307143248394167705
0.1204549959477377 1.0236388155227834 -11.27542632190864669408039505410126
0.1230178681247182 1.0237434325013530 -11.27542632191307036469952308042906
0.1255807402571899 1.0238480486578475 -11.27542632191749407705718529644961
0.1281436123496232 1.0239526639649635 -11.27542632192191782489860696389417
0.1307064844064886 1.0240572783953975 -11.27542632192634160194870939929785
0.1332693564322565 1.0241618919218465 -11.27542632193076540191377009420916
0.1358322284313974 1.0242665045170076 -11.27542632193518921848296513291369
0.1383951004083817 1.0243711161535781 -11.27542632193961304532980334902643
0.1409579723676800 1.0244757268042558 -11.27542632194403687611346091860632
0.1435208443137626 1.0245803364417385 -11.27542632194846070448002439982722
0.1460837162511001 1.0246849450387242 -11.27542632195288452406364959365814
0.1486465881841628 1.0247895525679115 -11.27542632195730834770237946957610
0.1512094601174211 1.0248941590019990 -11.27542632196173220070351156849015
0.1537723320553450 1.0249987643136855 -11.27542632196615609290179426894614
0.1563352040024045 1.0251033684756704 -11.27542632197058001784246915922195
0.1588980759630697 1.0252079714606532 -11.27542632197500396915582970733574
0.1614609479418107 1.0253125732413336 -11.27542632197942794054806521037645
0.1640238199430974 1.0254171737904118 -11.27542632198385192579302073517786
0.1665866919714001 1.0255217730805882 -11.27542632198827591872477895089964
0.1691495640311888 1.0256263710845636 -11.27542632199269991323097962243547
0.1717124361269336 1.0257309677750391 -11.27542632199712390324680136255023
0.1742753082631046 1.0258355631247162 -11.27542632200154788274953813962269
0.1768381804441721 1.0259401571062964 -11.27542632200597184575371010493373
0.1794010526746060 1.0260447496924821 -11.27542632201039578630665462629405
0.1819639249588765 1.0261493408559756 -11.27542632201481970054326593518252
0.1845267973014539 1.0262539305694798 -11.27542632201924363445051594239153
0.1870896697068081 1.0263585188056978 -11.27542632202366761425695147231795
0.1896525421794095 1.0264631055373333 -11.27542632202809163384285508854147
0.1922154147237281 1.0265676907370901 -11.27542632203251568708583709698780
0.1947782873442341 1.0266722743776727 -11.27542632203693976786049521989588
0.1973411600453977 1.0267768564290793 -11.27542632204136387003813701229855
0.1999040327653653 1.0268814368597341 -11.27542632204578798737195045357119
0.2024669054036937 1.0269860156423430 -11.27542632205021211354475106945183
0.2050297779648533 1.0270905927496123 -11.27542632205463624241681921074991
0.2075926504533142 1.0271951681542488 -11.27542632205906036784451267783698
0.2101555228735468 1.0272997418289596 -11.27542632206348448368019723666746
0.2127183952300213 1.0274043137464523 -11.27542632206790858377220365937292
0.2152812675272079 1.0275088838794350 -11.27542632207233266196480778743493
0.2178441397695768 1.0276134522006164 -11.27542632207675672597324193724851
0.2204070119615984 1.0277180186827052 -11.27542632208118083793823298943031
0.2229698841077429 1.0278225832984111 -11.27542632208560499735712554005920
0.2255327562124805 1.0279271460204439 -11.27542632209002919775858809331674
0.2280956282802816 1.0280317068215142 -11.27542632209445343264748025769334
0.2306585003156162 1.0281362656743328 -11.27542632209887769550709822139278
0.2332213723229548 1.0282408225516111 -11.27542632210330197980125374652576
0.2357842443067675 1.0283453774260612 -11.27542632210772627897620021285398
0.2383471162715247 1.0284499302703955 -11.27542632211215058646241814596603
0.2409099882216965 1.0285544810573268 -11.27542632211657489567627165651487
0.2434728601617532 1.0286590297595688 -11.27542632212099920002154628962262
0.2460357320961650 1.0287635763498355 -11.27542632212542348488406103623055
0.2485986040294022 1.0288681208008414 -11.27542632212984780573738128163621
0.2511614759659348 1.0289726630853016 -11.27542632213427216465250670999709
0.2537243479102327 1.0290772031759318 -11.27542632213869655495576883964500
0.2562872198667657 1.0291817410454481 -11.27542632214312097007128312540094
0.2588500918400037 1.0292862766665675 -11.27542632214754540351147778280236
0.2614129638344167 1.0293908100120072 -11.27542632215196984886853647070986
0.2639758358544745 1.0294953410544852 -11.27542632215639429980666113450091
0.2665387079046471 1.0295998697667200 -11.27542632216081875005507117863054
0.2691015799894045 1.0297043961214307 -11.27542632216524319340166396169380
0.2716644521132166 1.0298089200913371 -11.27542632216966762368726949950852
0.2742273242805533 1.0299134416491594 -11.27542632217409203480043932024808
0.2767901964958846 1.0300179607676187 -11.27542632217851642067271572861518
0.2793530687636806 1.0301224774194366 -11.27542632218294077527433338171809
0.2819159410884112 1.0302269915773351 -11.27542632218736510279825992684385
0.2844788134745463 1.0303315032140371 -11.27542632219178946985240129640003
0.2870416859265561 1.0304360123022662 -11.27542632219621387883336354408998
0.2896045584489105 1.0305405188147463 -11.27542632220063832347887915554987
0.2921674310460795 1.0306450227242024 -11.27542632220506279752587553305808
0.2947303037225331 1.0307495240027941 -11.27542632220948729471037072699277
0.2972931764688663 1.0308540226168316 -11.27542632221391180874342057552534
0.2998560491321936 1.0309585185390422 -11.27542632221833633308709099105231
0.3024189217169849 1.0310630117421539 -11.27542632222276086147431475866188
0.3049817942277103 1.0311675021988955 -11.27542632222718538763694636686312
0.3075446666688400 1.0312719898819964 -11.27542632223160990530576024208840
0.3101075390448441 1.0313764747641867 -11.27542632223603440821045950012802
0.3126704113601926 1.0314809568181973 -11.27542632224045889007969312047504
0.3152332836193556 1.0315854360167597 -11.27542632224488334464107983539631
0.3177961558268032 1.0316899123326063 -11.27542632224930780414573461365245
0.3203590279870056 1.0317943857384702 -11.27542632225373231494143109622273
0.3229219001044327 1.0318988562070851 -11.27542632225815687192415971146054
0.3254847721835547 1.0320033237111856 -11.27542632226258146844644253967274
0.3280476442288418 1.0321077882235070 -11.27542632226700609783635655107424
0.3306105162447639 1.0322122497167853 -11.27542632227143075340001121844399
0.3331733882357911 1.0323167081637575 -11.27542632227585542842384302420932
0.3357362602063936 1.0324211635371612 -11.27542632228028011617674156837358
0.3382991321610415 1.0325256158097348 -11.27542632228470480991202079399102
0.3408620041042048 1.0326300649542175 -11.27542632228912950286924775336129
0.3434248760403536 1.0327345109433494 -11.27542632229355418827594033318118
0.3459877479739581 1.0328389537498712 -11.27542632229797889580722016353125
0.3485506199094882 1.0329433933465246 -11.27542632230240363149081997541063
0.3511134918514137 1.0330478297060520 -11.27542632230682839911545891085814
0.3536763638042041 1.0331522628011967 -11.27542632231125319191915854643641
0.3562392357723294 1.0332566926047028 -11.27542632231567800323480238585707
0.3588021077602591 1.0333611190893152 -11.27542632232010282648167644101198
0.3613649797724633 1.0334655422277798 -11.27542632232452765515780626287918
0.3639278518134115 1.0335699619928431 -11.27542632232895248283300843744600
0.3664907238875737 1.0336743783572528 -11.27542632233337730314258324236151
0.3690535959994196 1.0337787912937572 -11.27542632233780210978158292105759
0.3716164681534191 1.0338832007751054 -11.27542632234222689649959697052967
0.3741793403540419 1.0339876067740478 -11.27542632234665165709600204353771
0.3767422126057581 1.0340920092633353 -11.27542632235107638541562961285033
0.3793050849130373 1.0341964082157198 -11.27542632235550107551548367764911
0.3818679572803494 1.0343008036039541 -11.27542632235992576607724842548017
0.3844308297121644 1.0344051954007920 -11.27542632236435050058984785383182
0.3869937022129521 1.0345095835789882 -11.27542632236877527337175171037690
0.3895565747871824 1.0346139681112981 -11.27542632237320007803436670852860
0.3921194474393251 1.0347183489704783 -11.27542632237762490818927982892723
0.3946823201738502 1.0348227261238838 -11.27542632238204975744841145708300
0.3972451928625756 1.0349270995427027 -11.27542632238647461919490949579056
0.3998080654713977 1.0350314691996951 -11.27542632239089948697515101110432
0.4023709380047865 1.0351358350676221 -11.27542632239532435440296249545059
0.4049338104672119 1.0352401971192457 -11.27542632239974921509309378898506
0.4074966828631439 1.0353445553273288 -11.27542632240417406266134985131330
0.4100595551970525 1.0354489096646354 -11.27542632240859889072471445318977
0.4126224274734077 1.0355532601039306 -11.27542632241302369290146532050181
0.4151852996966793 1.0356576066179803 -11.27542632241744846729685194393857
0.4177481718713374 1.0357619491795516 -11.27542632242187327428562447397708
0.4203110440018518 1.0358662877614123 -11.27542632242629813236396909156564
0.4228739160926927 1.0359706223363315 -11.27542632243072303476537588557895
0.4254367881483298 1.0360749528770794 -11.27542632243514797469603690618142
0.4279996601732333 1.0361792793564269 -11.27542632243957294533768706375612
0.4305625321718729 1.0362836017471461 -11.27542632244399793985023477667372
0.4331254041487188 1.0363879200220103 -11.27542632244842295137419910703837
0.4356882761082408 1.0364922341537937 -11.27542632245284797303296876598572
0.4382511480549089 1.0365965441152716 -11.27542632245727299793489712395032
0.4408140199931930 1.0367008498792202 -11.27542632246169801917524621736680
0.4433768919275632 1.0368051514184170 -11.27542632246612305024443009357331
0.4459397638624893 1.0369094487056406 -11.27542632247054810834197119648462
0.4485026358024408 1.0370137417136704 -11.27542632247497319972653569503322
0.4510655077518874 1.0371180304152872 -11.27542632247939831748425624151046
0.4536283797152987 1.0372223147832727 -11.27542632248382345479861357785302
0.4561912516971443 1.0373265947904099 -11.27542632248824860494231107820398
0.4587541237018939 1.0374308704094826 -11.27542632249267376126990811868596
0.4613169957340172 1.0375351416132760 -11.27542632249709891721113345606243
0.4638798677979837 1.0376394083745764 -11.27542632250152406626480818084412
0.4664427398982634 1.0377436706661711 -11.27542632250594920199331530591764
0.4690056120393257 1.0378479284608487 -11.27542632251037431801755975167689
0.4715684842256405 1.0379521817313988 -11.27542632251479940801236847868824
0.4741313564616775 1.0380564304506123 -11.27542632251922446570228587270906
0.4766942287519064 1.0381606745912811 -11.27542632252364948485772427299440
0.4792571011007969 1.0382649141261983 -11.27542632252807446742316475433088
0.4818199735128189 1.0383691490281584 -11.27542632253249948568488632161546
0.4843828459924420 1.0384733792699568 -11.27542632253692454508949989965966
0.4869457185441360 1.0385776048243903 -11.27542632254134963913735825584269
0.4895085911723708 1.0386818256642566 -11.27542632254577476132894610118052
0.4920714638816160 1.0387860417590940 -11.27542632255019990516531526440494
0.4946343365961456 1.0388902530780019 -11.27542632255462506400988416561654
0.4971972092294043 1.0389944595937830 -11.27542632255905023120871238511660
0.4997600817858619 1.0390986612792408 -11.27542632256347540026690248692450
0.5023229542699883 1.0392028581071804 -11.27542632256790056469160347200867
0.5048858266862535 1.0393070500504079 -11.27542632257232571799231375877845
0.5074486990391271 1.0394112370817309 -11.27542632257675085368115857719280
0.5100115713330790 1.0395154191739581 -11.27542632258117596527314257290638
0.5125744435725792 1.0396195962998993 -11.27542632258560104628637855415280
0.5151373157620974 1.0397237684323659 -11.27542632259002611682653973794183
0.5177001879061034 1.0398279355441705 -11.27542632259445123857984648980565
0.5202630600090672 1.0399320976081267 -11.27542632259887640921975433458780
0.5228259320754586 1.0400362545970498 -11.27542632260330162185090909890761
0.5253888041097473 1.0401404064837562 -11.27542632260772686955086530667868
0.5279516761164033 1.0402445532410636 -11.27542632261215214537305073757497
0.5305145480998964 1.0403486948417909 -11.27542632261657744234951267128585
0.5330774200646964 1.0404528312587587 -11.27542632262100275349346307206371
0.5356402920152732 1.0405569624647885 -11.27542632262542807180163856182599
0.5382031639560966 1.0406610884327033 -11.27542632262985339025648974069448
0.5407660358916364 1.0407652091353276 -11.27542632263427869543874587840884
0.5433289078263624 1.0408693245454870 -11.27542632263870403880532455842541
0.5458917797647443 1.0409734346360085 -11.27542632264312941730082260848542
0.5484546517112516 1.0410775393797205 -11.27542632264755482385093910351007
0.5510175236703538 1.0411816387494529 -11.27542632265198025148408800237337
0.5535803956465204 1.0412857327180367 -11.27542632265640569332312706206285
0.5561432676442210 1.0413898212583045 -11.27542632266083114257786477412852
0.5587061396679250 1.0414939043430902 -11.27542632266525659253826364244838
0.5612690117221022 1.0415979819452291 -11.27542632266968203656826684123733
0.5638318838112220 1.0417020540375578 -11.27542632267410746810018308652327
0.5663947559397541 1.0418061205929146 -11.27542632267853288062957152188254
0.5689576281121680 1.0419101815841389 -11.27542632268295826771057464558338
0.5715205003329334 1.0420142369840716 -11.27542632268738362295165287236105
0.5740833726065199 1.0421182867655553 -11.27542632269180894001167929692501
0.5766462449373971 1.0422223309014335 -11.27542632269623421293908208632560
0.5792091173300347 1.0423263693645517 -11.27542632270065948480897172785148
0.5817719897889022 1.0424304021277565 -11.27542632270508480018755423414081
0.5843348623184695 1.0425344291638961 -11.27542632270951015301698357268012
0.5868977349232060 1.0426384504458200 -11.27542632271393553670244114488752
0.5894606076075816 1.0427424659452533 -11.27542632271836094464980383437381
0.5920234803483198 1.0428464756292265 -11.27542632272278637021827788470731
0.5945863530064195 1.0429504794705946 -11.27542632272721180656888013757332
0.5971492255863505 1.0430544774422144 -11.27542632273163724711297109990523
0.5997120980925824 1.0431584695169442 -11.27542632273606268526474321671454
0.6022749705295850 1.0432624556676436 -11.27542632274048811444165821864947
0.6048378429018281 1.0433664358671739 -11.27542632274491352806484811388041
0.6074007152137815 1.0434704100883980 -11.27542632274933891955948116097491
0.6099635874699148 1.0435743783041799 -11.27542632275376428235509426653776
0.6125264596746978 1.0436783404873857 -11.27542632275818961303389463705455
0.6150893318326003 1.0437822966108827 -11.27542632276261496918011876824639
0.6176522039480919 1.0438862466475399 -11.27542632276704037859374547739977
0.6202150760256425 1.0439901905702277 -11.27542632277146583429798299868138
0.6227779480697217 1.0440941283518182 -11.27542632277589132928626981447639
0.6253408200847993 1.0441980599651850 -11.27542632278031685652553550647643
0.6279036920753450 1.0443019853832035 -11.27542632278474240895922291407701
0.6304665640458286 1.0444059045787502 -11.27542632278916797951009029638167
0.6330294360007197 1.0445098175247037 -11.27542632279359356108281066999935
0.6355923079444882 1.0446137241939440 -11.27542632279801914656638409768719
0.6381551798816037 1.0447176245593525 -11.27542632280244471976742935084336
0.6407180518165360 1.0448215185938127 -11.27542632280687031948859509916628
0.6432809237537545 1.0449254062702091 -11.27542632281129595645306169270187
0.6458437956977288 1.0450292875614284 -11.27542632281572162346022939382934
0.6484066676529281 1.0451331624403585 -11.27542632282014731341334768371931
0.6509695396238220 1.0452370308798892 -11.27542632282457301931150988721922
0.6535324116148798 1.0453408928529119 -11.27542632282899873424240149607548
0.6560952836305710 1.0454447483323195 -11.27542632283342445137572246774386
0.6586581556753651 1.0455485972910067 -11.27542632283785016395721230634910
0.6612210277537316 1.0456524397018699 -11.27542632284227586530321435691939
0.6637838998701400 1.0457562755378070 -11.27542632284670154879572255777006
0.6663467720290597 1.0458601047717178 -11.27542632285112720787785998658320
0.6689096442349603 1.0459639273765037 -11.27542632285555283604974397868915
0.6714725164923113 1.0460677433250677 -11.27542632285997842686469746042583
0.6740353888055822 1.0461715525903146 -11.27542632286440397392577048728985
0.6765982611792426 1.0462753551451508 -11.27542632286882948329169511235398
0.6791611336177620 1.0463791509624846 -11.27542632287325503131620658034584
0.6817240061256099 1.0464829400152259 -11.27542632287768061973877705287046
0.6842868787072560 1.0465867222762863 -11.27542632288210624187606144550727
0.6868497513671699 1.0466904977185791 -11.27542632288653189104481002571503
0.6894126241098210 1.0467942663090879 -11.27542632289095756056270998385640
0.6919754967931729 1.0468980280197302 -11.27542632289538324349591774607119
0.6945383693969882 1.0470017828234262 -11.27542632289980893312357239905429
0.6971012419257364 1.0471055306930977 -11.27542632290423462277063453268222
0.6996641143838872 1.0472092716016681 -11.27542632290866030576579243926269
0.7022269867759103 1.0473130055220627 -11.27542632291308597544202551604030
0.7047898591062754 1.0474167324272089 -11.27542632291751162513711887554057
0.7073527313794520 1.0475204522900353 -11.27542632292193724819413155477663
0.7099156035999099 1.0476241650834729 -11.27542632292636283796182071230065
0.7124784757721187 1.0477278707804540 -11.27542632293078841254768562205139
0.7150413479005480 1.0478315693539131 -11.27542632293521403926813462188567
0.7176042199896675 1.0479352607767864 -11.27542632293963971645128809802748
0.7201670920439468 1.0480389450220118 -11.27542632294406543701494241721237
0.7227299640678555 1.0481426220625292 -11.27542632294849119384794523990780
0.7252928360658633 1.0482462918712803 -11.27542632295291697981350303460428
0.7278557080424399 1.0483499544212086 -11.27542632295734278775224808150714
0.7304185800020548 1.0484536096852595 -11.27542632296176861048508368952356
0.7329814519491777 1.0485572576363803 -11.27542632296619444081582481736561
0.7355443238882782 1.0486608982475202 -11.27542632297062027153364988597814
0.7381071958238260 1.0487645314916300 -11.27542632297504611794770159104858
0.7406700677602907 1.0488681573416628 -11.27542632297947199230249528361029
0.7432329397021415 1.0489717757705732 -11.27542632298389789885272883229151
0.7457958116538476 1.0490753867513180 -11.27542632298832383038258055314084
0.7483586836198786 1.0491789902568557 -11.27542632299274977977410113589686
0.7509215556047036 1.0492825862601468 -11.27542632299717574000003838831852
0.7534844276127921 1.0493861747341537 -11.27542632300160170411733389488131
0.7560472996486134 1.0494897556518408 -11.27542632300602766526122000094912
0.7586101717166369 1.0495933289861742 -11.27542632301045361663985321703543
0.7611730438213320 1.0496968947101222 -11.27542632301487955152942700439624
0.7637359159671681 1.0498004527966550 -11.27542632301930546326971304037294
0.7662987881586147 1.0499040032187446 -11.27542632302373134525998554586854
0.7688616604001411 1.0500075459493651 -11.27542632302815719095528815828391
0.7714245326962169 1.0501110809614925 -11.27542632303258299386300721225665
0.7739874050513114 1.0502146082281048 -11.27542632303700874927911815889642
0.7765502774698941 1.0503181277221819 -11.27542632304143451110426628733081
0.7791131499564344 1.0504216394167059 -11.27542632304586031628886055386307
0.7816760225154020 1.0505251432846606 -11.27542632305028615807100989538523
0.7842388951512661 1.0506286392990319 -11.27542632305471202968817459710647
0.7868017678684964 1.0507321274290103 -11.27542632305913792437822107838553
0.7893646405775107 1.0508356076444712 -11.27542632306356383521781671101363
0.7919275132056204 1.0509390799184082 -11.27542632306798975531512586040648
0.7944903857572950 1.0510425442238170 -11.27542632307241567791483100374390
0.7970532582370041 1.0511460005336952 -11.27542632307684159626552546389346
0.7996161306492173 1.0512494488210424 -11.27542632308126750362042473676046
0.8021790029984041 1.0513528890588605 -11.27542632308569339323801825954729
0.8047418752890341 1.0514563212201532 -11.27542632309011925838266464164093
0.8073047475255769 1.0515597452779264 -11.27542632309454509232513333065222
0.8098676197125021 1.0516631612051882 -11.27542632309897089176967163670860
0.8124304918542791 1.0517665689749484 -11.27542632310339671740543777858579
0.8149933639553775 1.0518699685602193 -11.27542632310782259757760955974967
0.8175562360202670 1.0519733599340151 -11.27542632311224852513869182681808
0.8201191080534170 1.0520767430693521 -11.27542632311667449290975246560723
0.8226819800592971 1.0521801179392487 -11.27542632312110049368399703574229
0.8252448520423768 1.0522834845167255 -11.27542632312552652023008469612508
0.8278077240071258 1.0523868427748051 -11.27542632312995256529520546606114
0.8303705959580134 1.0524901926865124 -11.27542632313437862160793722150157
0.8329334678995094 1.0525935342248743 -11.27542632313880468188089932001100
0.8354963398360832 1.0526968673629198 -11.27542632314323073354253489927945
0.8380592117722044 1.0528001920736802 -11.27542632314765682691033151182055
0.8406220837123422 1.0529035083301889 -11.27542632315208295485919570994395
0.8431849556609660 1.0530068161054813 -11.27542632315650911004261732693835
0.8457478276225450 1.0531101153725951 -11.27542632316093528521631975535660
0.8483106996015484 1.0532134061045703 -11.27542632316536147323086165322027
0.8508735716024454 1.0533166882744489 -11.27542632316978766702494049988725
0.8534364436297055 1.0534199618552752 -11.27542632317421385961932270027316
0.8559993156877978 1.0535232268200955 -11.27542632317864004411133302738469
0.8585621877811917 1.0536264831419585 -11.27542632318306621366984342443145
0.8611250599143565 1.0537297307939151 -11.27542632318749236153070764992678
0.8636879320917615 1.0538329697490183 -11.27542632319191848099259402371899
0.8662508043178761 1.0539361999803235 -11.27542632319634456541317369195131
0.8688136765971696 1.0540394214608881 -11.27542632320077060820562643939822
0.8713765489341113 1.0541426341637719 -11.27542632320519660283543019691271
0.8739394213331707 1.0542458380620368 -11.27542632320962256806433840271679
0.8765022937988171 1.0543490331287472 -11.27542632321404857399508087179169
0.8790651663355198 1.0544522193369696 -11.27542632321847461939985580329558
0.8816280389477483 1.0545553966597726 -11.27542632322290069744436310045868
0.8841909116399721 1.0546585650685527 -11.27542632322732680129435069810046
0.8867537843750583 1.0547617245311671 -11.27542632323175292404481983430450
0.8893166570278719 1.0548648750206931 -11.27542632323617905864085469874962
0.8918795296028825 1.0549680165102106 -11.27542632324060519825478482786249
0.8944424021045595 1.0550711489728014 -11.27542632324503133606302720491495
0.8970052745373724 1.0551742723815499 -11.27542632324945746524691262287082
0.8995681469057907 1.0552773867095427 -11.27542632325388357899344559581709
0.9021310192142839 1.0553804919298687 -11.27542632325830967049600110230220
0.9046938914673215 1.0554835880156193 -11.27542632326273573295496138489869
0.9072567636693729 1.0555866749398880 -11.27542632326716175957829595765786
0.9098196358249077 1.0556897526757709 -11.27542632327158777310902856418231
0.9123825079383953 1.0557928211963662 -11.27542632327601384032962961869078
0.9149453800143052 1.0558958804747746 -11.27542632328043995884988012451353
0.9175082520571068 1.0559989304840992 -11.27542632328486612143474802460740
0.9200711240712696 1.0561019711974454 -11.27542632328929232081896064490746
0.9226339960612631 1.0562050025879210 -11.27542632329371854971056381135556
0.9251968680315568 1.0563080246286362 -11.27542632329814480079422594897758
0.9277597399866201 1.0564110372927035 -11.27542632330257106673430675315089
0.9303226119309224 1.0565140405532379 -11.27542632330699734017770841528603
0.9328854838689333 1.0566170343833568 -11.27542632331142360589750406533330
0.9354483558051221 1.0567200187561799 -11.27542632331584990268031612873661
0.9380112277439582 1.0568229936448295 -11.27542632332027623651338088440253
0.9405740996899107 1.0569259590224302 -11.27542632332470259994879633270380
0.9431369716474487 1.0570289148621091 -11.27542632332912898564139701480518
0.9456998436210414 1.0571318611369956 -11.27542632333355538634154706484861
0.9482627156151581 1.0572347978202216 -11.27542632333798179488862006709690
0.9508255876342678 1.0573377248849216 -11.27542632334240820420509159750687
0.9533884596828399 1.0574406423042324 -11.27542632334683460729117830281102
0.9559513317653435 1.0575435500512934 -11.27542632335126099721996449593128
0.9585142038862479 1.0576464480992462 -11.27542632335568736713296361422595
0.9610770760500223 1.0577493364212353 -11.27542632336011371023606757719941
0.9636399482611359 1.0578522149904072 -11.27542632336454001979584216459316
0.9662028205240582 1.0579550837799114 -11.27542632336896628913613107871133
0.9687656928432582 1.0580579427628994 -11.27542632337339251163493541365812
0.9713285652232054 1.0581607919125256 -11.27542632337781868555139487410341
0.9738914376683689 1.0582636312019467 -11.27542632338224487891759644358312
0.9764543101832182 1.0583664606043221 -11.27542632338667111473520406382596
0.9790171827722224 1.0584692800928134 -11.27542632339109738610030218106665
0.9815800554398511 1.0585720896405850 -11.27542632339552368610816400124985
0.9841429281905733 1.0586748892143723 -11.27542632339995000785458216031513
0.9867058008685056 1.0587776787869112 -11.27542632340437634415987872648886
0.9892686734672666 1.0588804583313759 -11.27542632340880268810574340545499
0.9918315459913258 1.0589832278209428 -11.27542632341322903279658886287868
0.9943944184451526 1.0590859872287911 -11.27542632341765537134177009179800
0.9969572908332165 1.0591887365281025 -11.27542632342208169685648522431251
0.9995201631599869 1.0592914756920614 -11.27542632342650800246260287727065
1.0020830354299331 1.0593942046938545 -11.27542632343093428128941993847075
1.0046459076475246 1.0594969235066715 -11.27542632343536052647435356971988
1.0072087798172308 1.0595996321037044 -11.27542632343978673599271832551437
1.0097716519435210 1.0597023304581479 -11.27542632344421297780660922435761
1.0123345240308648 1.0598050185431994 -11.27542632344863927478341878320842
1.0148973960837313 1.0599076963320588 -11.27542632345306561963310853171499
1.0174602681065902 1.0600103637979288 -11.27542632345749200503314538379032
1.0200231401039107 1.0601130209140146 -11.27542632346191842363230048700565
1.0225860120801622 1.0602156676535241 -11.27542632346634486805417657657887
1.0251488840398141 1.0603183039896679 -11.27542632347077133090048465820937
1.0277117559873359 1.0604209298956591 -11.27542632347519780475408912827379
1.0302746279271968 1.0605235453447137 -11.27542632347962428218183887093084
1.0328374998638663 1.0606261503100501 -11.27542632348405078058078384191431
1.0354003718018138 1.0607287447648897 -11.27542632348847730825811791148764
1.0379632437455081 1.0608313286824564 -11.27542632349290386796951249934147
1.0405261156994184 1.0609339020359766 -11.27542632349733045227071285042387
1.0430889876680139 1.0610364647986798 -11.27542632350175705381452902301962
1.0456518596557635 1.0611390169437980 -11.27542632350618366534433882006942
1.0482147316671364 1.0612415584445658 -11.27542632351061027968820762442125
1.0507776037066018 1.0613440892742208 -11.27542632351503688975355809419162
1.0533404757786288 1.0614466094060031 -11.27542632351946348852232990591236
1.0559033478876866 1.0615491188131557 -11.27542632352389006904657619523287
1.0584662200382442 1.0616516174689242 -11.27542632352831662444444911847147
1.0610290922347710 1.0617541053465569 -11.27542632353274314789653211769599
1.0635919644817361 1.0618565824193051 -11.27542632353716963264248108088142
1.0661548367836086 1.0619590486604227 -11.27542632354159607197794070680333
1.0687177091448578 1.0620615040431664 -11.27542632354602245925170606292076
1.0712805815699529 1.0621639485407956 -11.27542632355044883110934347317584
1.0738434540633632 1.0622663821265725 -11.27542632355487524600760242002007
1.0764063266295578 1.0623688047737622 -11.27542632355930169934574195798708
1.0789691992730061 1.0624712164556326 -11.27542632356372818415660420424126
1.0815320719981772 1.0625736171411433 -11.27542632356815469347267562198945
1.0840949447016410 1.0626760068010402 -11.27542632357258122014095228208682
1.0866578173245654 1.0627783854086020 -11.27542632357700775708790846998916
1.0892206898714198 1.0628807529371098 -11.27542632358143429735305281445077
1.0917835623466735 1.0629831093598478 -11.27542632358586083398061053181115
1.0943464347547960 1.0630854546501030 -11.27542632359028736002056109676450
1.0969093071002564 1.0631877887811652 -11.27542632359471386852959349617318
1.0994721793875243 1.0632901117263271 -11.27542632359914035257198350626195
1.1020350516210688 1.0633924234588842 -11.27542632360356680522039726070113
1.1045979238053594 1.0634947239521351 -11.27542632360799321955662520374065
1.1071607959448654 1.0635970131793808 -11.27542632361241962779855837255041
1.1097236680440560 1.0636992911139258 -11.27542632361684609176803145067296
1.1122865401074007 1.0638015577290769 -11.27542632362127260735412195635117
1.1148494121393686 1.0639038129981443 -11.27542632362569916718526909608030
1.1174122841444293 1.0640060568944407 -11.27542632363012576385893051297546
1.1199751561270519 1.0641082893912819 -11.27542632363455238994534363312201
1.1225380280917057 1.0642105104619867 -11.27542632363897903799102036449687
1.1251009000428602 1.0643127200798766 -11.27542632364340570052199546195448
1.1276637719849845 1.0644149182182762 -11.27542632364783237004684719660190
1.1302266439225481 1.0645171048505130 -11.27542632365225903470961953729788
1.1327895158600201 1.0646192799499173 -11.27542632365668574471270983252294
1.1353523878018698 1.0647214434898227 -11.27542632366111248933149654375107
1.1379152597525660 1.0648235954435653 -11.27542632366553926100960921034315
1.1404781317165779 1.0649257357844845 -11.27542632366996605229155534825438
1.1430410036983745 1.0650278644859226 -11.27542632367439285581597524237293
1.1456038757024247 1.0651299815212247 -11.27542632367881966430954641308545
1.1481667477331977 1.0652320868637391 -11.27542632368324647058146683407416
1.1507296197951626 1.0653341804868169 -11.27542632368767326751845363107260
1.1532924918927883 1.0654362623638124 -11.27542632369210004808020082913003
1.1558553640305440 1.0655383324680828 -11.27542632369652680529524582558929
1.1584182362128988 1.0656403907729883 -11.27542632370095353225719972463430
1.1609811084443218 1.0657424372518920 -11.27542632370538022212130154613053
1.1635439807292822 1.0658444718781604 -11.27542632370980686810126067828102
1.1661068530722489 1.0659464946251625 -11.27542632371423346346635583585960
1.1686697254776913 1.0660485054662708 -11.27542632371866001121701936316986
1.1712325979500784 1.0661505043748606 -11.27542632372308659464111485927958
1.1737954704938794 1.0662524913243103 -11.27542632372751321938711448788629
1.1763583431135634 1.0663544662880014 -11.27542632373193987842952241479873
1.1789212158135997 1.0664564292371123 -11.27542632373636656474194538828814
1.1814840885430069 1.0665583801404274 -11.27542632374079327120275398825671
1.1840469611905066 1.0666603189713398 -11.27542632374521999058812963192790
1.1866098337605681 1.0667622457032455 -11.27542632374964671587777245468761
1.1891727062576607 1.0668641603095439 -11.27542632375407344005600489661133
1.1917355786862538 1.0669660627636374 -11.27542632375850015611290842799257
1.1942984510508165 1.0670679530389314 -11.27542632376292685704537298463954
1.1968613233558182 1.0671698311088346 -11.27542632376735353585806368958795
1.1994241956057281 1.0672716969467587 -11.27542632377178018556430925210138
1.2019870678050155 1.0673735505261186 -11.27542632377620679918691627060813
1.2045499399581496 1.0674753918203322 -11.27542632378063337684124178170946
1.2071128120695997 1.0675772208028207 -11.27542632378505999694840244650503
1.2096756841438351 1.0676790374470085 -11.27542632378948667237171808496298
1.2122385561853250 1.0677808417263230 -11.27542632379391339569717493185870
1.2148014281985387 1.0678826336141947 -11.27542632379834015947754683498390
1.2173643001879453 1.0679844130840575 -11.27542632380276695623636653157563
1.2199271721580142 1.0680861801093484 -11.27542632380719377847161680199902
1.2224900441132146 1.0681879346635074 -11.27542632381162061865916277582864
1.2250529160580157 1.0682896767199780 -11.27542632381604746925594490963746
1.2276157879968867 1.0683914062522067 -11.27542632382047431584413355783805
1.2301786599342970 1.0684931232336431 -11.27542632382490119777974695739236
1.2327415318747154 1.0685948276377403 -11.27542632382932811695542994736055
1.2353044038226110 1.0686965194379545 -11.27542632383375506572768086223716
1.2378672757824527 1.0687981986077448 -11.27542632383818203655418281320112
1.2404301477587094 1.0688998651205741 -11.27542632384260902198720216074477
1.2429930197558502 1.0690015189499081 -11.27542632384703601466762661124728
1.2455558917783441 1.0691031600692159 -11.27542632385146300731957277430795
1.2481187638306599 1.0692047884519699 -11.27542632385588999274550059399353
1.2506816359172668 1.0693064040716456 -11.27542632386031696382177883662643
1.2532445080426337 1.0694080069017219 -11.27542632386474391349465186610193
1.2558073802112297 1.0695095969156809 -11.27542632386917083477656334157179
1.2583702524275238 1.0696111740870081 -11.27542632387359772074279730003749
1.2609331246959850 1.0697127383891920 -11.27542632387802456452840139937163
1.2634959970210825 1.0698142897957248 -11.27542632388245135932536095001865
1.2660588694072853 1.0699158282801016 -11.27542632388687809988948252307163
1.2686217418590624 1.0700173538158210 -11.27542632389130484293459292613643
1.2711846143808830 1.0701188663763849 -11.27542632389573163025556183051083
1.2737474869772162 1.0702203659352984 -11.27542632390015845477074092874992
1.2763103596525310 1.0703218524659515 -11.27542632390458530939642501801071
1.2788732324082980 1.0704233259351968 -11.27542632390901218704340028255625
1.2814361050807894 1.0705247863165521 -11.27542632391343908033810107349266
1.2839989776744744 1.0706262335835387 -11.27542632391786598220056858322029
1.2865618501938221 1.0707276677096810 -11.27542632392229288555501797038988
1.2891247226433018 1.0708290886685069 -11.27542632392671978333112245610542
1.2916875950273827 1.0709304964335476 -11.27542632393114666846519974243602
1.2942504673505341 1.0710318909783378 -11.27542632393557353390130607123572
1.2968133396172251 1.0711332722764155 -11.27542632394000037259224300123170
1.2993762118319249 1.0712346403013221 -11.27542632394442717750048174612515
1.3019390839991028 1.0713359950266024 -11.27542632394885394159900968698190
1.3045019561232279 1.0714373364258045 -11.27542632395328071038605396553154
1.3070648282087694 1.0715386644724802 -11.27542632395770753727322938631111
1.3096277002601965 1.0716399791401844 -11.27542632396213441568055922072443
1.3121905722819784 1.0717412804024755 -11.27542632396656133811746593663401
1.3147534442785843 1.0718425682329156 -11.27542632397098829706200032531049
1.3173163162544833 1.0719438426050698 -11.27542632397541528496475140418227
1.3198791882141446 1.0720451034925069 -11.27542632397984229425248220118202
1.3224420601620374 1.0721463508687992 -11.27542632398426931733151213230185
1.3250049321026309 1.0722475847075223 -11.27542632398869634659086497145888
1.3275678040403942 1.0723488049822553 -11.27542632399312340160430126876770
1.3301306759797965 1.0724500116665809 -11.27542632399755048726348863959741
1.3326935479253065 1.0725512047340850 -11.27542632400197760508112441086476
1.3352564198813932 1.0726523841583573 -11.27542632400640474742887319265006
1.3378192918525254 1.0727535499129907 -11.27542632401083190677421932269660
1.3403821638431720 1.0728547019715818 -11.27542632401525907567450468645173
1.3429450358578020 1.0729558403077307 -11.27542632401968624677154251467279
1.3455079079008842 1.0730569648950408 -11.27542632402411341278674352170744
1.3480707799768877 1.0731580757071192 -11.27542632402854056651669763663827
1.3506336520902813 1.0732591727175765 -11.27542632403296770082916073436283
1.3531965242455341 1.0733602559000268 -11.27542632403739480865940127231744
1.3557593964471150 1.0734613252280877 -11.27542632404182188300686665072038
1.3583222686994929 1.0735623806753804 -11.27542632404624891693213350240537
1.3608851410071369 1.0736634222155297 -11.27542632405067590355411003779266
1.3634480133745160 1.0737644498221638 -11.27542632405510283604746207206164
1.3660108858060992 1.0738654634689145 -11.27542632405952973637344735206085
1.3685737583063554 1.0739664631294173 -11.27542632406395667825914961675074
1.3711366308797538 1.0740674487773112 -11.27542632406838366022493808493702
1.3736995035307634 1.0741684203862387 -11.27542632407281067513523000993118
1.3762623762638531 1.0742693779250506 -11.27542632407723771585308429520890
1.3788252489617508 1.0743703213654511 -11.27542632408166477503146975637784
1.3813881215794737 1.0744712506810963 -11.27542632408609184545041888672723
1.3839509941214910 1.0745721658456461 -11.27542632409051891997907268212030
1.3865138665922720 1.0746730668327639 -11.27542632409494599149159191623090
1.3890767389962857 1.0747739536161167 -11.27542632409937305286847028478383
1.3916396113380013 1.0748748261693752 -11.27542632410380009699774737886872
1.3942024836218881 1.0749756844662137 -11.27542632410822711677612703818741
1.3967653558524150 1.0750765284803103 -11.27542632411265410511000636235371
1.3993282280340513 1.0751773581853465 -11.27542632411708105491642039408681
1.4018911001712661 1.0752781735550077 -11.27542632412150797216020980817487
1.4044539722685284 1.0753789745629828 -11.27542632412593494231960082786143
1.4070168443303075 1.0754797611829644 -11.27542632413036196757861340754934
1.4095797163610725 1.0755805333886489 -11.27542632413478904040894330755736
1.4121425883652924 1.0756812911537362 -11.27542632413921615324860965996128
1.4147054603474364 1.0757820344519302 -11.27542632414364329850608658228755
1.4172683323119735 1.0758827632569381 -11.27542632414807046856414548514963
1.4198312042633730 1.0759834775424711 -11.27542632415249765578342996350872
1.4223940762061039 1.0760841772822441 -11.27542632415692485250578334354410
1.4249569481446353 1.0761848624499754 -11.27542632416135206557507051297123
1.4275198200834363 1.0762855330193875 -11.27542632416577930956183340579318
1.4300826920269756 1.0763861889642063 -11.27542632417020658831974458649833
1.4326455639797220 1.0764868302581616 -11.27542632417463389414587899635750
1.4352084359461444 1.0765874568749868 -11.27542632417906121943292975536042
1.4377713079307116 1.0766880687884191 -11.27542632418348855666339710044529
1.4403341799378925 1.0767886659721995 -11.27542632418791589840434321062368
1.4428970519721559 1.0768892484000729 -11.27542632419234323730265005240248
1.4454599240379707 1.0769898160457877 -11.27542632419677056608072419147758
1.4480227961398057 1.0770903688830962 -11.27542632420119787753259860288259
1.4505856682821300 1.0771909068857546 -11.27542632420562516452038694875938
1.4531485404694123 1.0772914300275228 -11.27542632421005241997105064987769
1.4557114127061216 1.0773919382821643 -11.27542632421447963687344341553375
1.4582742849967269 1.0774924316234468 -11.27542632421890680827560177160966
1.4608371573456970 1.0775929100251415 -11.27542632422333392728225358798107
1.4634000297575010 1.0776933734610235 -11.27542632422776099315402378614935
1.4659629022366077 1.0777938219048718 -11.27542632423218808228004562383611
1.4685257747874861 1.0778942553304692 -11.27542632423661521442469758435470
1.4710886474146053 1.0779946737116023 -11.27542632424104238240145272947254
1.4736515201224341 1.0780950770193473 -11.27542632424546957902121715290926
1.4762143928461547 1.0781954652235085 -11.27542632424989679697447516231328
1.4787772654883322 1.0782958382978871 -11.27542632425432402889651584889847
1.4813401380534358 1.0783961962162882 -11.27542632425875126760173667105500
1.4839030105459345 1.0784965389525208 -11.27542632426317850590899954138397
1.4864658829702975 1.0785968664803976 -11.27542632426760573664308120827217
1.4890287553309938 1.0786971787737355 -11.27542632427203295263601448892081
1.4915916276324925 1.0787974758063550 -11.27542632427646014672832652184739
1.4941544998792628 1.0788977575520808 -11.27542632428088731177017987985639
1.4967173720757736 1.0789980239847412 -11.27542632428531444062242207156474
1.4992802442264942 1.0790261800037123 -11.27542632428974152820334062562481
1.5000000000000000 1.0790261800037123 -11.27542632429098424906004769527883
