0.0000000000000000 1.0128439564581749 -11.27542632170075369048408031526706
0.0058122559255221 1.0130810735606650 -11.27542632225360255599572846192817
0.0116245096817647 1.0133182007049372 -11.27542632280644883286887178542883
0.0174367613331971 1.0135553376094434 -11.27542632335929249344344088023698
0.0232490109465709 1.0137924839658342 -11.27542632391213373723584698908423
0.0290612585852889 1.0140296394683470 -11.27542632446497117956508512285848
0.0348735043162951 1.0142668037905578 -11.27542632501780572426635400018777
0.0406857482031302 1.0145039766232204 -11.27542632557063996186659733386866
0.0464979903125775 1.0147411576409174 -11.27542632612347665559147533297260
0.0523102307080451 1.0149783465302506 -11.27542632667631370538566951566472
0.0581224694564721 1.0152155429777228 -11.27542632722915301091222415766429
0.0639347066217501 1.0154527466488890 -11.27542632778199328359163207713374
0.0697469422695746 1.0156899572387433 -11.27542632833483502068103000912899
0.0755591764648270 1.0159271743991360 -11.27542632888767794948338845002183
0.0813714092723460 1.0161643978827196 -11.27542632944052186013850670290569
0.0871836407578303 1.0164016273002407 -11.27542632999336717765693912795861
0.0929958709866950 1.0166388624077601 -11.27542633054621339710445457462762
0.0988081000241224 1.0168761028487560 -11.27542633109906108477120553309355
0.1046203279353057 1.0171133482706903 -11.27542633165190994613944544978869
0.1104325547854391 1.0173505984283804 -11.27542633220475945826198854652705
0.1162447806398813 1.0175878529285664 -11.27542633275761024411627023252653
0.1220570055638267 1.0178251115311487 -11.27542633331046139480509661777387
0.1278692296223369 1.0180623738396643 -11.27542633386331332227505240616972
0.1336814528813194 1.0182996396140452 -11.27542633441616584667077088341458
0.1394936754053162 1.0185369085007410 -11.27542633496901888053354920015950
0.1453058972583950 1.0187741801775190 -11.27542633552187259413382521610989
0.1511181185057640 1.0190114542867566 -11.27542633607472689107117357912245
0.1569303392126496 1.0192487305928900 -11.27542633662758125299044344728825
0.1627425594447945 1.0194860086949057 -11.27542633718043590771594193774282
0.1685547792669008 1.0197232883571533 -11.27542633773329081180463305098488
0.1743669987446614 1.0199605693533632 -11.27542633828614581991359311965532
0.1801792179432628 1.0201978510984103 -11.27542633883900076437627314561445
0.1859914369278943 1.0204351334050457 -11.27542633939185654951311273362374
0.1918036557641965 1.0206724159143509 -11.27542633994471203609893103410506
0.1976158745173777 1.0209096983473769 -11.27542634049756718297153987394156
0.2034280932523445 1.0211469803885739 -11.27542634105042205752568460682150
0.2092403120341646 1.0213842617660483 -11.27542634160327697319648025845253
0.2150525309279319 1.0216215420734400 -11.27542634215613124673866256998612
0.2208647499989352 1.0218588210821715 -11.27542634270898515403243391322407
0.2266769693118854 1.0220960984287333 -11.27542634326183850525146779915967
0.2324891889324441 1.0223333737513872 -11.27542634381469107917239526305453
0.2383014089257995 1.0225706468195485 -11.27542634436754299093944278938093
0.2441136293571392 1.0228079172681792 -11.27542634492039427123347768523789
0.2499258502917529 1.0230451849799389 -11.27542634547324440886015440278029
0.2557380717948582 1.0232824491992620 -11.27542634602609295942586650562892
0.2615502939320843 1.0235197098687334 -11.27542634657894073840659088176176
0.2673625167678800 1.0237569666492316 -11.27542634713178751078082565217125
0.2731747403671246 1.0239942192269068 -11.27542634768463258429822537334305
0.2789869647950883 1.0242314673346199 -11.27542634823747633690983538898202
0.2847991901172119 1.0244687105984952 -11.27542634879031866233814897511386
0.2906114163988192 1.0247059486588118 -11.27542634934315904012788708534891
0.2964236437047329 1.0249431812853742 -11.27542634989599814863508100565148
0.3022358721005816 1.0251804081223480 -11.27542635044883516764588064989384
0.3080481016519744 1.0254176288420470 -11.27542635100167052139352604450882
0.3138603324236244 1.0256548430885456 -11.27542635155450355746455029359503
0.3196725644811756 1.0258920506329078 -11.27542635210733406559366494126196
0.3254847978892094 1.0261292511180518 -11.27542635266016218466305252244351
0.3312970327128688 1.0263664442117261 -11.27542635321298795026809235260378
0.3371092690171937 1.0266036296032639 -11.27542635376581151889317982251530
0.3429215068675022 1.0268408069356249 -11.27542635431863250122988024363377
0.3487337463297650 1.0270779759831617 -11.27542635487144982803117275785996
0.3545459874684040 1.0273151363772212 -11.27542635542426402011251152699712
0.3603582303484985 1.0275522880223186 -11.27542635597707500210078153608516
0.3661704750354522 1.0277894301037957 -11.27542635652988298047473920914800
0.3719827215951176 1.0280265625684313 -11.27542635708268746045773595555513
0.3777949700917442 1.0282636851035729 -11.27542635763548873575056549281222
0.3836072205907394 1.0285007974915371 -11.27542635818828646869036250110193
0.3894194731571138 1.0287378992399567 -11.27542635874108344972871312637517
0.3952317278562616 1.0289749900751918 -11.27542635929388035114098577489911
0.4010439828228620 1.0292120695454485 -11.27542635984667741880993583513686
0.4068562356485023 1.0294491372569908 -11.27542636039947454946770012279919
0.4126684863975126 1.0296861930248659 -11.27542636095227212844660343177027
0.4184807351359200 1.0299232364522479 -11.27542636150506969219484864985186
0.4242929819289151 1.0301602671909783 -11.27542636205786840529319260995102
0.4301052268416958 1.0303972850107944 -11.27542636261066760157383731211380
0.4359174699394557 1.0306342895379781 -11.27542636316346719027501313766711
0.4417297112874017 1.0308712804374932 -11.27542636371626791870321140365433
0.4475419509507423 1.0311082574780901 -11.27542636426906971653512646579844
0.4533541889944791 1.0313452202584627 -11.27542636482187304903438242584680
0.4591664254838178 1.0315821685057245 -11.27542636537467749527052920880036
0.4649786604832678 1.0318191018156194 -11.27542636592748371191475737510297
0.4707908940580485 1.0320560200562803 -11.27542636648029184153357625350724
0.4766031262742620 1.0322929228302861 -11.27542636703310088622446787444484
0.4824153571963095 1.0325298095946888 -11.27542636758591104145100770895210
0.4882275868892460 1.0327666803544738 -11.27542636813872213767303974995879
0.4940398154191373 1.0330035346024915 -11.27542636869153426538564324149496
0.4998520428513335 1.0332403720639745 -11.27542636924434785262262079209733
0.5056642692508860 1.0334771924383229 -11.27542636979716249263763742915260
0.5114764946822820 1.0337139954242741 -11.27542637034997768158953262603845
0.5172887192114769 1.0339507808403294 -11.27542637090279404582625888452566
0.5231009429031022 1.0341875480104521 -11.27542637145561110464696923839554
0.5289131658230869 1.0344242968899571 -11.27542637200842918404250640869624
0.5347253880365054 1.0346610270665470 -11.27542637256124715751359859531609
0.5405376096085780 1.0348977382508404 -11.27542637311406663613582585694884
0.5463498306044981 1.0351344301434693 -11.27542637366688631875185008925040
0.5521620510889596 1.0353711023932815 -11.27542637421970600300649383565858
0.5579742711271893 1.0356077547003414 -11.27542637477252556599939120067218
0.5637864907844176 1.0358443867196952 -11.27542637532534600762102192537232
0.5695987101263471 1.0360809981413699 -11.27542637587816571378591569978604
0.5754109292176355 1.0363175885476185 -11.27542637643098649294735187920606
0.5812231481235084 1.0365541579434154 -11.27542637698380621567576751142548
0.5870353669091615 1.0367907057456289 -11.27542637753662607696840430082812
0.5928475856398339 1.0370272316250253 -11.27542637808944624280184979734651
0.5986598043808585 1.0372637354064654 -11.27542637864226562797227602027207
0.6044720231974580 1.0375002165811155 -11.27542637919508439659767766695034
0.6102842421552237 1.0377366751026127 -11.27542637974790267816399512657354
0.6160964613193717 1.0379731104919366 -11.27542638030072064365569647114704
0.6219086807547262 1.0382095224197046 -11.27542638085353835325962960218385
0.6277209005265250 1.0384459106285225 -11.27542638140635502142469012679914
0.6335331206999787 1.0386822745595238 -11.27542638195917112202083562534805
0.6393453413401645 1.0389186143943081 -11.27542638251198641401033971754741
0.6451575625118348 1.0391549296702934 -11.27542638306480104617899864588663
0.6509697842801262 1.0393912195383509 -11.27542638361761456945767281186245
0.6567820067101945 1.0396274842383798 -11.27542638417042682606187915270891
0.6625942298672912 1.0398637232043505 -11.27542638472323752598984289121288
0.6684064538166337 1.0400999361726616 -11.27542638527604675298789371582629
0.6742186786235014 1.0403361229969518 -11.27542638582885452461785398326343
0.6800309043536826 1.0405722834474904 -11.27542638638166037969365537497555
0.6858431310715804 1.0408084164292944 -11.27542638693446559371737722932573
0.6916553588423937 1.0410445225410400 -11.27542638748726973591855567740652
0.6974675877314926 1.0412806009996304 -11.27542638804007374457125242717236
0.7032798178046817 1.0415166516258450 -11.27542638859287656548829548928091
0.7090920491263864 1.0417526738382143 -11.27542638914567844258019915343332
0.7149042817626408 1.0419886681177110 -11.27542638969847910713628226272670
0.7207165157785849 1.0422246330589514 -11.27542639025127901298939646956163
0.7265287512386172 1.0424605693612651 -11.27542639080407852784719186336658
0.7323409882079404 1.0426964757500601 -11.27542639135687767597514093658481
0.7381532267526691 1.0429323524844296 -11.27542639190967580598731133465733
0.7439654669371286 1.0431681992613074 -11.27542639246247350424587427167018
0.7497777088264205 1.0434040155342991 -11.27542639301527049298626000712157
0.7555899524859154 1.0436398011249846 -11.27542639356806691429932163044082
0.7614021979808388 1.0438755555897335 -11.27542639412086316909492374313608
0.7672144453763816 1.0441112788101222 -11.27542639467365799889627480696979
0.7730266947384995 1.0443469704311657 -11.27542639522645365565712745979881
0.7788389461325974 1.0445826298810734 -11.27542639577924886893288838504440
0.7846511996236507 1.0448182572534539 -11.27542639633204459442700803484019
0.7904634552760412 1.0450538521284283 -11.27542639688483991658020008475688
0.7962757092941548 1.0452894132887528 -11.27542639743763531865233620068770
0.8020879611997366 1.0455249413615734 -11.27542639799043075903246574883300
0.8079002110575444 1.0457604356510893 -11.27542639854322747295136135161409
0.8137124589331802 1.0459958959222050 -11.27542639909602488290130841787721
0.8195247048927400 1.0462313217680000 -11.27542639964882305924854423844187
0.8253369490011592 1.0464667129962014 -11.27542640020162172982761591455684
0.8311491913226001 1.0467020691679372 -11.27542640075442071635229431057013
0.8369614319224831 1.0469373900117329 -11.27542640130722017120667697647324
0.8427736708658170 1.0471726752533618 -11.27542640186002079887421832984474
0.8485859082178128 1.0474079246369853 -11.27542640241282261539647099278376
0.8543981440429417 1.0476431377355956 -11.27542640296562471632513524351349
0.8602103784066443 1.0478783142921586 -11.27542640351842767153052468940406
0.8660226113746934 1.0481134538752335 -11.27542640407123126680304976336413
0.8718348430114728 1.0483485563412445 -11.27542640462403645018449174432461
0.8776470733831636 1.0485836212333795 -11.27542640517684178630716785775884
0.8834593025541042 1.0488186483199893 -11.27542640572964773753965989588633
0.8892715305895781 1.0490536374417003 -11.27542640628245483364409745985558
0.8950837575548265 1.0492885876858893 -11.27542640683526217814915762182192
0.9008959835151162 1.0495234994923141 -11.27542640738806979542524539461002
0.9067082085358490 1.0497583720658400 -11.27542640794087914450936549535363
0.9125204326822701 1.0499932053242253 -11.27542640849368851508781323733907
0.9183326560201850 1.0502279988022060 -11.27542640904649918038684672319724
0.9241448786142007 1.0504627522447665 -11.27542640959931043628909664813959
0.9299571005295441 1.0506974652772886 -11.27542641015212179542419425772072
0.9357693218314358 1.0509321377110159 -11.27542641070493395923819852102084
0.9415815425858351 1.0511667691407792 -11.27542641125774645075483234713489
0.9473937628574170 1.0514013593357264 -11.27542641181055963531703455589895
0.9532059827119193 1.0516359078686003 -11.27542641236337272791846271782784
0.9590182022138660 1.0518704147084638 -11.27542641291618442623911203146760
0.9648304214285373 1.0521048788679153 -11.27542641346899751373425542917919
0.9706426404211681 1.0523393007806729 -11.27542641402181126569974010641763
0.9764548592570008 1.0525736795284983 -11.27542641457462403557345441674290
0.9822670780012734 1.0528080155903095 -11.27542641512743709326584315694599
0.9880792967192249 1.0530423078738609 -11.27542641568024867004582056562492
0.9938915154760978 1.0532765561426417 -11.27542641623306025827895381138084
0.9997037343371091 1.0535107606975870 -11.27542641678587157332974084538189
1.0055159533674877 1.0537449205898788 -11.27542641733868262740360434683699
1.0113281726324751 1.0539790358335907 -11.27542641789149312422060931506071
1.0171403921972946 1.0542131059593459 -11.27542641844430385050341120871509
1.0229526121271802 1.0544471309607007 -11.27542641899711337636933141908561
1.0287648324873935 1.0546811097982621 -11.27542641954992222191536620823030
1.0345770533431431 1.0549150429438047 -11.27542642010273081076522947080197
1.0403892747596580 1.0551489297185686 -11.27542642065553890681665704675641
1.0462014968021407 1.0553827695848363 -11.27542642120834699624863830360744
1.0520137195358259 1.0556165630018109 -11.27542642176115387500716844016901
1.0578259430259263 1.0558503089359216 -11.27542642231396104983173134234904
1.0636381673376784 1.0560840073126759 -11.27542642286676640562486883367109
1.0694503925363164 1.0563176575291033 -11.27542642341957174085140660429438
1.0752626186870349 1.0565512600680283 -11.27542642397237639110558108991430
1.0810748458550517 1.0567848138257235 -11.27542642452518115173577843643894
1.0868870741055810 1.0570183187976358 -11.27542642507798470440913337112312
1.0926993035038354 1.0572517746085272 -11.27542642563078735701749633907051
1.0985115341150557 1.0574851809741283 -11.27542642618358820030854239501595
1.1043237660044545 1.0577185375996527 -11.27542642673638888324272063036616
1.1101359992372867 1.0579518438751133 -11.27542642728918861759359281279826
1.1159482338787511 1.0581851002838467 -11.27542642784198719060079641705949
1.1217604699940706 1.0584183056852605 -11.27542642839478555059538229265593
1.1275727076484460 1.0586514601831447 -11.27542642894758280809059618240520
1.1333849469071140 1.0588845632348824 -11.27542642950037966793913720815795
1.1391971878353133 1.0591176146773841 -11.27542643005317566951542707252745
1.1450094304980669 1.0593506140674671 -11.27542643060597154408157634906053
1.1508216749605138 1.0595835616235066 -11.27542643115876688584074512971407
1.1566339212871312 1.0598164563451357 -11.27542643171156063192841572644705
1.1624461695438405 1.0600492981564104 -11.27542643226435473247922388685822
1.1682584197960313 1.0602820867973284 -11.27542643281714797892420314588973
1.1740706721088708 1.0605148219290283 -11.27542643336994136580755413625388
1.1798829265473429 1.0607475031879071 -11.27542643392273371396007553571430
1.1856951817805328 1.0609801301145723 -11.27542643447552652215553352000914
1.1915074348637289 1.0612127022422100 -11.27542643502831963235692064682898
1.1973196858630890 1.0614452198602893 -11.27542643558111340739715225945301
1.2031319348429525 1.0616776820056777 -11.27542643613390775027813157271021
1.2089441818683274 1.0619100886020822 -11.27542643668670263530125621735000
1.2147564270046860 1.0621424393329047 -11.27542643723949803967372339456340
1.2205686703170686 1.0623747338868634 -11.27542643779229452511749771835486
1.2263809118709172 1.0626069719528340 -11.27542643834509152306277539313771
1.2321931517314678 1.0628391532196881 -11.27542643889788908667797259013492
1.2380053899635972 1.0630712773761170 -11.27542643945068797709393370400416
1.2438176266328701 1.0633033442763635 -11.27542644000348773247894700235031
1.2496298618041745 1.0635353530822872 -11.27542644055628721975918257279935
1.2554420955430895 1.0637673040048750 -11.27542644110908780243707397098510
1.2612543279153230 1.0639991966788368 -11.27542644166188961808361765395241
1.2670665589854664 1.0642310306332012 -11.27542644221469210767886572795287
1.2728787888185848 1.0644628056111883 -11.27542644276749603268927502838032
1.2786910174800004 1.0646945213054733 -11.27542644332030015026141462925607
1.2845032450348756 1.0649261774575000 -11.27542644387310504062300053170820
1.2903154715484444 1.0651577736781316 -11.27542644442591132888739067221546
1.2961276970859295 1.0653893096543844 -11.27542644497871723968125723531274
1.3019399217125996 1.0656207850055167 -11.27542644553152428412350320246524
1.3077521454935436 1.0658521993210065 -11.27542644608433110993865757836754
1.3135643684939510 1.0660835531085022 -11.27542644663713902558496447222951
1.3193765907791100 1.0663148450799253 -11.27542644718994696034457538070779
1.3251888124142637 1.0665460752761537 -11.27542644774275604305494857920623
1.3310010334645876 1.0667772433938736 -11.27542644829556507064665630757956
1.3368132539952800 1.0670083488693487 -11.27542644884837506330827115164030
1.3426254740715804 1.0672393921419860 -11.27542644940118412432431627449094
1.3484376937593822 1.0674703721645505 -11.27542644995399315643817330721771
1.3542499131232153 1.0677012886463282 -11.27542645050680203241242110931064
1.3600621322290114 1.0679321420330098 -11.27542645105961133426786001537073
1.3658743511414423 1.0681629311523226 -11.27542645161242039045036904352485
1.3716865699256554 1.0683936560815265 -11.27542645216522991897129015287888
1.3774987886468719 1.0686243164128238 -11.27542645271803853250720896421897
1.3833110073703605 1.0688549119395227 -11.27542645327084858828395307776579
1.3891232261613510 1.0690854422777177 -11.27542645382365772516486620134469
1.3949354450851148 1.0693159069019995 -11.27542645437646696772012683853109
1.4007476642068819 1.0695463061681485 -11.27542645492927563814450691229065
1.4065598835919263 1.0697766390933194 -11.27542645548208398121254075461016
1.4123721033054398 1.0700069054493621 -11.27542645603489186433842248530820
1.4181843234126904 1.0702371054746309 -11.27542645658769888919675087114404
1.4239965439789676 1.0704672382805300 -11.27542645714050564050724719476390
1.4298087650695043 1.0706973037548578 -11.27542645769331237234545264121077
1.4356209867495705 1.0709273015620241 -11.27542645824611902894739322752444
1.4414332090843427 1.0711572316413868 -11.27542645879892473563354022983585
1.4472454321390302 1.0713870930119059 -11.27542645935173024047837192075731
1.4530576559787841 1.0716168862287643 -11.27542645990453441461138360405811
1.4588698806688897 1.0718466104108431 -11.27542646045733861997410678833730
1.4646821062745748 1.0720762653871686 -11.27542646101014207234038355639433
1.4704943328610716 1.0723058508596399 -11.27542646156294442721377565321474
1.4763065604936103 1.0725353665805353 -11.27542646211574598141226825984704
1.4821187892374306 1.0727648119985687 -11.27542646266854573931954782512176
1.4879310191577611 1.0729941873586646 -11.27542646322134542075151713965830
1.4937432503197782 1.0732234918485423 -11.27542646377414438343568791788216
1.4995554827887286 1.0732410260231463 -11.27542646432694288753442086024190
1.5000000000000000 1.0732410260231463 -11.27542646436921754829877609030639
