0.0000000000000000 1.0132707331236001 -11.27542632170075369048408031526706
0.0162733057090278 1.0139346937430860 -11.27542632170303254136999228588620
0.0325465981820148 1.0145987246976428 -11.27542632170531138484087216300303
0.0488198785631673 1.0152628189998845 -11.27542632170759022153739299325611
0.0650931479967403 1.0159269696617974 -11.27542632170986905210025122117133
0.0813664076270337 1.0165911696948100 -11.27542632171214787717016460484063
0.0976396585983870 1.0172554121098621 -11.27542632171442669738787013325690
0.1139129020551750 1.0179196899174742 -11.27542632171670551339412194511836
0.1301861391418030 1.0185839961278171 -11.27542632171898432582968924877572
0.1464593710027020 1.0192483237507808 -11.27542632172126313533535424313526
0.1627325987823245 1.0199126657960446 -11.27542632172354194255191003923263
0.1790058236251395 1.0205770152731458 -11.27542632172582074812015858224797
0.1952790466756278 1.0212413651915493 -11.27542632172809955268090857370957
0.2115522690782777 1.0219057085607173 -11.27542632173037835687497339362015
0.2278254919775800 1.0225700383901784 -11.27542632173265716134316902229812
0.2440987165180236 1.0232343476895969 -11.27542632173493596672631196163759
0.2603719438440909 1.0238986294688425 -11.27542632173721477366521715557910
0.2766451751002527 1.0245628767380595 -11.27542632173949358280069590952587
0.2929184114309643 1.0252270825077360 -11.27542632174177239477355380846371
0.3091916539806601 1.0258912397887737 -11.27542632174405121022458863353599
0.3254649038937494 1.0265553415925570 -11.27542632174633002979458827683653
0.3417381623146118 1.0272193809310225 -11.27542632174860885412432865417146
0.3580114303875921 1.0278833508167282 -11.27542632175088768385457161554444
0.3742847092569962 1.0285472442629230 -11.27542632175316651962606285313168
0.3905580000670862 1.0292110542836160 -11.27542632175544536207952980648882
0.4068313039620755 1.0298747729156486 -11.27542632175772421185567956477436
0.4231045981054968 1.0305383930269637 -11.27542632176000305616100941476691
0.4393778800059475 1.0312019076348598 -11.27542632176228189359952478304522
0.4556511508076797 1.0318653097577489 -11.27542632176456072481195977120988
0.4719244116549911 1.0325285924152264 -11.27542632176683955043907297452346
0.4881976636922200 1.0331917486281397 -11.27542632176911837112164537940352
0.5044709080637409 1.0338547714186579 -11.27542632177139718750047826104993
0.5207441459139596 1.0345176538103410 -11.27542632177367600021639108104015
0.5370173783873088 1.0351803888282091 -11.27542632177595480991021938493649
0.5532906066282431 1.0358429694988117 -11.27542632177823361722281269695471
0.5695638317812349 1.0365053888502967 -11.27542632178051242279503241992271
0.5858370549907692 1.0371676399124801 -11.27542632178279122726774972611780
0.6021102774013393 1.0378297157169145 -11.27542632178507003128184345286732
0.6183835001574419 1.0384916092969589 -11.27542632178734883547819799435482
0.6346567244035727 1.0391533136878476 -11.27542632178962764049770119202934
0.6509299512842216 1.0398148219267592 -11.27542632179190644698124222311089
0.6672031819438681 1.0404761270528860 -11.27542632179418525556970948693438
0.6834764175269767 1.0411372221075029 -11.27542632179646406690398848890581
0.6997496591779921 1.0417981001340367 -11.27542632179874288162495972183997
0.7160229080413345 1.0424587541781349 -11.27542632180102170037349654448136
0.7322961652613955 1.0431191772877350 -11.27542632180330052379046305693381
0.7485694319825326 1.0437793625131334 -11.27542632180557935251671197287110
0.7648427093490652 1.0444393029070543 -11.27542632180785818719308248819716
0.7811159985052697 1.0450989915247190 -11.27542632181013702846039814603690
0.7973893005953746 1.0457584205996711 -11.27542632181241587695946469778192
0.8136625964189256 1.0464175828988659 -11.27542632181469472193380407087654
0.8299358798485137 1.0470764714868721 -11.27542632181697355995059087727050
0.8462091520283929 1.0477350794311065 -11.27542632181925239165065791949399
0.8624824141028636 1.0483933998019031 -11.27542632182153121767486489206429
0.8787556672162676 1.0490514256725817 -11.27542632182381003866409623331384
0.8950289125129837 1.0497091501195164 -11.27542632182608885525925897660099
0.9113021511374228 1.0503665662222048 -11.27542632182836766810128060061247
0.9275753842340234 1.0510236670633365 -11.27542632183064647783110687869739
0.9438486129472470 1.0516804457288615 -11.27542632183292528508969972682317
0.9601218384215731 1.0523368953080594 -11.27542632183520409051803505013447
0.9763950618014950 1.0529930088936073 -11.27542632183748289475710058782414
0.9926682842315149 1.0536487795816489 -11.27542632183976169844789375610827
1.0089415068561391 1.0543042004718631 -11.27542632184204050223141948914264
1.0252147308198738 1.0549592646675321 -11.27542632184431930674868807766586
1.0414879572672199 1.0556139652756099 -11.27542632184659811264071300515752
1.0577611873426689 1.0562682954067912 -11.27542632184887692054850878133925
1.0740344221906976 1.0569222481755794 -11.27542632185115573111308877281330
1.0903076629557641 1.0575758167003551 -11.27542632185343454497546303063699
1.1065809107823026 1.0582289941034445 -11.27542632185571336277663611466367
1.1228541668147192 1.0588817735111874 -11.27542632185799218515760491442721
1.1391274321973867 1.0595341480540061 -11.27542632186027101275935646641792
1.1554007080746406 1.0601861108664728 -11.27542632186254984622286576754604
1.1716739955907738 1.0608376550873785 -11.27542632186482868618909358456636
1.1879472958900322 1.0614887731915062 -11.27542632186710753329898425937828
1.2042205934085005 1.0621394578916211 -11.27542632186938637883341659819233
1.2204938783822356 1.0627897023418634 -11.27542632187166521732247599391170
1.2367671519554956 1.0634394997009387 -11.27542632187394404940713037499633
1.2530404152725854 1.0640888431321861 -11.27542632187622287572837571938788
1.2693136694778521 1.0647377258036459 -11.27542632187850169692723384934936
1.2855869157156803 1.0653861408881272 -11.27542632188078051364475022494065
1.3018601551304875 1.0660340815632761 -11.27542632188305932652199173702468
1.3181333888667193 1.0666815410116432 -11.27542632188533813620004449898718
1.3344066180688449 1.0673285124207510 -11.27542632188761694332001163720798
1.3506798438813524 1.0679749889831620 -11.27542632188989574852301108008285
1.3669530674487438 1.0686209638965461 -11.27542632189217455245017334541265
1.3832262899155311 1.0692664303637481 -11.27542632189445335574263932600370
1.3994995124262307 1.0699113815928551 -11.27542632189673215904155807329775
1.4157727361253595 1.0705558107972641 -11.27542632189901096298808457885725
1.4320459621574299 1.0711997111957493 -11.27542632190128976822337755355543
1.4483191916669450 1.0718430760125295 -11.27542632190356857538859720428517
1.4645924257983943 1.0724858984773353 -11.27542632190584738512490300803176
1.4808656656962487 1.0731281718254763 -11.27542632190812619807345148313646
1.4971389125049562 1.0732410360780996 -11.27542632191040501487539395759583
1.5000000000000000 1.0732410360780996 -11.27542632191040692260195805577999
