0.0000000000000000 1.0166877408544558 -11.27542632170075369048408031526715
0.0018307371107946 1.0167624667634384 -11.27542632170624037101990397196151
0.0036614741133749 1.0168371931847395 -11.27542632171172704993659103754128
0.0054922110097778 1.0169119201118933 -11.27542632171721372676898509299224
0.0073229478020401 1.0169866475292412 -11.27542632172270040553927944318721
0.0091536844921987 1.0170613754315012 -11.27542632172818708406350410867470
0.0109844210822906 1.0171361038051381 -11.27542632173367376352947858076710
0.0128151575743524 1.0172108326438201 -11.27542632173916044150572732649002
0.0146458939704210 1.0172855619340057 -11.27542632174464712051202223884484
0.0164766302725334 1.0173602916693692 -11.27542632175013379770354399220237
0.0183073664827266 1.0174350218363629 -11.27542632175562047595175588440849
0.0201381026030373 1.0175097524286668 -11.27542632176110715296522522777255
0.0219688386355026 1.0175844834327273 -11.27542632176659383031399646471391
0.0237995745821592 1.0176592148422302 -11.27542632177208050690202835137495
0.0256303104450439 1.0177339466436160 -11.27542632177756718347282246684854
0.0274610462261936 1.0178086788305761 -11.27542632178305385945218640474664
0.0292917819276454 1.0178834113895451 -11.27542632178854053540804280313520
0.0311225175514360 1.0179581443142202 -11.27542632179402721111633485223154
0.0329532530996027 1.0180328775910302 -11.27542632179951388643450738678737
0.0347839885741821 1.0181076112136777 -11.27542632180500056164216221038638
0.0366147239772112 1.0181823451685860 -11.27542632181048723629306228286297
0.0384454593107270 1.0182570794494629 -11.27542632181597391069624232386736
0.0402761945767663 1.0183318140427265 -11.27542632182146058484591438067831
0.0421069297773660 1.0184065489420897 -11.27542632182694725916379401146096
0.0439376649145631 1.0184812841339651 -11.27542632183243393336317661892066
0.0457683999903945 1.0185560196120710 -11.27542632183792060710767810963941
0.0475991350068977 1.0186307553628146 -11.27542632184340728082122860104450
0.0494298699661090 1.0187054913799192 -11.27542632184889395381138238478863
0.0512606048700654 1.0187802276497870 -11.27542632185438062636284111808472
0.0530913397208040 1.0188549641661461 -11.27542632185986729890232823347395
0.0549220745203616 1.0189297009153923 -11.27542632186535397044244638201992
0.0567528092707752 1.0190044378912653 -11.27542632187084064207082927542700
0.0585835439740819 1.0190791750801576 -11.27542632187632731302187521960600
0.0604142786323185 1.0191539124757984 -11.27542632188181398394738960145476
0.0622450132475220 1.0192286500645795 -11.27542632188730065423187508879043
0.0640757478217294 1.0193033878402390 -11.27542632189278732438774298894505
0.0659064823569777 1.0193781257891645 -11.27542632189827399364486790435505
0.0677372168553037 1.0194528639050979 -11.27542632190376066347821974069275
0.0695679513187446 1.0195276021744217 -11.27542632190924733198971576391434
0.0713986857493373 1.0196023405908830 -11.27542632191473400066950717256156
0.0732294201491187 1.0196770791408597 -11.27542632192022066875317732942138
0.0750601545201258 1.0197518178181032 -11.27542632192570733677062044152489
0.0768908888643958 1.0198265566089868 -11.27542632193119400420317321425785
0.0787216231839653 1.0199012955072665 -11.27542632193668067144706385136862
0.0805523574808716 1.0199760344993110 -11.27542632194216733803773409851297
0.0823830917571515 1.0200507735788759 -11.27542632194765400424199496019258
0.0842138260148421 1.0201255127323721 -11.27542632195314067033276047654227
0.0860445602559804 1.0202002519534972 -11.27542632195862733606127839404193
0.0878752944826033 1.0202749912286335 -11.27542632196411400201210578247167
0.0897060286967477 1.0203497305515537 -11.27542632196960066810219490774728
0.0915367629004522 1.0204244699086103 -11.27542632197508733427594769638306
0.0933674970957508 1.0204992092935798 -11.27542632198057400053459771196471
0.0951982312846836 1.0205739486928104 -11.27542632198606066709552267408921
0.0970289654692846 1.0206486881000773 -11.27542632199154733310580618667189
0.0988596996515934 1.0207234275017665 -11.27542632199703399930123453851043
0.1006904338336445 1.0207981668916018 -11.27542632200252066602228125699153
0.1025211680174773 1.0208729062559976 -11.27542632200800733144604644608649
0.1043519022051264 1.0209476455886645 -11.27542632201349399772885764714446
0.1061826363986311 1.0210223848759639 -11.27542632201898066398439254515821
0.1080133706000262 1.0210971241116894 -11.27542632202446733044708177564974
0.1098441048113512 1.0211718632821521 -11.27542632202995399698355921696729
0.1116748390346424 1.0212466023845831 -11.27542632203544066361989244808199
0.1135055732719372 1.0213213413900839 -11.27542632204092732957352109712535
0.1153363075252705 1.0213960803211054 -11.27542632204641399574791104837459
0.1171670417966815 1.0214708191302778 -11.27542632205190066188151090686050
0.1189977760882050 1.0215455578451329 -11.27542632205738732809743290557711
0.1208285104018800 1.0216202964182333 -11.27542632206287399439823254095983
0.1226592447397414 1.0216950348771754 -11.27542632206836066164791800153836
0.1244899791038267 1.0217697731744573 -11.27542632207384732908843925492312
0.1263207134961746 1.0218445113377401 -11.27542632207933399741544810624883
0.1281514479188227 1.0219192493194570 -11.27542632208482066576271801909202
0.1299821823738072 1.0219939871473339 -11.27542632209030733510483455123847
0.1318129168631634 1.0220687247737354 -11.27542632209579400404699599064543
0.1336436513889299 1.0221434622215717 -11.27542632210128067302796324758357
0.1354743859531420 1.0222181994632059 -11.27542632210676734306982855116807
0.1373051205578370 1.0222929364894039 -11.27542632211225401209431580714491
0.1391358552050545 1.0223676732872327 -11.27542632211774068218106673323530
0.1409665898968284 1.0224424098703899 -11.27542632212322735184570067676753
0.1427973246351976 1.0225171461924871 -11.27542632212871402231109757718709
0.1446280594221978 1.0225918822812674 -11.27542632213420069257253752148886
0.1464587942598678 1.0226666180889226 -11.27542632213968736354979186707467
0.1482895291502429 1.0227413536436163 -11.27542632214517403355544105798336
0.1501202640953618 1.0228160888973102 -11.27542632215066070439695861393295
0.1519509990972592 1.0228908238740096 -11.27542632215614737564967620636417
0.1537817341579727 1.0229655585425344 -11.27542632216163404777748426194391
0.1556124692795410 1.0230402929011204 -11.27542632216712071859280669292459
0.1574432044640007 1.0231150269360843 -11.27542632217260739197199830655081
0.1592739397133870 1.0231897606412964 -11.27542632217809406444064578816970
0.1611046750297367 1.0232644940030132 -11.27542632218358073725106365982270
0.1629354104150868 1.0233392270151028 -11.27542632218906741064603040182957
0.1647661458714743 1.0234139596638175 -11.27542632219455408471111944978221
0.1665968814009359 1.0234886919430389 -11.27542632220004075889636588936037
0.1684276170055087 1.0235634238390109 -11.27542632220552743342180415317770
0.1702583526872269 1.0236381553456206 -11.27542632221101410753658687944096
0.1720890884481302 1.0237128864491066 -11.27542632221650078271323281208626
0.1739198242902526 1.0237876171433640 -11.27542632222198745867119818199018
0.1757505602156333 1.0238623474116011 -11.27542632222747413445080021752428
0.1775812962263104 1.0239370772584720 -11.27542632223296081042554090546576
0.1794120323243223 1.0240118066537805 -11.27542632223844748611879619416583
0.1812427685117010 1.0240865356088085 -11.27542632224393416188513883677629
0.1830735047904856 1.0241612640923994 -11.27542632224942083920938858165317
0.1849042411627107 1.0242359921158525 -11.27542632225490751721593661695705
0.1867349776304188 1.0243107196479806 -11.27542632226039419669312691988938
0.1885657141956442 1.0243854466955818 -11.27542632226588087330006642097383
0.1903964508604258 1.0244601732405398 -11.27542632227136755015585166849622
0.1922271876267977 1.0245348992770566 -11.27542632227685422852158698500627
0.1940579244967981 1.0246096247910422 -11.27542632228234090758267414922438
0.1958886614724639 1.0246843497766380 -11.27542632228782758628778071455496
0.1977193985558337 1.0247590742132743 -11.27542632229331426554478801726360
0.1995501355854361 1.0248337980927368 -11.27542632229880094595094682104917
0.2013808725083482 1.0249085214011109 -11.27542632230428762439760992458729
0.2032116093266068 1.0249832441324106 -11.27542632230977430450658198643956
0.2050423460422489 1.0250579662728114 -11.27542632231526098201862518348515
0.2068730826573114 1.0251326878198062 -11.27542632232074766036720242051726
0.2087038191738312 1.0252074087438251 -11.27542632232623433736513521691887
0.2105345555938452 1.0252821290685782 -11.27542632233172101465558699009614
0.2123652919193880 1.0253568487450414 -11.27542632233720769147644370231235
0.2141960281524987 1.0254315677942715 -11.27542632234269436727665895103391
0.2160267642952144 1.0255062861979913 -11.27542632234818104324142625841806
0.2178575003495717 1.0255810039333460 -11.27542632235366771923409630048853
0.2196882363176078 1.0256557210060066 -11.27542632235915439507605996806673
0.2215189722013595 1.0257304374033892 -11.27542632236464107067380780404072
0.2233497080028638 1.0258051531047395 -11.27542632237012774595496164991301
0.2251804437241570 1.0258798681166187 -11.27542632237561442156566422874842
0.2270111793672742 1.0259545824057500 -11.27542632238110109597902605747533
0.2288419149342549 1.0260292959922837 -11.27542632238658776989705122294101
0.2306726504271359 1.0261040088441842 -11.27542632239207444357313890299557
0.2325033858479544 1.0261787209635847 -11.27542632239756111637019537496061
0.2343341211987452 1.0262534323285747 -11.27542632240304778910833486569005
0.2361648564815472 1.0263281429387353 -11.27542632240853446192669772007834
0.2379955916983952 1.0264028527781313 -11.27542632241402113368871404865171
0.2398263268513284 1.0264775618428413 -11.27542632241950780546717290832568
0.2416570619423814 1.0265522701136755 -11.27542632242499447682356003117430
0.2434877969735919 1.0266269775932447 -11.27542632243048114649588682611939
0.2453185319469981 1.0267016842633056 -11.27542632243596781807522820738334
0.2471492668646374 1.0267763901179085 -11.27542632244145448801099179052386
0.2489800017285466 1.0268510951431945 -11.27542632244694115987188660217022
0.2508107365407607 1.0269257993331511 -11.27542632245242782983461766380162
0.2526414713033180 1.0270005026739219 -11.27542632245791450114799471284223
0.2544722060182545 1.0270752051595327 -11.27542632246340117093566093802064
0.2563029406876087 1.0271499067804961 -11.27542632246888784088093631923231
0.2581336753134177 1.0272246075202050 -11.27542632247437450962786709107913
0.2599644098977187 1.0272993073696193 -11.27542632247986117774874100897892
0.2617951444425485 1.0273740063265851 -11.27542632248534784665387311657563
0.2636258789499430 1.0274487043759408 -11.27542632249083451493439935708919
0.2654566134219408 1.0275234015095783 -11.27542632249632118329860434824487
0.2672873478605790 1.0275980977117697 -11.27542632250180785107737134396282
0.2691180822678945 1.0276727929864138 -11.27542632250729451922156006795923
0.2709488166459245 1.0277474873054391 -11.27542632251278118604710589622927
0.2727795509967043 1.0278221806739167 -11.27542632251826785416222481104244
0.2746102853222721 1.0278968730759811 -11.27542632252375451943062278294802
0.2764410196246635 1.0279715645006517 -11.27542632252924118485957775197528
0.2782717539059174 1.0280462549390681 -11.27542632253472785081103968531129
0.2801024881680704 1.0281209443813001 -11.27542632254021451578923921692060
0.2819332224131596 1.0281956328174178 -11.27542632254570118036723154725102
0.2837639566432220 1.0282703202374914 -11.27542632255118784652943336096133
0.2855946908602946 1.0283450066315910 -11.27542632255667451149094107930313
0.2874254250664145 1.0284196919897872 -11.27542632256216117678985160158264
0.2892561592636188 1.0284943763021503 -11.27542632256764784242620358594218
0.2910868934539431 1.0285690595587510 -11.27542632257313450860558597236289
0.2929176276394260 1.0286437417496569 -11.27542632257862117485372544962316
0.2947483618221032 1.0287184228649562 -11.27542632258410784139159564685828
0.2965790960040116 1.0287931028979083 -11.27542632258959450806167420694052
0.2984098301871883 1.0288677818262059 -11.27542632259508117472486788401240
0.3002405643736703 1.0289424596550377 -11.27542632260056784171550858386829
0.3020712985654945 1.0290171363685128 -11.27542632260605450744071479283798
0.3039020327646979 1.0290918119567696 -11.27542632261154117302424055169611
0.3057327669733173 1.0291664864137077 -11.27542632261702784039340158538864
0.3075635011933883 1.0292411597156649 -11.27542632262251450694495101953772
0.3093942354269481 1.0293158318724149 -11.27542632262800117427789624283065
0.3112249696760353 1.0293905028543397 -11.27542632263348784023505940464563
0.3130557039426852 1.0294651726769463 -11.27542632263897450776895576937780
0.3148864382289347 1.0295398412931192 -11.27542632264446117374419834145225
0.3167171725368210 1.0296145087361458 -11.27542632264994784189787135504142
0.3185479068683815 1.0296891749539786 -11.27542632265543450754505957264197
0.3203786412256534 1.0297638399777155 -11.27542632266092117512529126182032
0.3222093756106756 1.0298385037563739 -11.27542632266640784176335567003034
0.3240401100254842 1.0299131663211140 -11.27542632267189450867072505725523
0.3258708444721165 1.0299878276208916 -11.27542632267738117669890006558200
0.3277015789526086 1.0300624876830328 -11.27542632268286784296136979754289
0.3295323134689970 1.0301371464754707 -11.27542632268835451175659556917853
0.3313630480233202 1.0302118039918599 -11.27542632269384118008250186441291
0.3331937826176132 1.0302864602222191 -11.27542632269932784821487461762686
0.3350245172539133 1.0303611151718245 -11.27542632270481451729028781958260
0.3368552519342574 1.0304357688013489 -11.27542632271030118551524640719062
0.3386859866606843 1.0305104211171675 -11.27542632271578785487491239797962
0.3405167214352296 1.0305850721250932 -11.27542632272127452428478309640844
0.3423474562599322 1.0306597217823130 -11.27542632272676119263729628817907
0.3441781911368272 1.0307343701087766 -11.27542632273224786301720593004329
0.3460089260679511 1.0308090170696995 -11.27542632273773453367103134069057
0.3478396610553432 1.0308836626683978 -11.27542632274322120392648925625921
0.3496703961010383 1.0309583069051287 -11.27542632274870787476106288109298
0.3515011312070734 1.0310329497460191 -11.27542632275419454647988322601590
0.3533318663754855 1.0311075912050312 -11.27542632275968121827938181339943
0.3551626016083117 1.0311822312540437 -11.27542632276516788967794144522268
0.3569933369075913 1.0312568698968432 -11.27542632277065456135092633949663
0.3588240722753589 1.0313315071038670 -11.27542632277614123384101686889444
0.3606548077136513 1.0314061428853422 -11.27542632278162790596939181393252
0.3624855432245056 1.0314807772239751 -11.27542632278711457798743477468127
0.3643162788099589 1.0315554101097969 -11.27542632279260125057687814009644
0.3661470144720482 1.0316300415328849 -11.27542632279808792406644115553141
0.3679777502128129 1.0317046714831319 -11.27542632280357459828690000654982
0.3698084860342900 1.0317792999508487 -11.27542632280906127180080115972267
0.3716392219385146 1.0318539269293731 -11.27542632281454794572149103776271
0.3734699579275256 1.0319285523960116 -11.27542632282003462009313027800034
0.3753006940033573 1.0320031763608978 -11.27542632282552129619911094492702
0.3771314301680474 1.0320777987929121 -11.27542632283100797113857026848312
0.3789621664236342 1.0321524197033484 -11.27542632283649464634505943957510
0.3807929027721526 1.0322270390622152 -11.27542632284198132240839212445565
0.3826236392156394 1.0323016568785155 -11.27542632284746799743849878845393
0.3844543757561315 1.0323762731233911 -11.27542632285295467316440632984459
0.3862851123956657 1.0324508878058760 -11.27542632285844134914553197036187
0.3881158491362790 1.0325255008970703 -11.27542632286392802499828617640046
0.3899465859800083 1.0326001124026966 -11.27542632286941470250034816556560
0.3917773229288928 1.0326747223066486 -11.27542632287490137991794035453000
0.3936080599849671 1.0327493305889142 -11.27542632288038805734114537195786
0.3954387970417315 1.0328239372509031 -11.27542632288587473409298462919925
0.3972695339912927 1.0328985422624727 -11.27542632289136141082734504060501
0.3991002708356899 1.0329731456354921 -11.27542632289684808775890566571181
0.4009310075769577 1.0330477473399256 -11.27542632290233476439825573591013
0.4027617442171329 1.0331223473696827 -11.27542632290782144062369480280601
0.4045924807582525 1.0331969457310040 -11.27542632291330811677437597773452
0.4064232172023534 1.0332715423909479 -11.27542632291879479233292536348903
0.4082539535514703 1.0333461373627256 -11.27542632292428146799806140071611
0.4100846898076418 1.0334207306177847 -11.27542632292976814296226555926570
0.4119154259729054 1.0334953221486689 -11.27542632293525481704607199813606
0.4137461620492982 1.0335699119559923 -11.27542632294074149204198595374259
0.4155768980388570 1.0336445000238158 -11.27542632294622816523811370358278
0.4174076339436188 1.0337190863422818 -11.27542632295171483969584604560958
0.4192383697656186 1.0337936709014468 -11.27542632295720151271867165964541
0.4210691055068948 1.0338682536913691 -11.27542632296268818581554676810170
0.4228998411694849 1.0339428347035486 -11.27542632296817485830064729460977
0.4247305767554260 1.0340174139307791 -11.27542632297366152990213523751745
0.4265613122667550 1.0340919913472689 -11.27542632297914820168502695238200
0.4283920477055064 1.0341665669610933 -11.27542632298463487216601882071282
0.4302227830737197 1.0342411407560221 -11.27542632299012154347544455831736
0.4320535183734319 1.0343157127223076 -11.27542632299560821296444141701523
0.4338842536066801 1.0343902828499711 -11.27542632300109488320878409206639
0.4357149887754987 1.0344648511290990 -11.27542632300658155319287351417347
0.4375457238819274 1.0345394175497780 -11.27542632301206822246929723282665
0.4393764589280029 1.0346139821020947 -11.27542632301755489162890429132024
0.4412071939157602 1.0346885447761361 -11.27542632302304156104812674775627
0.4430379288472379 1.0347631055619895 -11.27542632302852822902249757792497
0.4448686637244715 1.0348376644553923 -11.27542632303401489777225108137200
0.4466993985494975 1.0349122214290719 -11.27542632303950156490045403412390
0.4485301333243534 1.0349867764925094 -11.27542632304498823354861601881184
0.4503608680510763 1.0350613296266710 -11.27542632305047489989798700239457
0.4521916027317050 1.0351358808230878 -11.27542632305596156796474845518510
0.4540223373682747 1.0352104300718440 -11.27542632306144823548745758700690
0.4558530719628225 1.0352849773579441 -11.27542632306693490325394684861622
0.4576838065173857 1.0353595226874068 -11.27542632307242157082224272237285
0.4595145410340006 1.0354340660284429 -11.27542632307790823833369767501883
0.4613452755147050 1.0355086073919506 -11.27542632308339490588261569233715
0.4631760099615372 1.0355831467484811 -11.27542632308888157202001008541868
0.4650067443765325 1.0356576841089211 -11.27542632309436823897675471712370
0.4668374787617284 1.0357322194412387 -11.27542632309985490589483778057964
0.4686682131191614 1.0358067527563665 -11.27542632310534157329654937648060
0.4704989474508686 1.0358812840290085 -11.27542632311082824143230457532018
0.4723296817588873 1.0359558132541907 -11.27542632311631490882991860156416
0.4741604160452543 1.0360303404284240 -11.27542632312180157608226285672356
0.4759911503120068 1.0361048655257843 -11.27542632312728824383071121543341
0.4778218845611819 1.0361793885588990 -11.27542632313277491169120471156119
0.4796526187948167 1.0362539094884157 -11.27542632313826157891048334200960
0.4814833530149482 1.0363284283432692 -11.27542632314374824646492967337635
0.4833140872236136 1.0364029450701150 -11.27542632314923491343772439927945
0.4851448214228500 1.0364774597026726 -11.27542632315472157974427075590218
0.4869755556146942 1.0365519721874064 -11.27542632316020824670842641987375
0.4888062898011837 1.0366264825580054 -11.27542632316569491430229561209106
0.4906370239843556 1.0367009907609259 -11.27542632317118158103682549108719
0.4924677581662467 1.0367754968255759 -11.27542632317666824853037302084307
0.4942984923488954 1.0368500007171975 -11.27542632318215491635018990833849
0.4961292265343376 1.0369245024294421 -11.27542632318764158232044347230992
0.4979599607246113 1.0369990019609054 -11.27542632319312824927290269897031
0.4997906949217523 1.0370734993033584 -11.27542632319861491661554827203497
0.5016214291277979 1.0371479944360841 -11.27542632320410158367275336622132
0.5034521633447849 1.0372224873579682 -11.27542632320958825034499464561882
0.5052828975747505 1.0372969780413006 -11.27542632321507491757294126588627
0.5071136318197318 1.0373714664990085 -11.27542632322056158486176419832343
0.5089443660817658 1.0374459527104147 -11.27542632322604825203641087390889
0.5107751003628896 1.0375204366683805 -11.27542632323153491984670321012763
0.5126058346651403 1.0375949183601682 -11.27542632323702158619667386158801
0.5144365689905550 1.0376693977771845 -11.27542632324250825353073996325187
0.5162673033411706 1.0377438749097314 -11.27542632324799492111331008678564
0.5180980377190243 1.0378183497537175 -11.27542632325348158740695291022527
0.5199287721261532 1.0378928222798830 -11.27542632325896825433843280159176
0.5217595065645942 1.0379672924997475 -11.27542632326445492220488172722053
0.5235902410363845 1.0380417603953673 -11.27542632326994159009252640878517
0.5254209755435610 1.0381162259569857 -11.27542632327542825802900861234542
0.5272517100881606 1.0381906891747026 -11.27542632328091492635551451902205
0.5290824446722205 1.0382651500386180 -11.27542632328640159401450631890864
0.5309131792977776 1.0383396085388322 -11.27542632329188826175977306248805
0.5327439139668688 1.0384140646654460 -11.27542632329737492940592161015980
0.5345746486815312 1.0384885184085604 -11.27542632330286159794443517760970
0.5364053834438018 1.0385629697582765 -11.27542632330834826708396115674210
0.5382361182557175 1.0386374187046960 -11.27542632331383493553827781733689
0.5400668531193154 1.0387118652379208 -11.27542632331932160539287299593416
0.5418975880366327 1.0387863093480531 -11.27542632332480827561709669200682
0.5437283230097063 1.0388607510199985 -11.27542632333029494597228701618458
0.5455590580405733 1.0389351902589576 -11.27542632333578161632411032770759
0.5473897931312707 1.0390096270351992 -11.27542632334126828677605831058567
0.5492205282838355 1.0390840613587331 -11.27542632334675495762587476140021
0.5510512635003047 1.0391584931997265 -11.27542632335224162895189667368762
0.5528819987827147 1.0392329225695309 -11.27542632335772829962182005501449
0.5547127341331031 1.0393073494408390 -11.27542632336321497091517030725459
0.5565434695535064 1.0393817738098784 -11.27542632336870164194503673843873
0.5583742050459596 1.0394561956679913 -11.27542632337418831564275517117667
0.5602049406125014 1.0395306150028817 -11.27542632337967498857163871811305
0.5620356762551689 1.0396050318058358 -11.27542632338516166185439776265437
0.5638664119759967 1.0396794460669494 -11.27542632339064833453575299094515
0.5656971477770215 1.0397538577763190 -11.27542632339613500745738526896316
0.5675278836602809 1.0398282669240598 -11.27542632340162168281456866725201
0.5693586196278139 1.0399026735002787 -11.27542632340710835661095547398445
0.5711893556816548 1.0399770774986774 -11.27542632341259503223380051371515
0.5730200918238406 1.0400514788968275 -11.27542632341808170734656346455012
0.5748508280564087 1.0401258777039487 -11.27542632342356838310624359360862
0.5766815643813962 1.0402002738897420 -11.27542632342905505902643478532856
0.5785123008008399 1.0402746674647274 -11.27542632343454173484973393749737
0.5803430373167790 1.0403490583986599 -11.27542632344002841104128227411876
0.5821737739312482 1.0404234467020110 -11.27542632344551508667815880513118
0.5840045106462866 1.0404978323445164 -11.27542632345100176314303677666132
0.5858352474639294 1.0405722153366729 -11.27542632345648843998454233229016
0.5876659843862153 1.0406465956466827 -11.27542632346197511712091807951196
0.5894967214151781 1.0407209732857569 -11.27542632346746179390082930240508
0.5913274584992174 1.0407953482156741 -11.27542632347294847140881350518081
0.5931581954755388 1.0408697204418443 -11.27542632347843514755726704683916
0.5949889323461845 1.0409440899491219 -11.27542632348392182461067758750731
0.5968196691131879 1.0410184567276476 -11.27542632348940850048237360003554
0.5986504057785857 1.0410928207675352 -11.27542632349489517541909100270403
0.6004811423444150 1.0411671820588981 -11.27542632350038185186818103559223
0.6023118788127127 1.0412415405918504 -11.27542632350586852678984101954118
0.6041426151855163 1.0413158963565067 -11.27542632351135520123993906181733
0.6059733514648652 1.0413902493429819 -11.27542632351684187546125481759079
0.6078040876527906 1.0414645995413911 -11.27542632352232854884418365084787
0.6096348237513301 1.0415389469418501 -11.27542632352781522223905782683961
0.6114655597625234 1.0416132915344749 -11.27542632353330189611715190630152
0.6132962956884075 1.0416876333154268 -11.27542632353878856906749947121568
0.6151270315310172 1.0417619722562863 -11.27542632354427524162089779901297
0.6169577672923938 1.0418363083772392 -11.27542632354976191273603865483538
0.6187885029745721 1.0419106416332047 -11.27542632355524858682030727234217
0.6206192385795892 1.0419849720385647 -11.27542632356073525906290380154708
0.6224499741094823 1.0420592995767409 -11.27542632356622193076093968352877
0.6242807095662876 1.0421336242378329 -11.27542632357170860107489251518926
0.6261114449520399 1.0422079460114795 -11.27542632357719527252680568526976
0.6279421802687763 1.0422822648905647 -11.27542632358268194286946314315751
0.6297729155185337 1.0423565808613580 -11.27542632358816861251788273072627
0.6316036507033491 1.0424308939200553 -11.27542632359365528251462207007907
0.6334343858252597 1.0425052040412694 -11.27542632359914195165798068415181
0.6352651208863044 1.0425795112327991 -11.27542632360462862114023844586313
0.6370958558885188 1.0426538154781839 -11.27542632361011528981464701907631
0.6389265908339411 1.0427281167675179 -11.27542632361560195751045727758883
0.6407573257246073 1.0428024150909244 -11.27542632362108862440209954867056
0.6425880605625558 1.0428767104385253 -11.27542632362657529108283414659086
0.6444187953498218 1.0429510028004432 -11.27542632363206195793494892861305
0.6462495300884421 1.0430252921668010 -11.27542632363754862468446678847261
0.6480802647804558 1.0430995785352700 -11.27542632364303529157621534954123
0.6499109994278975 1.0431738618743407 -11.27542632364852195784712184477241
0.6517417340328047 1.0432481422008142 -11.27542632365400862452714132617663
0.6535724685972142 1.0433224194795804 -11.27542632365949529019762931806241
0.6554032031231648 1.0433966937200404 -11.27542632366498195733871362953587
0.6572339376126919 1.0434709649055479 -11.27542632367046862336956157798269
0.6590646720678341 1.0435452330263530 -11.27542632367595528979415805686993
0.6608954064906270 1.0436194980741254 -11.27542632368144195660293953651956
0.6627261408831090 1.0436937600419271 -11.27542632368692862387563328804752
0.6645568752473157 1.0437680189079012 -11.27542632369241529057396128876672
0.6663876095852842 1.0438422746712904 -11.27542632369790195689483959485891
0.6682183438990517 1.0439165273206162 -11.27542632370338862358642761062113
0.6700490781906548 1.0439907768460067 -11.27542632370887529058046224462800
0.6718798124621306 1.0440650232375905 -11.27542632371436195753209240370470
0.6737105467155162 1.0441392664854965 -11.27542632371984862493483907009811
0.6755412809528488 1.0442135065798539 -11.27542632372533529193307472434106
0.6773720151761654 1.0442877435107927 -11.27542632373082195943494611459998
0.6792027493875031 1.0443619772684429 -11.27542632373630862664100310110064
0.6810334835888990 1.0444362078429351 -11.27542632374179529403371158771774
0.6828642177823901 1.0445104352244005 -11.27542632374728196127592089504500
0.6846949519700137 1.0445846594029784 -11.27542632375276862894900405665960
0.6865256861538067 1.0446588803621375 -11.27542632375825529570482337287683
0.6883564203358062 1.0447330981053726 -11.27542632376374196307335362036937
0.6901871545180493 1.0448073126159642 -11.27542632376922863015507758446915
0.6920178887025729 1.0448815238841955 -11.27542632377471529845704144999171
0.6938486228914143 1.0449557319002036 -11.27542632378020196615260049079718
0.6956793570866104 1.0450299366591919 -11.27542632378568863422305672813103
0.6975100912901984 1.0451041381356215 -11.27542632379117530095331006337110
0.6993408255042154 1.0451783363408529 -11.27542632379666196929105983018607
0.7011715597306983 1.0452525312437509 -11.27542632380214863756810784507955
0.7030022939716842 1.0453267228557400 -11.27542632380763530581004616087701
0.7048330282292103 1.0454009111456580 -11.27542632381312197488368114617422
0.7066637625053135 1.0454750961248893 -11.27542632381860864309229007288427
0.7084944968020309 1.0455492777623534 -11.27542632382409531076424549840847
0.7103252311213997 1.0456234560756973 -11.27542632382958197937330217677203
0.7121559654654569 1.0456976310131166 -11.27542632383506864844448705783760
0.7139866998362396 1.0457718026088483 -11.27542632384055531620002786106123
0.7158174342357847 1.0458459708231821 -11.27542632384604198606416215415001
0.7176481686661294 1.0459201356677176 -11.27542632385152865453940535558657
0.7194789031293107 1.0459942971112785 -11.27542632385701532272870175415025
0.7213096376273656 1.0460684551653328 -11.27542632386250199131068771168140
0.7231403721623313 1.0461426097986812 -11.27542632386798865916680690490363
0.7249711067362448 1.0462167610228193 -11.27542632387347532781315681790240
0.7268018413511430 1.0462909088065214 -11.27542632387896199593542976914400
0.7286325760090629 1.0463650531613037 -11.27542632388444866448669561814972
0.7304633107120417 1.0464391940559231 -11.27542632388993533348370227980879
0.7322940454621163 1.0465133315019231 -11.27542632389542200365468844722473
0.7341247802613238 1.0465874654735377 -11.27542632390090867359822017650380
0.7359555151117011 1.0466615959661929 -11.27542632390639534342155461673297
0.7377862500152853 1.0467357229699433 -11.27542632391188201432560131943017
0.7396169849741135 1.0468098464749451 -11.27542632391736868519017112062234
0.7414477199902227 1.0468839664726528 -11.27542632392285535562562092076240
0.7432784550656501 1.0469580829505179 -11.27542632392834202632585393932306
0.7451091902024324 1.0470321958947290 -11.27542632393382869767890282090171
0.7469399254026068 1.0471063053113375 -11.27542632393931536971293889840185
0.7487706606682103 1.0471804111692538 -11.27542632394480204159774942029545
0.7506013960012799 1.0472545134747925 -11.27542632395028871405037739555800
0.7524321314038527 1.0473286122126719 -11.27542632395577538623601267498100
0.7542628668779656 1.0474027073729596 -11.27542632396126205964255871088843
0.7560936024256558 1.0474767989458186 -11.27542632396674873283066242422901
0.7579243380489599 1.0475508869213963 -11.27542632397223540487077462546573
0.7597550737499151 1.0476249712898423 -11.27542632397772207810783550365686
0.7615858095305583 1.0476990520413065 -11.27542632398320875183429504843690
0.7634165453929263 1.0477731291591056 -11.27542632398869542590028215463553
0.7652472813390561 1.0478472026534213 -11.27542632399418209992315416209082
0.7670780173709847 1.0479212724947363 -11.27542632399966877463969622352279
0.7689087534907490 1.0479953386796990 -11.27542632400515544871480937313688
0.7707394897003862 1.0480694011984465 -11.27542632401064212342872069780909
0.7725702260019332 1.0481434600395296 -11.27542632401612879911895850744244
0.7744009623974268 1.0482175151974952 -11.27542632402161547484189489018179
0.7762316988889041 1.0482915666635845 -11.27542632402710215005270247319595
0.7780624354784018 1.0483656144132062 -11.27542632403258882582084809649360
0.7798931721679569 1.0484396584629656 -11.27542632403807550179020390184673
0.7817239089596063 1.0485136987649914 -11.27542632404356217853999156753969
0.7835546458553869 1.0485877353543665 -11.27542632404904885632848345353301
0.7853853828573354 1.0486617681802954 -11.27542632405453553356386794073413
0.7872161199674889 1.0487357972514148 -11.27542632406002221109331166423848
0.7890468569707273 1.0488098225490170 -11.27542632406550888870562084010421
0.7908775938677727 1.0488838440632766 -11.27542632407099556527974226550327
0.7927083306606642 1.0489578617843514 -11.27542632407648224135841816032173
0.7945390673514365 1.0490318757024011 -11.27542632408196891755235323363234
0.7963698039421287 1.0491058858075860 -11.27542632408745559404613969218556
0.7982005404347778 1.0491798920900666 -11.27542632409294226856884352642315
0.8000312768314184 1.0492538945400042 -11.27542632409842894450110648789195
0.8018620131340896 1.0493278931475602 -11.27542632410391561820696178367196
0.8036927493448258 1.0494018878972727 -11.27542632410940229296196291529181
0.8055234854656639 1.0494758787970999 -11.27542632411488896695263134795932
0.8073542214986410 1.0495498658183594 -11.27542632412037564175225255014134
0.8091849574457939 1.0496238489579551 -11.27542632412586231465719878270463
0.8110156933091598 1.0496978282059848 -11.27542632413134898746180190638137
0.8128464290907755 1.0497718035525816 -11.27542632413683565993115389641420
0.8146771647926781 1.0498457749895499 -11.27542632414232233159832020004365
0.8165079004169046 1.0499197425101876 -11.27542632414780900288684565509650
0.8183386359654920 1.0499937060948757 -11.27542632415329567438033395961176
0.8201693714404773 1.0500676657372890 -11.27542632415878234562825157542929
0.8220001068438974 1.0501416214345395 -11.27542632416426901527141220002334
0.8238308421777895 1.0502155731602760 -11.27542632416975568587020230359470
0.8256615774441905 1.0502895209269077 -11.27542632417524235591983653454471
0.8274923126451373 1.0503634647023496 -11.27542632418072902622220933297940
0.8293230477826688 1.0504374044990298 -11.27542632418621569494317688735666
0.8311537828588196 1.0505113402905308 -11.27542632419170236424154330506285
0.8329845178756269 1.0505852720667709 -11.27542632419718903312252096786960
0.8348152528351278 1.0506591998347870 -11.27542632420267570193762289337411
0.8366459877393593 1.0507331235667360 -11.27542632420816236991602795530722
0.8384767225903587 1.0508070432554019 -11.27542632421364903752668242761729
0.8403074573901632 1.0508809589061860 -11.27542632421913570351965841604636
0.8421381921408113 1.0509548704872140 -11.27542632422462237080667474110246
0.8439689268443380 1.0510287780107782 -11.27542632423010903716586218347759
0.8457996615027803 1.0511026814449274 -11.27542632423559570372198339440090
0.8476303961181755 1.0511765807980058 -11.27542632424108237031454082245753
0.8494611306925603 1.0512504760572146 -11.27542632424656903684051516547508
0.8512918652279738 1.0513243671973594 -11.27542632425205570285186855731650
0.8531225997264512 1.0513982542269865 -11.27542632425754236847747952370370
0.8549533341900294 1.0514721371278402 -11.27542632426302903514135720700894
0.8567840686207456 1.0515460158913429 -11.27542632426851570209629417321431
0.8586148030206369 1.0516198905131841 -11.27542632427400236873978096981806
0.8604455373917403 1.0516937609655368 -11.27542632427948903546498794843749
0.8622762717360929 1.0517676272582488 -11.27542632428497570249362831350991
0.8641070060557335 1.0518414893744623 -11.27542632429046236859613829460469
0.8659377403526974 1.0519153473042805 -11.27542632429594903523033436276223
0.8677684746290218 1.0519892010378841 -11.27542632430143570217092563842377
0.8695992088867437 1.0520630505654543 -11.27542632430692236889273381074547
0.8714299431279002 1.0521368958771734 -11.27542632431240903610754655281204
0.8732606773545282 1.0522107369632201 -11.27542632431789570326016530030686
0.8750914115686649 1.0522845738191770 -11.27542632432338237022300622026832
0.8769221457723474 1.0523584064229320 -11.27542632432886903715444534697854
0.8787528799676128 1.0524322347672625 -11.27542632433435570465363907903094
0.8805836141564981 1.0525060588577506 -11.27542632433984237249031899827332
0.8824143483410405 1.0525798786680559 -11.27542632434532904010464180396512
0.8842450825232771 1.0526536941979560 -11.27542632435081570772057866926719
0.8860758167052449 1.0527275054235402 -11.27542632435630237520548975363878
0.8879065508889810 1.0528013123562598 -11.27542632436178904317386670760637
0.8897372850765223 1.0528751149636486 -11.27542632436727571042785587971835
0.8915680192699061 1.0529489132585222 -11.27542632437276237896390454126204
0.8933987534711693 1.0530227072142661 -11.27542632437824904600766197033562
0.8952294876823491 1.0530964968266310 -11.27542632438373571392943527438380
0.8970602219054825 1.0531702820857514 -11.27542632438922238117536480702812
0.8988909561426067 1.0532440629818078 -11.27542632439470904885254267975638
0.9007216903957587 1.0533178395049594 -11.27542632440019571651894785860111
0.9025524246669755 1.0533916116454629 -11.27542632440568238380899481844075
0.9043831589582943 1.0534653793934771 -11.27542632441116905122165618249916
0.9062138932717521 1.0535391427391943 -11.27542632441665571928571267209484
0.9080446276093861 1.0536129016728088 -11.27542632442214238779969236619979
0.9098753619732334 1.0536866561845126 -11.27542632442762905563183572722585
0.9117060963653310 1.0537604062644997 -11.27542632443311572306750259940182
0.9135368307877160 1.0538341519029650 -11.27542632443860239192524749556816
0.9153675652424255 1.0539078930901039 -11.27542632444408906017103078578105
0.9171982997314965 1.0539816298161121 -11.27542632444957572815015726701918
0.9190290342569661 1.0540553620711862 -11.27542632445506239626491556654627
0.9208597688208713 1.0541290898455232 -11.27542632446054906560880907649072
0.9226905034252493 1.0542028131293210 -11.27542632446603573416321965284926
0.9245212380721370 1.0542765319127764 -11.27542632447152240369561640206893
0.9263519727635715 1.0543502461860886 -11.27542632447700907256367663993164
0.9281827075015896 1.0544239559394599 -11.27542632448249574085123082361280
0.9300134422882285 1.0544976611630858 -11.27542632448798241052243258397169
0.9318441771255250 1.0545713618471720 -11.27542632449346908117579110744013
0.9336749120155164 1.0546450579819198 -11.27542632449895575104053781092864
0.9355056469602396 1.0547187495575305 -11.27542632450444242200396388453377
0.9373363819617317 1.0547924365642063 -11.27542632450992909190642657198424
0.9391671170220299 1.0548661189921505 -11.27542632451541576366012511498277
0.9409978521431711 1.0549397968315627 -11.27542632452090243450572514835607
0.9428285873271924 1.0550134700781595 -11.27542632452638910640886856502612
0.9446593225761307 1.0550871387051940 -11.27542632453187577861002648884573
0.9464900578920230 1.0551608027256922 -11.27542632453736245029819386355603
0.9483207932769065 1.0552344621070907 -11.27542632454284912264727801710917
0.9501515287328180 1.0553081168623803 -11.27542632454833579555733385134975
0.9519822642617946 1.0553817669589785 -11.27542632455382246843533781419686
0.9538129998658733 1.0554554124057821 -11.27542632455930914091976579641881
0.9556437355470910 1.0555290531899702 -11.27542632456479581431099909046107
0.9574744713074848 1.0556026892859134 -11.27542632457028248834035285558838
0.9593052071490915 1.0556763207069432 -11.27542632457576916092743967811005
0.9611359430739483 1.0557499474202306 -11.27542632458125583599027445577086
0.9629666790840920 1.0558235694332218 -11.27542632458674250915250813725532
0.9647974151815596 1.0558971867361115 -11.27542632459222918436781229576747
0.9666281513683880 1.0559707993077749 -11.27542632459771585953237775743345
0.9684588876466142 1.0560444071381926 -11.27542632460320253471442372037403
0.9702896240182752 1.0561180102348753 -11.27542632460868920957328360038312
0.9721203604854078 1.0561916085650367 -11.27542632461417588502274025319212
0.9739510970500490 1.0562652021420286 -11.27542632461966256086461732693256
0.9757818337142358 1.0563387909328211 -11.27542632462514923588801486527723
0.9776125704800050 1.0564123749508765 -11.27542632463063591190534830642639
0.9794433073493935 1.0564859541677063 -11.27542632463612258821327336964233
0.9812740443244383 1.0565595285762524 -11.27542632464160926333418740317512
0.9831047814071761 1.0566330981704497 -11.27542632464709594152916275721675
0.9849355184374515 1.0567066629324746 -11.27542632465258261835065511362485
0.9867662553610217 1.0567802228524718 -11.27542632465806929512902598331050
0.9885969921799237 1.0568537779206892 -11.27542632466355597166511924080671
0.9904277288961944 1.0569273281287477 -11.27542632466904264723540648950276
0.9922584655118705 1.0570008734696054 -11.27542632467452932252619085186744
0.9940892020289892 1.0570744139177346 -11.27542632468001599785879172807757
0.9959199384495873 1.0571479494864858 -11.27542632468550267269356739050055
0.9977506747757017 1.0572214801489133 -11.27542632469098934664152081002654
0.9995814110093695 1.0572950058951107 -11.27542632469647602023337161468210
1.0014121471526274 1.0573685267282748 -11.27542632470196269381359835901857
1.0032428832075124 1.0574420426357494 -11.27542632470744936706494587602230
1.0050736191760616 1.0575155535976322 -11.27542632471293604008196332734720
1.0069043550603118 1.0575890596041789 -11.27542632471842271216278415983813
1.0087350908623001 1.0576625606629135 -11.27542632472390938452855425825832
1.0105658265840635 1.0577360567408837 -11.27542632472939605658864125518712
1.0123965622276390 1.0578095478516378 -11.27542632473488272795307137087254
1.0142272977950640 1.0578830339621018 -11.27542632474036939898247277799379
1.0160580332883773 1.0579565150858232 -11.27542632474585606960105945112860
1.0178887687096135 1.0580299911896833 -11.27542632475134274039069830996043
1.0197195040608099 1.0581034622872755 -11.27542632475682941085276394582689
1.0215502393440033 1.0581769283514109 -11.27542632476231608097310213147494
1.0233809745612307 1.0582503893722513 -11.27542632476780274967298137311735
1.0252117097145293 1.0583238453574040 -11.27542632477328941894886562416200
1.0270424448059360 1.0583972962798197 -11.27542632477877608849821398102131
1.0288731798374878 1.0584707421295336 -11.27542632478426275818652909981913
1.0307039148112237 1.0585441829143510 -11.27542632478974942760298938249436
1.0325346497291786 1.0586176186056869 -11.27542632479523609662082791437314
1.0343653845933895 1.0586910491965734 -11.27542632480072276404009117684756
1.0361961194058936 1.0587644746888988 -11.27542632480620943120288806871323
1.0380268541687277 1.0588378950699997 -11.27542632481169609882562879043790
1.0398575888839289 1.0589113103199149 -11.27542632481718276576210650829752
1.0416883235535342 1.0589847204288310 -11.27542632482266943284281122047575
1.0435190581795807 1.0590581254044851 -11.27542632482815609920116446502751
1.0453497927641055 1.0591315252197309 -11.27542632483364276624469060649428
1.0471805273091457 1.0592049198646479 -11.27542632483912943300979140561402
1.0490112618167400 1.0592783093428428 -11.27542632484461610018507076796848
1.0508419962889239 1.0593516936414578 -11.27542632485010276734140583919414
1.0526727307277342 1.0594250727346325 -11.27542632485558943466973338965384
1.0545034651352081 1.0594984466361000 -11.27542632486107610103324034684940
1.0563341995133828 1.0595718153126845 -11.27542632486656276823913317829229
1.0581649338642951 1.0596451787721873 -11.27542632487204943510924689340494
1.0599956681899822 1.0597185370047232 -11.27542632487753610292019032298827
1.0618264024924812 1.0597918899804473 -11.27542632488302276953964472261418
1.0636571367738290 1.0598652377254957 -11.27542632488850943668612367216134
1.0654878710360628 1.0599385801869909 -11.27542632489399610393641697446269
1.0673186052812195 1.0600119173867398 -11.27542632489948277058490481539096
1.0691493395113363 1.0600852493111701 -11.27542632490496943920322875183701
1.0709800737284502 1.0601585759357016 -11.27542632491045610533807442178243
1.0728108079345982 1.0602318972530792 -11.27542632491594277323166671007665
1.0746415421318174 1.0603052132672164 -11.27542632492142943952822190031412
1.0764722763221448 1.0603785239684650 -11.27542632492691610805911351739933
1.0783030105076174 1.0604518293263371 -11.27542632493240277540240548632957
1.0801337446902722 1.0605251293498687 -11.27542632493788944145103691154527
1.0819644788721461 1.0605984240310197 -11.27542632494337610804309162500633
1.0837952130552763 1.0606717133398698 -11.27542632494886277449578419685560
1.0856259472416999 1.0607449972837089 -11.27542632495434944119829275388613
1.0874566814334537 1.0608182758575412 -11.27542632495983610872575113032098
1.0892874156325749 1.0608915490282452 -11.27542632496532277556440181081470
1.0911181498411005 1.0609648168108391 -11.27542632497080944402739854938102
1.0929488840610674 1.0610380791821546 -11.27542632497629611028291876466909
1.0947796182945129 1.0611113361285127 -11.27542632498178277722808487724732
1.0966103525434738 1.0611845876635273 -11.27542632498726944491027063512313
1.0984410868099888 1.0612578337525221 -11.27542632499275611208309027254391
1.1002718210960934 1.0613310743942520 -11.27542632499824277991104600461189
1.1021025554038247 1.0614043095791827 -11.27542632500372944813870614915613
1.1039332897352196 1.0614775392975562 -11.27542632500921611621536718074275
1.1057640240923152 1.0615507635396321 -11.27542632501470278387522056501328
1.1075947584771485 1.0616239822956775 -11.27542632502018945130044080247206
1.1094254928917566 1.0616971955559537 -11.27542632502567612065452490319474
1.1112562273381763 1.0617704033107481 -11.27542632503116278933973276774970
1.1130869618184449 1.0618436055503147 -11.27542632503664945772056873904082
1.1149176963345994 1.0619168022649125 -11.27542632504213612746569335437611
1.1167484308886768 1.0619899934506521 -11.27542632504762279493158250430229
1.1185791654827143 1.0620631790799243 -11.27542632505310946514728814436343
1.1204099001187489 1.0621363591669163 -11.27542632505859613200132026599712
1.1222406347988176 1.0622095336781125 -11.27542632506408280117159562717152
1.1240713695249574 1.0622827026276050 -11.27542632506956946905421645061320
1.1259021042992054 1.0623558659818327 -11.27542632507505613837312419198926
1.1277328391235986 1.0624290237549128 -11.27542632508054280744619031106577
1.1295635740001739 1.0625021759132642 -11.27542632508602947756768740309082
1.1313943089309685 1.0625753224710203 -11.27542632509151614719137363890871
1.1332250439180193 1.0626484633945875 -11.27542632509700281764667378585236
1.1350557789633634 1.0627215986981198 -11.27542632510248948774649855179806
1.1368865140690378 1.0627947283480041 -11.27542632510797615798814200253297
1.1387172492370795 1.0628678523584168 -11.27542632511346282773124408000025
1.1405479844695255 1.0629409706957254 -11.27542632511894949798192627095985
1.1423787197684128 1.0630140833741287 -11.27542632512443616951078904650151
1.1442094551357785 1.0630871903599746 -11.27542632512992284086688831377196
1.1460401905736595 1.0631602916674885 -11.27542632513540951272651493565925
1.1478709260840925 1.0632333872629929 -11.27542632514089618524856332164218
1.1497016616691147 1.0633064771607386 -11.27542632514638285772654223065517
1.1515323973307628 1.0633795613331760 -11.27542632515186953072016726195294
1.1533631330710740 1.0634526397764720 -11.27542632515735620404080823566702
1.1551938688920852 1.0635257124748204 -11.27542632516284287684418712115863
1.1570246047958331 1.0635987794379232 -11.27542632516832955112179887929605
1.1588553407843543 1.0636718406424628 -11.27542632517381622588481102605711
1.1606860768596832 1.0637448960643982 -11.27542632517930290027032628077496
1.1625168130238593 1.0638179457099040 -11.27542632518478957583914666418131
1.1643475492789169 1.0638909895756221 -11.27542632519027625070125690531438
1.1661782856268924 1.0639640276425098 -11.27542632519576292617392735756441
1.1680090220698234 1.0640370599099331 -11.27542632520124960185080152933761
1.1698397586097466 1.0641100863518001 -11.27542632520673627755768862611427
1.1716704952487017 1.0641831069688884 -11.27542632521222295416963915793256
1.1735012319887231 1.0642561217423131 -11.27542632521770962982462945039715
1.1753319688318475 1.0643291306791110 -11.27542632522319630646428488542757
1.1771627057801111 1.0644021337589944 -11.27542632522868298235733330044910
1.1789934428355515 1.0644751309769323 -11.27542632523416965981104564412596
1.1808241798930404 1.0645481223023183 -11.27542632523965633766315382484011
1.1826549168433119 1.0646211077360589 -11.27542632524514301412065727273959
1.1844856536884028 1.0646940872606135 -11.27542632525062969154983997477384
1.1863163904303501 1.0647670608860516 -11.27542632525611636785089573194954
1.1881471270711907 1.0648400285816706 -11.27542632526160304454537544702036
1.1899778636129614 1.0649129903523707 -11.27542632526708972201357383420488
1.1918086000576992 1.0649859461742813 -11.27542632527257639819482454792749
1.1936393364074410 1.0650588960447119 -11.27542632527806307383666360060728
1.1954700726642237 1.0651318399539646 -11.27542632528354974857837603432108
1.1973008088300842 1.0652047778847633 -11.27542632528903642390913647807394
1.1991315449070593 1.0652777098426539 -11.27542632529452309793614231841705
1.2009622808971861 1.0653506358103202 -11.27542632530000977237172020968633
1.2027930168025014 1.0654235557779498 -11.27542632530549644526410086262349
1.2046237526250422 1.0654964697357763 -11.27542632531098311819529872318661
1.2064544883668454 1.0655693776742519 -11.27542632531646979066935066623386
1.2082852240299480 1.0656422795837342 -11.27542632532195646400765145234288
1.2101159596163868 1.0657151754544872 -11.27542632532744313449077435792855
1.2119466951281989 1.0657880652768189 -11.27542632533292980461100063045018
1.2137774305674212 1.0658609490410360 -11.27542632533841647576296039679723
1.2156081659360906 1.0659338267374545 -11.27542632534390314643578860581015
1.2174389012362443 1.0660066983563860 -11.27542632534938981686608132957486
1.2192696364699192 1.0660795638881427 -11.27542632535487648603147855652422
1.2211003716391524 1.0661524233230339 -11.27542632536036315487690607747250
1.2229311067459808 1.0662252766451692 -11.27542632536584982360144796332456
1.2247618417924416 1.0662981238631074 -11.27542632537133649260739728271337
1.2265925767805718 1.0663709649430420 -11.27542632537682316004873141146111
1.2284233117124085 1.0664437999010489 -11.27542632538230982762062569881109
1.2302540465899887 1.0665166287000158 -11.27542632538779649474369649085261
1.2320847814153494 1.0665894513577703 -11.27542632539328316147664687726373
1.2339155161905277 1.0666622678371148 -11.27542632539876982785387644415689
1.2357462509175605 1.0667350781499177 -11.27542632540425649454702543749335
1.2375769855984850 1.0668078822726106 -11.27542632540974315850163478133374
1.2394077202353381 1.0668806802138347 -11.27542632541522982389033984484896
1.2412384548301569 1.0669534719441149 -11.27542632542071649016788766888800
1.2430691893849783 1.0670262574673336 -11.27542632542620315654700647664250
1.2448999239018393 1.0670990367555716 -11.27542632543168982352897397596592
1.2467306583827769 1.0671718098236294 -11.27542632543717648829049232035443
1.2485613928298282 1.0672445766435763 -11.27542632544266315523286726129070
1.2503921272450303 1.0673173372118783 -11.27542632544814981984594557057737
1.2522228616304202 1.0673900915187576 -11.27542632545363648653835489289587
1.2540535959880350 1.0674628395545360 -11.27542632545912315193707786043335
1.2558843303199117 1.0675355813095570 -11.27542632546460981824097211922896
1.2577150646280874 1.0676083167741481 -11.27542632547009648379517962550485
1.2595457989145990 1.0676810459386394 -11.27542632547558314982821853019745
1.2613765331814836 1.0677537687933619 -11.27542632548106981542214755663164
1.2632072674307783 1.0678264853286473 -11.27542632548655648151739522484701
1.2650380016645200 1.0678991955348283 -11.27542632549204314847764570991218
1.2668687358847459 1.0679718994022382 -11.27542632549752981469670574329301
1.2686994700934929 1.0680445969212112 -11.27542632550301648130108041735751
1.2705302042927982 1.0681172880820824 -11.27542632550850314823429089840469
1.2723609384846987 1.0681899728751876 -11.27542632551398981578278306721115
1.2741916726712314 1.0682626512908636 -11.27542632551947648206279847255018
1.2760224068544336 1.0683353233194478 -11.27542632552496314934023210297639
1.2778531410363421 1.0684079889512786 -11.27542632553044981605676366662942
1.2796838752189942 1.0684806481766951 -11.27542632553593648314677438218094
1.2815146094044267 1.0685533009860378 -11.27542632554142314998915148892435
1.2833453435946769 1.0686259473696434 -11.27542632554690981807578190594784
1.2851760777917819 1.0686985873178755 -11.27542632555239648406838183782651
1.2870068119977787 1.0687712208225890 -11.27542632555788315148543177024305
1.2888375462147045 1.0688438478786973 -11.27542632556336981882118190256755
1.2906682804445962 1.0689164684564249 -11.27542632556885648607436348976290
1.2924990146894911 1.0689890825725191 -11.27542632557434315281253152143233
1.2943297489514261 1.0690616901925559 -11.27542632557982982045252517343095
1.2961604832324383 1.0691342913316581 -11.27542632558531648791807519988848
1.2979912175345648 1.0692068859553873 -11.27542632559080315425067016547992
1.2998219518598426 1.0692794740788875 -11.27542632559628982265558821690861
1.3016526862103087 1.0693520556677025 -11.27542632560177649003771279405966
1.3034834205880004 1.0694246307369974 -11.27542632560726315814020258240429
1.3053141549949547 1.0694971992522982 -11.27542632561274982606012777273958
1.3071448894332085 1.0695697612287912 -11.27542632561823649447666517013300
1.3089756239047989 1.0696423166319848 -11.27542632562372316219725541090729
1.3108063584117628 1.0697148654770861 -11.27542632562920983034494580206664
1.3126370929561375 1.0697874077295858 -11.27542632563469649883429317432629
1.3144678275399598 1.0698599434047118 -11.27542632564018316754464055539500
1.3162985621652668 1.0699324724679380 -11.27542632564566983609998429997841
1.3181292968340955 1.0700049949345128 -11.27542632565115650490942614167929
1.3199600315484830 1.0700775107698926 -11.27542632565664317398981257550715
1.3217907663104662 1.0701500199893467 -11.27542632566212984238002728289717
1.3236215011220823 1.0702225225646646 -11.27542632566761651117544613202275
1.3254522359853682 1.0702950184860969 -11.27542632567310318063564805400488
1.3272829709023608 1.0703675077625245 -11.27542632567858984951409811573909
1.3291137058750973 1.0704399903596706 -11.27542632568407651807496136122880
1.3309444409056146 1.0705124662865303 -11.27542632568956318837908320522354
1.3327751759959497 1.0705849355271493 -11.27542632569504985734959579929856
1.3346059111481395 1.0706573980720206 -11.27542632570053652811910101077492
1.3364366463642211 1.0707298539114139 -11.27542632570602319888294082791154
1.3382673816462314 1.0708023030356695 -11.27542632571150987034775622822693
1.3400981169962073 1.0708747454351754 -11.27542632571699654227709611336697
1.3419288524161859 1.0709471811002982 -11.27542632572248321472893609317170
1.3437595879082040 1.0710196100214067 -11.27542632572796988685892941277089
1.3455903234742987 1.0710920321888706 -11.27542632573345655959740772206819
1.3474210591165068 1.0711644475930607 -11.27542632573894323268690049236340
1.3492517948368653 1.0712368562258935 -11.27542632574442990633338809371670
1.3510825306374104 1.0713092580807561 -11.27542632574991657965978496360421
1.3529132665201769 1.0713816531308643 -11.27542632575540325381493575570656
1.3547440024872039 1.0714540413855651 -11.27542632576088992791086711832001
1.3565747385405261 1.0715264228351414 -11.27542632576637660202242902658546
1.3584054746821828 1.0715987974573907 -11.27542632577186327673671489258532
1.3602362109142085 1.0716711652427202 -11.27542632577734995056525890480031
1.3620669472386425 1.0717435262002850 -11.27542632578283662534340983593663
1.3638976836575193 1.0718158803016932 -11.27542632578832330079782944905663
1.3657284201728784 1.0718882275373191 -11.27542632579380997577376063550202
1.3675591567867532 1.0719605679117225 -11.27542632579929665197381912952606
1.3693898935011809 1.0720329014058739 -11.27542632580478332731022378680949
1.3712206303181981 1.0721052280116332 -11.27542632581027000447545839016626
1.3730513672398418 1.0721775477193994 -11.27542632581575668077632423251426
1.3748821042681487 1.0722498605174928 -11.27542632582124335800781839225463
1.3767128413529625 1.0723221663897318 -11.27542632582673003423934697841497
1.3785435783300462 1.0723944653265044 -11.27542632583221671157729221010194
1.3803743152014370 1.0724667573181995 -11.27542632583770338794194257584824
1.3822050519691717 1.0725390423552068 -11.27542632584319006589271922953924
1.3840357886352871 1.0726113204279170 -11.27542632584867674243278435487134
1.3858665252018202 1.0726835915267216 -11.27542632585416341809246549501046
1.3876972616708080 1.0727558556420131 -11.27542632585965009421944697458897
1.3895279980442871 1.0728281127641855 -11.27542632586513676971448170727523
1.3913587343242947 1.0729003628836285 -11.27542632587062344458101885757106
1.3931894705128675 1.0729726059907598 -11.27542632587611011945846763608706
1.3950202066120425 1.0730448420805462 -11.27542632588159679329685272968189
1.3968509426238566 1.0731170711276833 -11.27542632588708346707748252165496
1.3986816785503468 1.0731892931463064 -11.27542632589257013948239105520905
1.4005124143935500 1.0732615081015441 -11.27542632589805681304103548886610
1.4023431501555031 1.0733337160090671 -11.27542632590354348540936112496811
1.4041738858382433 1.0734059168339997 -11.27542632590903015714489309309867
1.4060046214438074 1.0734781105874493 -11.27542632591451682802137869208215
1.4078353569742329 1.0735502972502037 -11.27542632592000349967189766636961
1.4096660924315563 1.0736224768205069 -11.27542632592549017079874068514658
1.4114968278178145 1.0736946492697427 -11.27542632593097684083398426613801
1.4133275631350466 1.0737668146137279 -11.27542632593646351038508397144458
1.4151582983852875 1.0738389728174844 -11.27542632594195018007967916321493
1.4169890335705743 1.0739111238984329 -11.27542632594743684855708412915871
1.4188197686929438 1.0739832678248506 -11.27542632595292351842441753913149
1.4206505037544332 1.0740554045949597 -11.27542632595841018617605699952952
1.4224812387570794 1.0741275341991838 -11.27542632596389685344809475050934
1.4243119737029195 1.0741996566278902 -11.27542632596938352084502224267746
1.4261427085939904 1.0742717718695005 -11.27542632597487018805444674650077
1.4279734434323294 1.0743438799104327 -11.27542632598035685474836921434930
1.4298041782199757 1.0744159807628628 -11.27542632598584352177291004626194
1.4316349129589660 1.0744880743940572 -11.27542632599133018733814271164803
1.4334656476513358 1.0745601607934972 -11.27542632599681685414645209623767
1.4352963822991223 1.0746322399701334 -11.27542632600230351836038243358964
1.4371271169043624 1.0747043119054976 -11.27542632600779018260866325838074
1.4389578514690928 1.0747763765927139 -11.27542632601327684548369892568944
1.4407885859953505 1.0748484339963216 -11.27542632601876350945741952828121
1.4426193204851726 1.0749204841585137 -11.27542632602425017412400124595653
1.4444500549405961 1.0749925270097958 -11.27542632602973683848307694824992
1.4462807893636581 1.0750645625943852 -11.27542632603522350341797674919789
1.4481115237563957 1.0751365908552821 -11.27542632604071016815927614870825
1.4499422581208459 1.0752086118364980 -11.27542632604619683269946187020012
1.4517729924590458 1.0752806254733361 -11.27542632605168349830074139758161
1.4536037267730324 1.0753526317987227 -11.27542632605717016347523380519974
1.4554344610648428 1.0754246307652036 -11.27542632606265682911812429894569
1.4572651953365140 1.0754966224106673 -11.27542632606814349360230278312903
1.4590959295900830 1.0755686066848760 -11.27542632607363015814876037626291
1.4609266638275871 1.0756405835837938 -11.27542632607911682422378067261411
1.4627573980510631 1.0757125531163217 -11.27542632608460349102432994181726
1.4645881322625481 1.0757845152605049 -11.27542632609009015794498418468175
1.4664188664640793 1.0758564700089334 -11.27542632609557682398097959038000
1.4682496006576935 1.0759284173520149 -11.27542632610106348888801759066602
1.4700803348454280 1.0760003572802494 -11.27542632610655015499594283778806
1.4719110690293197 1.0760722897840281 -11.27542632611203681988241333371573
1.4737418032114057 1.0761442148537862 -11.27542632611752348637652678764333
1.4755725373937231 1.0762161324799615 -11.27542632612301015170782320434753
1.4774032715783090 1.0762880426529886 -11.27542632612849681809687736010031
1.4792340057672004 1.0763599453567578 -11.27542632613398348407246374884186
1.4810647399624345 1.0764318406026577 -11.27542632613947015026406843367567
1.4828954741660483 1.0765037283588319 -11.27542632614495681706108754112394
1.4847262083800788 1.0765756086236877 -11.27542632615044348309705582040305
1.4865569426065630 1.0766474813876280 -11.27542632615593015020142194331708
1.4883876768475380 1.0767193466410654 -11.27542632616141681720518156654110
1.4902184111050409 1.0767912043883456 -11.27542632616690348443942788681695
1.4920491453811085 1.0768630545819744 -11.27542632617239015085461772023711
1.4938798796777781 1.0769348972385302 -11.27542632617787681741842914936220
1.4957106139970864 1.0770067323545142 -11.27542632618336348600785510883291
1.4975413483410706 1.0770785599121285 -11.27542632618885015351280256705430
1.4993720827117675 1.0771031940564505 -11.27542632619433682107418593201588
1.5000000000000000 1.0771031940564505 -11.27542632619621837674902979686975
