0.0000000000000000e+00 -7.3231365279856291e+01
1.8772085919315673e-03 -7.3231365282106353e+01
3.7544171899198796e-03 -7.3231365284367243e+01
5.6316258060994575e-03 -7.3231365286631117e+01
7.5088344525953456e-03 -7.3231365288894040e+01
9.3860431415409042e-03 -7.3231365291155555e+01
1.1263251885069485e-02 -7.3231365293417696e+01
1.3140460695298303e-02 -7.3231365295680533e+01
1.5017669584354496e-02 -7.3231365297941863e+01
1.6894878564370920e-02 -7.3231365300204487e+01
1.8772087647472204e-02 -7.3231365302466628e+01
2.0649296845789023e-02 -7.3231365304729138e+01
2.2526506171449145e-02 -7.3231365306992913e+01
2.4403715636579740e-02 -7.3231365309254130e+01
2.6280925253310623e-02 -7.3231365311515418e+01
2.8158135033767798e-02 -7.3231365313777729e+01
3.0035344990076537e-02 -7.3231365316041789e+01
3.1912555134380668e-02 -7.3231365318302650e+01
3.3789765478803822e-02 -7.3231365320565075e+01
3.5666976035475889e-02 -7.3231365322826534e+01
3.7544186816525403e-02 -7.3231365325089982e+01
3.9421397834080829e-02 -7.3231365327350787e+01
4.1298609100270597e-02 -7.3231365329614036e+01
4.3175820627223041e-02 -7.3231365331876106e+01
4.5053032427066424e-02 -7.3231365334138616e+01
4.6930244511928940e-02 -7.3231365336401282e+01
4.8807456893938062e-02 -7.3231365338662968e+01
5.0684669585221873e-02 -7.3231365340924512e+01
5.2561882597908359e-02 -7.3231365343187520e+01
5.4439095944123467e-02 -7.3231365345449419e+01
5.6316309635997382e-02 -7.3231365347711815e+01
5.8193523685657368e-02 -7.3231365349973771e+01
6.0070738105229310e-02 -7.3231365352236224e+01
6.1947952906840777e-02 -7.3231365354498450e+01
6.3825168102652971e-02 -7.3231365356760591e+01
6.5702383704758935e-02 -7.3231365359022803e+01
6.7579599725284531e-02 -7.3231365361215822e+01
6.9456816176358266e-02 -7.3231365363547553e+01
7.1334033070105926e-02 -7.3231365365809481e+01
7.3211250418654492e-02 -7.3231365368071536e+01
7.5088468234130526e-02 -7.3231365370333805e+01
7.6965686528660746e-02 -7.3231365372595974e+01
7.8842905314371728e-02 -7.3231365374857930e+01
8.0720124603389898e-02 -7.3231365377120341e+01
8.2597344407841541e-02 -7.3231365379382524e+01
8.4474564739852778e-02 -7.3231365381644949e+01
8.6351785611549547e-02 -7.3231365383906507e+01
8.8229007035057649e-02 -7.3231365386169031e+01
9.0106229022502690e-02 -7.3231365388431342e+01
9.1983451586010151e-02 -7.3231365390692986e+01
9.3860674737743871e-02 -7.3231365392954984e+01
9.5737898489800188e-02 -7.3231365395217281e+01
9.7615122854342554e-02 -7.3231365397479181e+01
9.9492347843446516e-02 -7.3231365399741307e+01
1.0000000000000001e-01 -7.3231365400352942e+01
