0.0000000000000000e+00 -7.3231365279854430e+01
1.8624268084974451e-04 -7.3231365279861379e+01
3.7248536170541137e-04 -7.3231365279858451e+01
5.5872804257884516e-04 -7.3231365279853875e+01
7.4497072348189046e-04 -7.3231365279861279e+01
9.3121340442639175e-04 -7.3231365279854600e+01
1.1174560854241937e-03 -7.3231365279857897e+01
1.3036987664871410e-03 -7.3231365279869934e+01
1.4899414476270780e-03 -7.3231365279855254e+01
1.6761841288558494e-03 -7.3231365279854273e+01
1.8624268101852996e-03 -7.3231365279858949e+01
2.0486694916272735e-03 -7.3231365279862530e+01
2.2349121731936156e-03 -7.3231365279851957e+01
2.4211548548961704e-03 -7.3231365279872676e+01
2.6073975367467825e-03 -7.3231365279856377e+01
2.7936402187572966e-03 -7.3231365279865273e+01
2.9798829009395570e-03 -7.3231365279860555e+01
3.1661255833054084e-03 -7.3231365279852639e+01
3.3523682658666955e-03 -7.3231365279851758e+01
3.5386109486352625e-03 -7.3231365279872108e+01
3.7248536316229547e-03 -7.3231365279863851e+01
3.9110963148416156e-03 -7.3231365279853748e+01
4.0973389983030911e-03 -7.3231365279865557e+01
4.2835816820192248e-03 -7.3231365279854046e+01
4.4698243660018615e-03 -7.3231365279865670e+01
4.6560670502628458e-03 -7.3231365279865813e+01
4.8423097348140225e-03 -7.3231365279865841e+01
5.0285524196672354e-03 -7.3231365279861322e+01
5.2147951048343300e-03 -7.3231365279862246e+01
5.4010377903271501e-03 -7.3231365279856817e+01
5.5872804761575405e-03 -7.3231365279864960e+01
5.7735231623373458e-03 -7.3231365279863510e+01
5.9597658488784108e-03 -7.3231365279871085e+01
6.1460085357925801e-03 -7.3231365279874339e+01
6.3322512230916984e-03 -7.3231365279869024e+01
6.5184939107876096e-03 -7.3231365279866466e+01
6.7047365988921583e-03 -7.3231365279865273e+01
6.8909792874171892e-03 -7.3231365279859773e+01
7.0772219763745470e-03 -7.3231365279874368e+01
7.2634646657760765e-03 -7.3231365279870957e+01
7.4497073556336222e-03 -7.3231365279863809e+01
7.6359500459590281e-03 -7.3231365279855538e+01
7.8221927367641397e-03 -7.3231365279859546e+01
8.0084354280607999e-03 -7.3231365279862175e+01
8.1946781198608543e-03 -7.3231365279868683e+01
8.3809208121761476e-03 -7.3231365279864704e+01
8.5671635050185244e-03 -7.3231365279867774e+01
8.7534061983998296e-03 -7.3231365279865202e+01
8.9396488923319077e-03 -7.3231365279871412e+01
9.1258915868266018e-03 -7.3231365279872136e+01
9.3121342818957582e-03 -7.3231365279871014e+01
9.4983769775512199e-03 -7.3231365279872705e+01
9.6846196738048316e-03 -7.3231365279865102e+01
9.8708623706684397e-03 -7.3231365279869792e+01
1.0057105068153887e-02 -7.3231365279872051e+01
1.0243347766273019e-02 -7.3231365279876869e+01
1.0429590465037679e-02 -7.3231365279866054e+01
1.0615833164459711e-02 -7.3231365279864050e+01
1.0802075864550962e-02 -7.3231365279868442e+01
1.0988318565323275e-02 -7.3231365279866012e+01
1.1174561266788494e-02 -7.3231365279877551e+01
1.1360803968958465e-02 -7.3231365279872549e+01
1.1547046671845031e-02 -7.3231365279880819e+01
1.1733289375460037e-02 -7.3231365279879185e+01
1.1919532079815328e-02 -7.3231365279888323e+01
1.2105774784922748e-02 -7.3231365279869351e+01
1.2292017490794142e-02 -7.3231365279864065e+01
1.2478260197441355e-02 -7.3231365279868299e+01
1.2664502904876231e-02 -7.3231365279863667e+01
1.2850745613110613e-02 -7.3231365279868925e+01
1.3036988322156348e-02 -7.3231365279870388e+01
1.3223231032025278e-02 -7.3231365279866921e+01
1.3409473742729250e-02 -7.3231365279873884e+01
1.3595716454280107e-02 -7.3231365279874851e+01
1.3781959166689695e-02 -7.3231365279867802e+01
1.3968201879969855e-02 -7.3231365279861606e+01
1.4154444594132435e-02 -7.3231365279873231e+01
1.4340687309189278e-02 -7.3231365279860441e+01
1.4526930025152228e-02 -7.3231365279881601e+01
1.4713172742033131e-02 -7.3231365279875135e+01
1.4899415459843831e-02 -7.3231365279873003e+01
1.5085658178596171e-02 -7.3231365279876300e+01
1.5271900898301997e-02 -7.3231365279881317e+01
1.5458143618973153e-02 -7.3231365279870985e+01
1.5644386340621482e-02 -7.3231365279870403e+01
1.5830629063258831e-02 -7.3231365279876727e+01
1.6016871786897043e-02 -7.3231365279877821e+01
1.6203114511547961e-02 -7.3231365279875220e+01
1.6389357237223432e-02 -7.3231365279873813e+01
1.6575599963935300e-02 -7.3231365279877593e+01
1.6761842691695408e-02 -7.3231365279873771e+01
1.6948085420515603e-02 -7.3231365279875547e+01
1.7134328150407729e-02 -7.3231365279876329e+01
1.7320570881383630e-02 -7.3231365279879157e+01
1.7506813613455147e-02 -7.3231365279878048e+01
1.7693056346634130e-02 -7.3231365279883647e+01
1.7879299080932418e-02 -7.3231365279870488e+01
1.8065541816361861e-02 -7.3231365279884599e+01
1.8251784552934299e-02 -7.3231365279881501e+01
1.8438027290661577e-02 -7.3231365279877863e+01
1.8624270029555540e-02 -7.3231365279891520e+01
1.8810512769628033e-02 -7.3231365279875590e+01
1.8996755510890900e-02 -7.3231365279868555e+01
1.9182998253355985e-02 -7.3231365279890809e+01
1.9369240997035134e-02 -7.3231365279869834e+01
1.9555483741940192e-02 -7.3231365279886674e+01
1.9741726488082999e-02 -7.3231365279878602e+01
1.9927969235475403e-02 -7.3231365279883022e+01
2.0114211984129247e-02 -7.3231365279879242e+01
2.0300454734056374e-02 -7.3231365279878474e+01
2.0486697485268632e-02 -7.3231365279879014e+01
2.0672940237777864e-02 -7.3231365279884685e+01
2.0859182991595913e-02 -7.3231365279881103e+01
2.1045425746734625e-02 -7.3231365279879526e+01
2.1231668503205844e-02 -7.3231365279889687e+01
2.1417911261021411e-02 -7.3231365279879739e+01
2.1604154020193174e-02 -7.3231365279871142e+01
2.1790396780732978e-02 -7.3231365279894149e+01
2.1976639542652665e-02 -7.3231365279894845e+01
2.2162882305964079e-02 -7.3231365279880279e+01
2.2349125070679068e-02 -7.3231365279881047e+01
2.2535367836809473e-02 -7.3231365279872762e+01
2.2721610604367139e-02 -7.3231365279882723e+01
2.2907853373363912e-02 -7.3231365279885580e+01
2.3094096143811631e-02 -7.3231365279884486e+01
2.3280338915722145e-02 -7.3231365279883292e+01
2.3466581689107299e-02 -7.3231365279881075e+01
2.3652824463978935e-02 -7.3231365279885694e+01
2.3839067240348896e-02 -7.3231365279882951e+01
2.4025310018229031e-02 -7.3231365279885622e+01
2.4211552797631181e-02 -7.3231365279884130e+01
2.4397795578567191e-02 -7.3231365279882439e+01
2.4584038361048905e-02 -7.3231365279886319e+01
2.4770281144411887e-02 -7.3231365279886987e+01
2.4956523926222454e-02 -7.3231365279882979e+01
2.5142766706492448e-02 -7.3231365279884940e+01
2.5329009485233714e-02 -7.3231365279884770e+01
2.5515252262458096e-02 -7.3231365279885239e+01
2.5701495038177438e-02 -7.3231365279881686e+01
2.5887737812403586e-02 -7.3231365279880578e+01
2.6073980585148385e-02 -7.3231365279887655e+01
2.6260223356423675e-02 -7.3231365279883917e+01
2.6446466126241304e-02 -7.3231365279884301e+01
2.6632708894613114e-02 -7.3231365279887783e+01
2.6818951661550950e-02 -7.3231365279885082e+01
2.7005194427066660e-02 -7.3231365279892657e+01
2.7191437191172084e-02 -7.3231365279890895e+01
2.7377679953879068e-02 -7.3231365279888934e+01
2.7563922715199453e-02 -7.3231365279889516e+01
2.7750165475145087e-02 -7.3231365279886745e+01
2.7936408233727814e-02 -7.3231365279884642e+01
2.8122650990959477e-02 -7.3231365279884642e+01
2.8308893746851919e-02 -7.3231365279884002e+01
2.8495136501416989e-02 -7.3231365279889772e+01
2.8681379254666527e-02 -7.3231365279884699e+01
2.8867622006612380e-02 -7.3231365279900245e+01
2.9053864757266391e-02 -7.3231365279882141e+01
2.9240107506640405e-02 -7.3231365279896067e+01
2.9426350254746266e-02 -7.3231365279899720e+01
2.9612593001595820e-02 -7.3231365279891165e+01
2.9798835747200908e-02 -7.3231365279896110e+01
2.9985078491573378e-02 -7.3231365279894746e+01
3.0171321234725070e-02 -7.3231365279887100e+01
3.0357563976667831e-02 -7.3231365279895627e+01
3.0543806717413507e-02 -7.3231365279909269e+01
3.0730049456973940e-02 -7.3231365279893637e+01
3.0916292195360975e-02 -7.3231365279897119e+01
3.1102534932586457e-02 -7.3231365279898682e+01
3.1288777668662227e-02 -7.3231365279893836e+01
3.1475020403600132e-02 -7.3231365279898824e+01
3.1661263137412021e-02 -7.3231365279890809e+01
3.1847505870109732e-02 -7.3231365279893694e+01
3.2033748601705110e-02 -7.3231365279896423e+01
3.2219991332210006e-02 -7.3231365279889275e+01
3.2406234061636258e-02 -7.3231365279898199e+01
3.2592476789995710e-02 -7.3231365279901468e+01
3.2778719517300207e-02 -7.3231365279887939e+01
3.2964962243561595e-02 -7.3231365279894405e+01
3.3151204968791717e-02 -7.3231365279887086e+01
3.3337447693002425e-02 -7.3231365279888806e+01
3.3523690416205558e-02 -7.3231365279888522e+01
3.3709933138412959e-02 -7.3231365279901851e+01
3.3896175859636467e-02 -7.3231365279896920e+01
3.4082418579887933e-02 -7.3231365279903969e+01
3.4268661299179201e-02 -7.3231365279896167e+01
3.4454904017522117e-02 -7.3231365279893126e+01
3.4641146734928525e-02 -7.3231365279895527e+01
3.4827389451410271e-02 -7.3231365279901453e+01
3.5013632166979190e-02 -7.3231365279896210e+01
3.5199874881647136e-02 -7.3231365279887243e+01
3.5386117595425953e-02 -7.3231365279899478e+01
3.5572360308327479e-02 -7.3231365279899421e+01
3.5758603020363565e-02 -7.3231365279891861e+01
3.5944845731546056e-02 -7.3231365279898739e+01
3.6131088441886790e-02 -7.3231365279905035e+01
3.6317331151397618e-02 -7.3231365279898085e+01
3.6503573860090378e-02 -7.3231365279888038e+01
3.6689816567976923e-02 -7.3231365279894789e+01
3.6876059275069088e-02 -7.3231365279898185e+01
3.7062301981378720e-02 -7.3231365279898455e+01
3.7248544686917670e-02 -7.3231365279900345e+01
3.7434787391697776e-02 -7.3231365279894277e+01
3.7621030095730888e-02 -7.3231365279895840e+01
3.7807272799028846e-02 -7.3231365279906399e+01
3.7993515501603493e-02 -7.3231365279901752e+01
3.8179758203466675e-02 -7.3231365279897915e+01
3.8366000904630243e-02 -7.3231365279903756e+01
3.8552243605106035e-02 -7.3231365279893367e+01
3.8738486304905895e-02 -7.3231365279896423e+01
3.8924729004041668e-02 -7.3231365279901453e+01
3.9110971702525199e-02 -7.3231365279895982e+01
3.9297214400368333e-02 -7.3231365279908374e+01
3.9483457097582914e-02 -7.3231365279907450e+01
3.9669699794180786e-02 -7.3231365279898682e+01
3.9855942490173796e-02 -7.3231365279909312e+01
4.0042185185573786e-02 -7.3231365279903272e+01
4.0228427880392603e-02 -7.3231365279898071e+01
4.0414670574642091e-02 -7.3231365279903898e+01
4.0600913268334093e-02 -7.3231365279902406e+01
4.0787155961480456e-02 -7.3231365279910577e+01
4.0973398654093024e-02 -7.3231365279901752e+01
4.1159641346183641e-02 -7.3231365279909042e+01
4.1345884037764152e-02 -7.3231365279896750e+01
4.1532126728846402e-02 -7.3231365279895584e+01
4.1718369419442236e-02 -7.3231365279906541e+01
4.1904612109563491e-02 -7.3231365279910918e+01
4.2090854799222019e-02 -7.3231365279903855e+01
4.2277097488429664e-02 -7.3231365279914257e+01
4.2463340177198272e-02 -7.3231365279906427e+01
4.2649582865539680e-02 -7.3231365279909738e+01
4.2835825553465740e-02 -7.3231365279908829e+01
4.3022068240988295e-02 -7.3231365279908402e+01
4.3208310928119185e-02 -7.3231365279902263e+01
4.3394553614870261e-02 -7.3231365279902079e+01
4.3580796301253368e-02 -7.3231365279905418e+01
4.3767038987280342e-02 -7.3231365279889118e+01
4.3953281672963036e-02 -7.3231365279906811e+01
4.4139524358313288e-02 -7.3231365279914328e+01
4.4325767043342949e-02 -7.3231365279911273e+01
4.4512009728063864e-02 -7.3231365279908402e+01
4.4698252412487871e-02 -7.3231365279907251e+01
4.4884495096626814e-02 -7.3231365279908744e+01
4.5070737780492545e-02 -7.3231365279906882e+01
4.5256980464096902e-02 -7.3231365279913405e+01
4.5443223147451736e-02 -7.3231365279915920e+01
4.5629465830568885e-02 -7.3231365279907436e+01
4.5815708513460202e-02 -7.3231365279911145e+01
4.6001951196137522e-02 -7.3231365279910221e+01
4.6188193878612692e-02 -7.3231365279911003e+01
4.6374436560897563e-02 -7.3231365279914300e+01
4.6560679243003972e-02 -7.3231365279912183e+01
4.6746921924943764e-02 -7.3231365279917043e+01
4.6933164606728792e-02 -7.3231365279910193e+01
4.7119407288370892e-02 -7.3231365279920695e+01
4.7305649969881909e-02 -7.3231365279902050e+01
4.7491892651273696e-02 -7.3231365279915906e+01
4.7678135332558089e-02 -7.3231365279917796e+01
4.7864378013746933e-02 -7.3231365279915167e+01
4.8050620694852074e-02 -7.3231365279920169e+01
4.8236863375885355e-02 -7.3231365279908928e+01
4.8423106056858622e-02 -7.3231365279921860e+01
4.8609348737783727e-02 -7.3231365279916957e+01
4.8795591418672506e-02 -7.3231365279911472e+01
4.8981834099536804e-02 -7.3231365279903400e+01
4.9168076780388467e-02 -7.3231365279912694e+01
4.9354319461239339e-02 -7.3231365279915522e+01
4.9540562142101265e-02 -7.3231365279920226e+01
4.9726804822986088e-02 -7.3231365279917569e+01
4.9913047503905655e-02 -7.3231365279916105e+01
5.0099290184871810e-02 -7.3231365279918307e+01
5.0285532865896397e-02 -7.3231365279908104e+01
5.0471775546991261e-02 -7.3231365279923153e+01
5.0658018228168247e-02 -7.3231365279916957e+01
5.0844260909439200e-02 -7.3231365279915011e+01
5.1030503590815963e-02 -7.3231365279919629e+01
5.1216746272310383e-02 -7.3231365279911770e+01
5.1402988953934303e-02 -7.3231365279915934e+01
5.1589231635699569e-02 -7.3231365279921022e+01
5.1775474317618024e-02 -7.3231365279904523e+01
5.1961716999701514e-02 -7.3231365279916744e+01
5.2147959681961877e-02 -7.3231365279920738e+01
5.2334202364410963e-02 -7.3231365279911287e+01
5.2520445047060618e-02 -7.3231365279920283e+01
5.2706687729922687e-02 -7.3231365279920965e+01
5.2892930413009014e-02 -7.3231365279919729e+01
5.3079173096331436e-02 -7.3231365279911230e+01
5.3265415779901806e-02 -7.3231365279911557e+01
5.3451658463731969e-02 -7.3231365279921988e+01
5.3637901147833761e-02 -7.3231365279913149e+01
5.3824143832219035e-02 -7.3231365279918180e+01
5.4010386516899635e-02 -7.3231365279921675e+01
5.4196629201887406e-02 -7.3231365279921462e+01
5.4382871887194185e-02 -7.3231365279912325e+01
5.4569114572831826e-02 -7.3231365279911628e+01
5.4755357258812164e-02 -7.3231365279919657e+01
5.4941599945147052e-02 -7.3231365279925001e+01
5.5127842631848334e-02 -7.3231365279924972e+01
5.5314085318927848e-02 -7.3231365279913931e+01
5.5500328006397447e-02 -7.3231365279909923e+01
5.5686570694268966e-02 -7.3231365279919515e+01
5.5872813382554259e-02 -7.3231365279912737e+01
5.6059056071265163e-02 -7.3231365279919459e+01
5.6245298760413523e-02 -7.3231365279929122e+01
5.6431541450011190e-02 -7.3231365279925825e+01
5.6617784140070002e-02 -7.3231365279921420e+01
5.6804026830601810e-02 -7.3231365279932731e+01
5.6990269521618453e-02 -7.3231365279916346e+01
5.7176512213131775e-02 -7.3231365279923253e+01
5.7362754905153628e-02 -7.3231365279916204e+01
5.7548997597695849e-02 -7.3231365279929648e+01
5.7735240290770283e-02 -7.3231365279927061e+01
5.7921482984388782e-02 -7.3231365279926052e+01
5.8107725678563184e-02 -7.3231365279928156e+01
5.8293968373305333e-02 -7.3231365279920766e+01
5.8480211068627073e-02 -7.3231365279928283e+01
5.8666453764540251e-02 -7.3231365279939766e+01
5.8852696461056717e-02 -7.3231365279920880e+01
5.9038939158188308e-02 -7.3231365279912836e+01
5.9225181855946871e-02 -7.3231365279921462e+01
5.9411424554344248e-02 -7.3231365279928568e+01
5.9597667253392286e-02 -7.3231365279919586e+01
5.9783909953102829e-02 -7.3231365279926919e+01
5.9970152653487721e-02 -7.3231365279927573e+01
6.0156395354558807e-02 -7.3231365279928156e+01
6.0342638056327932e-02 -7.3231365279929790e+01
6.0528880758806941e-02 -7.3231365279920183e+01
6.0715123462007678e-02 -7.3231365279922116e+01
6.0901366165941988e-02 -7.3231365279918350e+01
6.1087608870621708e-02 -7.3231365279929008e+01
6.1273851576058691e-02 -7.3231365279930017e+01
6.1460094282264781e-02 -7.3231365279935559e+01
6.1646336989251822e-02 -7.3231365279935559e+01
6.1832579697031660e-02 -7.3231365279925441e+01
6.2018822405616132e-02 -7.3231365279944100e+01
6.2205065115017090e-02 -7.3231365279927900e+01
6.2391307825246378e-02 -7.3231365279928113e+01
6.2577550536315835e-02 -7.3231365279930202e+01
6.2763793248237304e-02 -7.3231365279923750e+01
6.2950035961022638e-02 -7.3231365279932746e+01
6.3136278674683674e-02 -7.3231365279925498e+01
6.3322521389232264e-02 -7.3231365279932035e+01
6.3508764104680246e-02 -7.3231365279927417e+01
6.3695006821039471e-02 -7.3231365279939453e+01
6.3881249538321777e-02 -7.3231365279930827e+01
6.4067492256539016e-02 -7.3231365279940533e+01
6.4253734975703025e-02 -7.3231365279921647e+01
6.4439977695825656e-02 -7.3231365279929534e+01
6.4626220416918748e-02 -7.3231365279938174e+01
6.4812463138994150e-02 -7.3231365279941897e+01
6.4998705862063702e-02 -7.3231365279943844e+01
6.5184948586139241e-02 -7.3231365279930088e+01
6.5371191311232618e-02 -7.3231365279934678e+01
6.5557434037355686e-02 -7.3231365279920354e+01
6.5743676764520281e-02 -7.3231365279927999e+01
6.5929919492738256e-02 -7.3231365279928156e+01
6.6116162222021449e-02 -7.3231365279940704e+01
6.6302404952381697e-02 -7.3231365279938927e+01
6.6488647683830851e-02 -7.3231365279925086e+01
6.6674890416380764e-02 -7.3231365279943375e+01
6.6861133150043259e-02 -7.3231365279935545e+01
6.7047375884830201e-02 -7.3231365279935247e+01
6.7233618620753430e-02 -7.3231365279933357e+01
6.7419861357824781e-02 -7.3231365279935901e+01
6.7606104096056108e-02 -7.3231365279938927e+01
6.7792346835459247e-02 -7.3231365279931950e+01
6.7978589576046050e-02 -7.3231365279929861e+01
6.8164832317828356e-02 -7.3231365279944796e+01
6.8351075060818015e-02 -7.3231365279931055e+01
6.8537317805026865e-02 -7.3231365279926706e+01
6.8723560550466758e-02 -7.3231365279928823e+01
6.8909803297149533e-02 -7.3231365279931353e+01
6.9096046045087040e-02 -7.3231365279935758e+01
6.9282288794291116e-02 -7.3231365279940007e+01
6.9468531544773615e-02 -7.3231365279933868e+01
6.9654774296546373e-02 -7.3231365279939865e+01
6.9841017049621229e-02 -7.3231365279939340e+01
7.0027259804010034e-02 -7.3231365279924916e+01
7.0213502559724639e-02 -7.3231365279937435e+01
7.0399745316776882e-02 -7.3231365279936071e+01
7.0585988075178602e-02 -7.3231365279936668e+01
7.0772230834941649e-02 -7.3231365279940576e+01
7.0958473596077876e-02 -7.3231365279941855e+01
7.1144716358599119e-02 -7.3231365279939027e+01
7.1330959122517218e-02 -7.3231365279942722e+01
7.1517201887844023e-02 -7.3231365279945905e+01
7.1703444654591372e-02 -7.3231365279945535e+01
7.1889687422771117e-02 -7.3231365279944541e+01
7.2075930192395096e-02 -7.3231365279938075e+01
7.2262172963475160e-02 -7.3231365279945095e+01
7.2448415736023147e-02 -7.3231365279933428e+01
7.2634658510050909e-02 -7.3231365279943461e+01
7.2820901285570283e-02 -7.3231365279938089e+01
7.3007144062593121e-02 -7.3231365279948179e+01
7.3193386841131261e-02 -7.3231365279935360e+01
7.3379629621196540e-02 -7.3231365279947255e+01
7.3565872402800811e-02 -7.3231365279942978e+01
7.3752115185955924e-02 -7.3231365279937464e+01
7.3938357968644869e-02 -7.3231365279937350e+01
7.4124600749786523e-02 -7.3231365279933954e+01
7.4310843529392739e-02 -7.3231365279941500e+01
7.4497086307475355e-02 -7.3231365279943589e+01
7.4683329084046221e-02 -7.3231365279940178e+01
7.4869571859117176e-02 -7.3231365279945649e+01
7.5055814632700071e-02 -7.3231365279952399e+01
7.5242057404806745e-02 -7.3231365279944328e+01
7.5428300175449048e-02 -7.3231365279939183e+01
7.5614542944638818e-02 -7.3231365279946900e+01
7.5800785712387894e-02 -7.3231365279952016e+01
7.5987028478708141e-02 -7.3231365279942622e+01
7.6173271243611382e-02 -7.3231365279950197e+01
7.6359514007109469e-02 -7.3231365279944995e+01
7.6545756769214254e-02 -7.3231365279932930e+01
7.6731999529937575e-02 -7.3231365279942139e+01
7.6918242289291269e-02 -7.3231365279941755e+01
7.7104485047287188e-02 -7.3231365279937634e+01
7.7290727803937170e-02 -7.3231365279949443e+01
7.7476970559253067e-02 -7.3231365279946985e+01
7.7663213313246729e-02 -7.3231365279947596e+01
7.7849456065929981e-02 -7.3231365279942310e+01
7.8035698817314689e-02 -7.3231365279938302e+01
7.8221941567412676e-02 -7.3231365279947681e+01
7.8408184316235807e-02 -7.3231365279948349e+01
7.8594427063795907e-02 -7.3231365279950410e+01
7.8780669810104842e-02 -7.3231365279944015e+01
7.8966912555174434e-02 -7.3231365279950310e+01
7.9153155299016550e-02 -7.3231365279950310e+01
7.9339398041643014e-02 -7.3231365279944129e+01
7.9525640783065676e-02 -7.3231365279955000e+01
7.9711883523296390e-02 -7.3231365279948221e+01
7.9898126262346991e-02 -7.3231365279946374e+01
8.0084369000229333e-02 -7.3231365279960983e+01
8.0270611736955252e-02 -7.3231365279953934e+01
8.0456854472536588e-02 -7.3231365279955142e+01
8.0643097206985190e-02 -7.3231365279955170e+01
8.0829339940312911e-02 -7.3231365279956563e+01
8.1015582672531575e-02 -7.3231365279942139e+01
8.1201825403653047e-02 -7.3231365279954687e+01
8.1388068133689165e-02 -7.3231365279956620e+01
8.1574310862651767e-02 -7.3231365279953167e+01
8.1760553590552704e-02 -7.3231365279945891e+01
8.1946796317403814e-02 -7.3231365279946644e+01
8.2133039043216949e-02 -7.3231365279951035e+01
8.2319281768003960e-02 -7.3231365279940263e+01
8.2505524491776672e-02 -7.3231365279952172e+01
8.2691767214546949e-02 -7.3231365279958808e+01
8.2878009936326616e-02 -7.3231365279959320e+01
8.3064252657127538e-02 -7.3231365279952641e+01
8.3250495376961539e-02 -7.3231365279952385e+01
8.3436738095840485e-02 -7.3231365279954204e+01
8.3622980813776199e-02 -7.3231365279959974e+01
8.3809223530780547e-02 -7.3231365279960670e+01
8.3995466246865352e-02 -7.3231365279958098e+01
8.4181708962042467e-02 -7.3231365279949571e+01
8.4367951676323744e-02 -7.3231365279953437e+01
8.4554194389721019e-02 -7.3231365279951987e+01
8.4740437102246144e-02 -7.3231365279949742e+01
8.4926679813910957e-02 -7.3231365279953650e+01
8.5112922524727297e-02 -7.3231365279951319e+01
8.5299165234707014e-02 -7.3231365279956705e+01
8.5485407943861960e-02 -7.3231365279968259e+01
8.5671650652203973e-02 -7.3231365279942651e+01
8.5857893359744905e-02 -7.3231365279960116e+01
8.6044136066496593e-02 -7.3231365279951717e+01
8.6230378772470875e-02 -7.3231365279955114e+01
8.6416621477679603e-02 -7.3231365279949145e+01
8.6602864182134628e-02 -7.3231365279957402e+01
8.6789106885847775e-02 -7.3231365279951646e+01
8.6975349588830908e-02 -7.3231365279955313e+01
8.7161592291095866e-02 -7.3231365279965317e+01
8.7347834992654486e-02 -7.3231365279956293e+01
8.7534077693518619e-02 -7.3231365279955753e+01
8.7720320393700119e-02 -7.3231365279957799e+01
8.7906563093210807e-02 -7.3231365279956734e+01
8.8092805792062551e-02 -7.3231365279954076e+01
8.8279048490267187e-02 -7.3231365279964947e+01
8.8465291187836553e-02 -7.3231365279965161e+01
8.8651533884782502e-02 -7.3231365279952811e+01
8.8837776581116870e-02 -7.3231365279952470e+01
8.9024019276851510e-02 -7.3231365279961764e+01
8.9210261971998259e-02 -7.3231365279963924e+01
8.9396504666568968e-02 -7.3231365279962802e+01
8.9582747360575476e-02 -7.3231365279955540e+01
8.9768990054029635e-02 -7.3231365279968117e+01
8.9955232746943281e-02 -7.3231365279959590e+01
9.0141475439328267e-02 -7.3231365279969793e+01
9.0327718131196430e-02 -7.3231365279964947e+01
9.0513960822559622e-02 -7.3231365279949756e+01
9.0700203513429681e-02 -7.3231365279950111e+01
9.0886446203818458e-02 -7.3231365279955980e+01
9.1072688893737791e-02 -7.3231365279967363e+01
9.1258931583199532e-02 -7.3231365279952769e+01
9.1445174272215518e-02 -7.3231365279968642e+01
9.1631416960797601e-02 -7.3231365279955398e+01
9.1817659648957620e-02 -7.3231365279965090e+01
9.2003902336707424e-02 -7.3231365279968045e+01
9.2190145024058853e-02 -7.3231365279966667e+01
9.2376387711023744e-02 -7.3231365279968159e+01
9.2562630397613949e-02 -7.3231365279950282e+01
9.2748873083841318e-02 -7.3231365279956179e+01
9.2935115769717691e-02 -7.3231365279970831e+01
9.3121358455254918e-02 -7.3231365279958425e+01
9.3307601140464838e-02 -7.3231365279963086e+01
9.3493843825359288e-02 -7.3231365279963569e+01
9.3680086509950120e-02 -7.3231365279961878e+01
9.3866329194249185e-02 -7.3231365279963441e+01
9.4052571878268321e-02 -7.3231365279974568e+01
9.4238814562019380e-02 -7.3231365279969822e+01
9.4425057245514199e-02 -7.3231365279977325e+01
9.4611299928764617e-02 -7.3231365279956648e+01
9.4797542611782484e-02 -7.3231365279977325e+01
9.4983785294579653e-02 -7.3231365279961821e+01
9.5170027977167962e-02 -7.3231365279976174e+01
9.5356270659559247e-02 -7.3231365279967505e+01
9.5542513341765362e-02 -7.3231365279977069e+01
9.5728756023798156e-02 -7.3231365279975321e+01
9.5914998705669469e-02 -7.3231365279971783e+01
9.6101241387391137e-02 -7.3231365279972081e+01
9.6287484068975013e-02 -7.3231365279957217e+01
9.6473726750432934e-02 -7.3231365279976359e+01
9.6659969431776752e-02 -7.3231365279975776e+01
9.6846212113018318e-02 -7.3231365279973332e+01
9.7032454794169470e-02 -7.3231365279973858e+01
9.7218697475242047e-02 -7.3231365279966894e+01
9.7404940156247899e-02 -7.3231365279970802e+01
9.7591182837198864e-02 -7.3231365279971527e+01
9.7777425518106795e-02 -7.3231365279975648e+01
9.7963668198983528e-02 -7.3231365279973332e+01
9.8149910879840915e-02 -7.3231365279955028e+01
9.8336153560690809e-02 -7.3231365279963242e+01
9.8522396241545032e-02 -7.3231365279968514e+01
9.8708638922415451e-02 -7.3231365279968088e+01
9.8894881603313903e-02 -7.3231365279964791e+01
9.9081124284252226e-02 -7.3231365279975861e+01
9.9267366965242271e-02 -7.3231365279956805e+01
9.9453609646295876e-02 -7.3231365279977808e+01
9.9639852327424894e-02 -7.3231365279968884e+01
9.9826095008641161e-02 -7.3231365279984161e+01
1.0000000000000001e-01 -7.3231365279975506e+01
