0.0000000000000000e+00 -7.3231365279856291e+01
5.3482911330580149e-04 -7.3231365279858238e+01
1.0696582267799007e-03 -7.3231365279857101e+01
1.6044873407588933e-03 -7.3231365279856064e+01
2.1393164555793746e-03 -7.3231365279856789e+01
2.6741455715779401e-03 -7.3231365279857272e+01
3.2089746890911850e-03 -7.3231365279857272e+01
3.7438038084557051e-03 -7.3231365279856590e+01
4.2786329300080958e-03 -7.3231365279857243e+01
4.8134620540849519e-03 -7.3231365279857599e+01
5.3482911810228692e-03 -7.3231365279858011e+01
5.8831203111584431e-03 -7.3231365279855936e+01
6.4179494448282680e-03 -7.3231365279856405e+01
6.9527785823689393e-03 -7.3231365279856618e+01
7.4876077241170513e-03 -7.3231365279858011e+01
8.0224368704091987e-03 -7.3231365279858693e+01
8.5572660215819767e-03 -7.3231365279857457e+01
9.0920951779719806e-03 -7.3231365279856917e+01
9.6269243399158041e-03 -7.3231365279857769e+01
1.0161753507750041e-02 -7.3231365279856405e+01
1.0696582681811286e-02 -7.3231365279857755e+01
1.1231411862436133e-02 -7.3231365279857656e+01
1.1766241049961176e-02 -7.3231365279857727e+01
1.2301070244723008e-02 -7.3231365279857471e+01
1.2835899447058223e-02 -7.3231365279858068e+01
1.3370728657303415e-02 -7.3231365279857300e+01
1.3905557875795177e-02 -7.3231365279857954e+01
1.4440387102870100e-02 -7.3231365279856917e+01
1.4975216338864778e-02 -7.3231365279858451e+01
1.5510045584115803e-02 -7.3231365279857798e+01
1.6044874838959767e-02 -7.3231365279859176e+01
1.6579704103733262e-02 -7.3231365279858011e+01
1.7114533378772882e-02 -7.3231365279856931e+01
1.7649362664415216e-02 -7.3231365279858323e+01
1.8184191960996854e-02 -7.3231365279856306e+01
1.8719021268854389e-02 -7.3231365279856661e+01
1.9253850588324413e-02 -7.3231365279857016e+01
1.9788679919743514e-02 -7.3231365279857286e+01
2.0323509263448284e-02 -7.3231365279856988e+01
2.0858338619775312e-02 -7.3231365279857144e+01
2.1393167989061185e-02 -7.3231365279857471e+01
2.1927997371642496e-02 -7.3231365279857286e+01
2.2462826767855829e-02 -7.3231365279858352e+01
2.2997656178037777e-02 -7.3231365279857215e+01
2.3532485602524928e-02 -7.3231365279857386e+01
2.4067315041653867e-02 -7.3231365279857584e+01
2.4602144495761182e-02 -7.3231365279856448e+01
2.5136973965183461e-02 -7.3231365279857627e+01
2.5671803450257290e-02 -7.3231365279857755e+01
2.6206632951319253e-02 -7.3231365279857712e+01
2.6741462468705939e-02 -7.3231365279855567e+01
2.7276292002753933e-02 -7.3231365279855709e+01
2.7811121553799820e-02 -7.3231365279857158e+01
2.8345951122180184e-02 -7.3231365279856050e+01
2.8880780708231611e-02 -7.3231365279857187e+01
2.9415610312290681e-02 -7.3231365279857144e+01
2.9950439934693981e-02 -7.3231365279858124e+01
3.0485269575778091e-02 -7.3231365279857584e+01
3.1020099235879593e-02 -7.3231365279856917e+01
3.1554928915335068e-02 -7.3231365279856092e+01
3.2089758614481101e-02 -7.3231365279858423e+01
3.2624588333654274e-02 -7.3231365279858167e+01
3.3159418073191164e-02 -7.3231365279855495e+01
3.3694247833428351e-02 -7.3231365279856618e+01
3.4229077614702411e-02 -7.3231365279858636e+01
3.4763907417349929e-02 -7.3231365279857513e+01
3.5298737241707484e-02 -7.3231365279856135e+01
3.5833567088111647e-02 -7.3231365279857030e+01
3.6368396956899002e-02 -7.3231365279855979e+01
3.6903226848406120e-02 -7.3231365279856092e+01
3.7438056762969581e-02 -7.3231365279857314e+01
3.7972886700925960e-02 -7.3231365279856291e+01
3.8507716662611831e-02 -7.3231365279856576e+01
3.9042546648363763e-02 -7.3231365279856519e+01
3.9577376658518335e-02 -7.3231365279856433e+01
4.0112206693412124e-02 -7.3231365279852682e+01
4.0647036753381695e-02 -7.3231365279855751e+01
4.1181866838763626e-02 -7.3231365279855765e+01
4.1716696949894487e-02 -7.3231365279856888e+01
4.2251527087110843e-02 -7.3231365279857670e+01
4.2786357250749273e-02 -7.3231365279856306e+01
4.3321187441146339e-02 -7.3231365279856689e+01
4.3856017658638613e-02 -7.3231365279857030e+01
4.4390847903562659e-02 -7.3231365279857869e+01
4.4925678176255049e-02 -7.3231365279857869e+01
4.5460508477052346e-02 -7.3231365279856931e+01
4.5995338806291121e-02 -7.3231365279855879e+01
4.6530169164307932e-02 -7.3231365279856718e+01
4.7064999551439349e-02 -7.3231365279858366e+01
4.7599829968021930e-02 -7.3231365279856789e+01
4.8134660414392245e-02 -7.3231365279856902e+01
4.8669490890886853e-02 -7.3231365279856050e+01
4.9204321397842317e-02 -7.3231365279855936e+01
4.9739151935595194e-02 -7.3231365279857698e+01
5.0273982504482041e-02 -7.3231365279856419e+01
5.0808813104839423e-02 -7.3231365279856448e+01
5.1343643737003897e-02 -7.3231365279856959e+01
5.1878474401312019e-02 -7.3231365279858053e+01
5.2413305098100355e-02 -7.3231365279857428e+01
5.2948135827705446e-02 -7.3231365279856675e+01
5.3482966590463858e-02 -7.3231365279857712e+01
5.4017797386712141e-02 -7.3231365279857627e+01
5.4552628216786851e-02 -7.3231365279856021e+01
5.5087459081024540e-02 -7.3231365279857499e+01
5.5622289979761756e-02 -7.3231365279856504e+01
5.6157120913335051e-02 -7.3231365279857229e+01
5.6691951882080982e-02 -7.3231365279856618e+01
5.7226782886336092e-02 -7.3231365279856547e+01
5.7761613926436930e-02 -7.3231365279855893e+01
5.8296445002720042e-02 -7.3231365279857641e+01
5.8831276115521976e-02 -7.3231365279856860e+01
5.9366107265179276e-02 -7.3231365279856874e+01
5.9900938452028485e-02 -7.3231365279855652e+01
6.0435769676406154e-02 -7.3231365279856206e+01
6.0970600938648818e-02 -7.3231365279856519e+01
6.1505432239093022e-02 -7.3231365279856163e+01
6.2040263578075308e-02 -7.3231365279856306e+01
6.2575094955932220e-02 -7.3231365279857158e+01
6.3109926373000294e-02 -7.3231365279856959e+01
6.3644757829616067e-02 -7.3231365279857243e+01
6.4179589326116074e-02 -7.3231365279856604e+01
6.4714420862836838e-02 -7.3231365279856902e+01
6.5249252440114910e-02 -7.3231365279857428e+01
6.5784084058286826e-02 -7.3231365279857059e+01
6.6318915717689109e-02 -7.3231365279855481e+01
6.6853747418658307e-02 -7.3231365279857371e+01
6.7388579161530932e-02 -7.3231365279856760e+01
6.7923410946643531e-02 -7.3231365279857300e+01
6.8458242774332614e-02 -7.3231365279857485e+01
6.8993074644934718e-02 -7.3231365279856547e+01
6.9527906558786379e-02 -7.3231365279857314e+01
7.0062738516224105e-02 -7.3231365279857812e+01
7.0597570517584432e-02 -7.3231365279856135e+01
7.1132402563203884e-02 -7.3231365279856448e+01
7.1667234653418982e-02 -7.3231365279856306e+01
7.2202066788566235e-02 -7.3231365279857670e+01
7.2736898968982180e-02 -7.3231365279857329e+01
7.3271731195003326e-02 -7.3231365279857172e+01
7.3806563466966194e-02 -7.3231365279856206e+01
7.4341395785207307e-02 -7.3231365279856163e+01
7.4876228150063173e-02 -7.3231365279856306e+01
7.5411060561870302e-02 -7.3231365279856405e+01
7.5945893020965216e-02 -7.3231365279857201e+01
7.6480725527684423e-02 -7.3231365279857172e+01
7.7015558082364433e-02 -7.3231365279856675e+01
7.7550390685341752e-02 -7.3231365279857144e+01
7.8085223336952891e-02 -7.3231365279856234e+01
7.8620056037534358e-02 -7.3231365279857243e+01
7.9154888787422661e-02 -7.3231365279857854e+01
7.9689721586954296e-02 -7.3231365279858537e+01
8.0224554436465784e-02 -7.3231365279857215e+01
8.0759387336293606e-02 -7.3231365279855922e+01
8.1294220286774271e-02 -7.3231365279855709e+01
8.1829053288244288e-02 -7.3231365279856718e+01
8.2363886341040152e-02 -7.3231365279856021e+01
8.2898719445498356e-02 -7.3231365279856277e+01
8.3433552601955396e-02 -7.3231365279855268e+01
8.3968385810747767e-02 -7.3231365279856618e+01
8.4503219072211963e-02 -7.3231365279856632e+01
8.5038052386684465e-02 -7.3231365279856419e+01
8.5572885754501782e-02 -7.3231365279856021e+01
8.6107719176000394e-02 -7.3231365279857030e+01
8.6642552651516783e-02 -7.3231365279856135e+01
8.7177386181387442e-02 -7.3231365279857243e+01
8.7712219765948854e-02 -7.3231365279856405e+01
8.8247053405537512e-02 -7.3231365279856050e+01
8.8781887100489884e-02 -7.3231365279856675e+01
8.9316720851142464e-02 -7.3231365279857528e+01
8.9851554657831720e-02 -7.3231365279855495e+01
9.0386388520894131e-02 -7.3231365279858153e+01
9.0921222440666180e-02 -7.3231365279857840e+01
9.1456056417484347e-02 -7.3231365279856888e+01
9.1990890451685098e-02 -7.3231365279856604e+01
9.2525724543604901e-02 -7.3231365279857414e+01
9.3060558693580236e-02 -7.3231365279857584e+01
9.3595392901947572e-02 -7.3231365279856092e+01
9.4130227169043373e-02 -7.3231365279857755e+01
9.4665061495204109e-02 -7.3231365279857442e+01
9.5199895880766244e-02 -7.3231365279857144e+01
9.5734730326066247e-02 -7.3231365279856405e+01
9.6269564831440571e-02 -7.3231365279855808e+01
9.6804399397225682e-02 -7.3231365279856789e+01
9.7339234023758048e-02 -7.3231365279857599e+01
9.7874068711374107e-02 -7.3231365279856945e+01
9.8408903460410327e-02 -7.3231365279856760e+01
9.8943738217115343e-02 -7.3231365279857684e+01
9.9478572912358315e-02 -7.3231365279856831e+01
1.0000000000000001e-01 -7.3231365279855964e+01
