0.0000000000000000e+00 -7.3231365279858636e+01
5.9128365500452421e-04 -7.3231365279877423e+01
1.1825673101985338e-03 -7.3231365279901738e+01
1.7738509659610672e-03 -7.3231365279923892e+01
2.3651346226711834e-03 -7.3231365279947696e+01
2.9564182807078902e-03 -7.3231365279970646e+01
3.5477019404502115e-03 -7.3231365279992730e+01
4.1389856022771765e-03 -7.3231365280013634e+01
4.7302692665677857e-03 -7.3231365280034566e+01
5.3215529337010733e-03 -7.3231365280061496e+01
5.9128366040560607e-03 -7.3231365280083750e+01
6.5041202780117824e-03 -7.3231365280104541e+01
7.0954039559472598e-03 -7.3231365280125559e+01
7.6866876382415354e-03 -7.3231365280148211e+01
8.2779713252736139e-03 -7.3231365280172312e+01
8.8692550174225421e-03 -7.3231365280194808e+01
9.4605387150673240e-03 -7.3231365280216664e+01
1.0051822418587007e-02 -7.3231365280241633e+01
1.0643106128360596e-02 -7.3231365280261187e+01
1.1234389844767134e-02 -7.3231365280283768e+01
1.1825673568185624e-02 -7.3231365280307330e+01
1.2416957298995106e-02 -7.3231365280331261e+01
1.3008241037574590e-02 -7.3231365280351937e+01
1.3599524784303114e-02 -7.3231365280374149e+01
1.4190808539559676e-02 -7.3231365280395011e+01
1.4782092303723342e-02 -7.3231365280418956e+01
1.5373376077173104e-02 -7.3231365280438553e+01
1.5964659860288017e-02 -7.3231365280463763e+01
1.6555943653447071e-02 -7.3231365280485363e+01
1.7147227457029315e-02 -7.3231365280506907e+01
1.7738511271413751e-02 -7.3231365280530341e+01
1.8329795096979420e-02 -7.3231365280558506e+01
1.8921078934105329e-02 -7.3231365280575531e+01
1.9512362783170513e-02 -7.3231365280598695e+01
2.0103646644553979e-02 -7.3231365280620210e+01
2.0694930518634760e-02 -7.3231365280643644e+01
2.1286214405791863e-02 -7.3231365280663752e+01
2.1877498306404324e-02 -7.3231365280687768e+01
2.2468782220851118e-02 -7.3231365280708602e+01
2.3060066149511317e-02 -7.3231365280732746e+01
2.3651350092763916e-02 -7.3231365280755085e+01
2.4242634050987956e-02 -7.3231365280778220e+01
2.4833918024562422e-02 -7.3231365280801654e+01
2.5425202013866357e-02 -7.3231365280824136e+01
2.6016486019278751e-02 -7.3231365280842411e+01
2.6607770041178647e-02 -7.3231365280865091e+01
2.7199054079945040e-02 -7.3231365280888610e+01
2.7790338135956969e-02 -7.3231365280912513e+01
2.8381622209593421e-02 -7.3231365280932692e+01
2.8972906301233434e-02 -7.3231365280957917e+01
2.9564190411256002e-02 -7.3231365280982033e+01
3.0155474540040157e-02 -7.3231365281001757e+01
3.0746758687964892e-02 -7.3231365281025774e+01
3.1338042855409240e-02 -7.3231365281045868e+01
3.1929327042752184e-02 -7.3231365281068477e+01
3.2520611250372769e-02 -7.3231365281094099e+01
3.3111895478649962e-02 -7.3231365281116183e+01
3.3703179727962815e-02 -7.3231365281134700e+01
3.4294463998690343e-02 -7.3231365281159199e+01
3.4885748291211542e-02 -7.3231365281181851e+01
3.5477032605905394e-02 -7.3231365281202656e+01
3.6068316943150922e-02 -7.3231365281226630e+01
3.6659601303327134e-02 -7.3231365281247264e+01
3.7250885686813048e-02 -7.3231365281272545e+01
3.7842170093987666e-02 -7.3231365281294927e+01
3.8433454525229990e-02 -7.3231365281316982e+01
3.9024738980919016e-02 -7.3231365281339905e+01
3.9616023461433746e-02 -7.3231365281361931e+01
4.0207307967153182e-02 -7.3231365281383532e+01
4.0798592498456333e-02 -7.3231365281405274e+01
4.1389877055722307e-02 -7.3231365281428666e+01
4.1981161639329953e-02 -7.3231365281450564e+01
4.2572446249658308e-02 -7.3231365281473515e+01
4.3163730887086402e-02 -7.3231365281497006e+01
4.3755015551993223e-02 -7.3231365281517441e+01
4.4346300244757879e-02 -7.3231365281541471e+01
4.4937584965759239e-02 -7.3231365281563967e+01
4.5528869715376334e-02 -7.3231365281586932e+01
4.6120154493988125e-02 -7.3231365281607552e+01
4.6711439301973599e-02 -7.3231365281632790e+01
4.7302724139711753e-02 -7.3231365281653694e+01
4.7894009007581569e-02 -7.3231365281675494e+01
4.8485293905962047e-02 -7.3231365281704186e+01
4.9076578835232164e-02 -7.3231365281720187e+01
4.9667863795770914e-02 -7.3231365281744118e+01
5.0259148726176567e-02 -7.3231365281767268e+01
5.0850433625678697e-02 -7.3231365281789095e+01
5.1441718494656313e-02 -7.3231365281808849e+01
5.2033003333488384e-02 -7.3231365281832524e+01
5.2624288142553967e-02 -7.3231365281854238e+01
5.3215572922232016e-02 -7.3231365281878638e+01
5.3806857672901526e-02 -7.3231365281899869e+01
5.4398142394941514e-02 -7.3231365281922692e+01
5.4989427088730981e-02 -7.3231365281944036e+01
5.5580711754648890e-02 -7.3231365281968607e+01
5.6171996393074235e-02 -7.3231365281988673e+01
5.6763281004386046e-02 -7.3231365282012206e+01
5.7354565588963319e-02 -7.3231365282035426e+01
5.7945850147185049e-02 -7.3231365282058377e+01
5.8537134679430211e-02 -7.3231365282077533e+01
5.9128419186077849e-02 -7.3231365282102928e+01
5.9719703667506958e-02 -7.3231365282122823e+01
6.0310988124096521e-02 -7.3231365282146172e+01
6.0902272556225559e-02 -7.3231365282168412e+01
6.1493556964273076e-02 -7.3231365282191547e+01
6.2084841348618025e-02 -7.3231365282213574e+01
6.2676125709639444e-02 -7.3231365282235231e+01
6.3267410047716341e-02 -7.3231365282259276e+01
6.3858694363227705e-02 -7.3231365282283804e+01
6.4449978656552567e-02 -7.3231365282306186e+01
6.5041262928069943e-02 -7.3231365282326792e+01
6.5632547178158779e-02 -7.3231365282349174e+01
6.6223831407198147e-02 -7.3231365282372423e+01
6.6815115615567008e-02 -7.3231365282392332e+01
6.7406399803644379e-02 -7.3231365282414643e+01
6.7997683971809234e-02 -7.3231365282439654e+01
6.8588968120440588e-02 -7.3231365282461212e+01
6.9180252249917459e-02 -7.3231365282482415e+01
6.9771536360618891e-02 -7.3231365282504910e+01
7.0362820452923872e-02 -7.3231365282527420e+01
7.0954104527211376e-02 -7.3231365282552460e+01
7.1545388583860448e-02 -7.3231365282572625e+01
7.2136672623250103e-02 -7.3231365282595576e+01
7.2727956645759359e-02 -7.3231365282619279e+01
7.3319240651767259e-02 -7.3231365282641221e+01
7.3910524641652819e-02 -7.3231365282663333e+01
7.4501808615795057e-02 -7.3231365282686156e+01
7.5093092574572987e-02 -7.3231365282709689e+01
7.5684376518365598e-02 -7.3231365282730849e+01
7.6275660447551893e-02 -7.3231365282753544e+01
7.6866944362510903e-02 -7.3231365282776082e+01
7.7458228263621642e-02 -7.3231365282796176e+01
7.8049512151263142e-02 -7.3231365282820008e+01
7.8640796025814433e-02 -7.3231365282843029e+01
7.9232079887654516e-02 -7.3231365282865738e+01
7.9823363737162395e-02 -7.3231365282889641e+01
8.0414647574717099e-02 -7.3231365282909735e+01
8.1005931400697687e-02 -7.3231365282932259e+01
8.1597215215483132e-02 -7.3231365282954712e+01
8.2188499019452479e-02 -7.3231365282976938e+01
8.2779782812984773e-02 -7.3231365283001267e+01
8.3371066596459042e-02 -7.3231365283023194e+01
8.3962350370254277e-02 -7.3231365283045420e+01
8.4553634134749520e-02 -7.3231365283068200e+01
8.5144917890323787e-02 -7.3231365283090156e+01
8.5736201637356096e-02 -7.3231365283111828e+01
8.6327485376225477e-02 -7.3231365283134210e+01
8.6918769107310986e-02 -7.3231365283157203e+01
8.7510052830991600e-02 -7.3231365283179997e+01
8.8101336547646389e-02 -7.3231365283203161e+01
8.8692620257654328e-02 -7.3231365283224392e+01
8.9283903961394448e-02 -7.3231365283249204e+01
8.9875187659245778e-02 -7.3231365283268886e+01
9.0466471351587335e-02 -7.3231365283288156e+01
9.1057755038798205e-02 -7.3231365283314815e+01
9.1649038721257348e-02 -7.3231365283337183e+01
9.2240322399343794e-02 -7.3231365283360077e+01
9.2831606073436629e-02 -7.3231365283382857e+01
9.3422889743914828e-02 -7.3231365283404401e+01
9.4014173411157420e-02 -7.3231365283427436e+01
9.4605457075543548e-02 -7.3231365283449932e+01
9.5196740737452143e-02 -7.3231365283471533e+01
9.5788024397262278e-02 -7.3231365283493886e+01
9.6379308055352927e-02 -7.3231365283516993e+01
9.6970591712103121e-02 -7.3231365283539631e+01
9.7561875367891876e-02 -7.3231365283562837e+01
9.8153159023098221e-02 -7.3231365283582676e+01
9.8744442678101230e-02 -7.3231365283604205e+01
9.9335726333279875e-02 -7.3231365283629486e+01
9.9927009989013202e-02 -7.3231365283653929e+01
1.0000000000000001e-01 -7.3231365283653460e+01
