0.0000000000000000e+00 -7.2369328456691775e+01
5.8559864274758823e-04 -7.2369328456718250e+01
1.1711972856302297e-03 -7.2369328456742679e+01
1.7567959289173387e-03 -7.2369328456763213e+01
2.3423945728785573e-03 -7.2369328456786633e+01
2.9279932177835870e-03 -7.2369328456808987e+01
3.5135918639020687e-03 -7.2369328456830573e+01
4.0991905115037169e-03 -7.2369328456853452e+01
4.6847891608581939e-03 -7.2369328456875280e+01
5.2703878122351798e-03 -7.2369328456899154e+01
5.8559864659043547e-03 -7.2369328456920570e+01
6.4415851221353813e-03 -7.2369328456941417e+01
7.0271837811979477e-03 -7.2369328456963885e+01
7.6127824433617113e-03 -7.2369328456987532e+01
8.1983811088963566e-03 -7.2369328457009885e+01
8.7839797780715403e-03 -7.2369328457029937e+01
9.3695784511569364e-03 -7.2369328457055460e+01
9.9551771284222164e-03 -7.2369328457075540e+01
1.0540775810137060e-02 -7.2369328457095691e+01
1.1126374496571135e-02 -7.2369328457121100e+01
1.1711973187994107e-02 -7.2369328457145230e+01
1.2297571884675638e-02 -7.2369328457164912e+01
1.2883170586885427e-02 -7.2369328457189440e+01
1.3468769294893136e-02 -7.2369328457210699e+01
1.4054368008968438e-02 -7.2369328457232456e+01
1.4639966729381001e-02 -7.2369328457256387e+01
1.5225565456400492e-02 -7.2369328457276410e+01
1.5811164190296562e-02 -7.2369328457298991e+01
1.6396762931338890e-02 -7.2369328457321004e+01
1.6982361679797161e-02 -7.2369328457342917e+01
1.7567960435941023e-02 -7.2369328457366521e+01
1.8153559200040144e-02 -7.2369328457387354e+01
1.8739157972364199e-02 -7.2369328457409608e+01
1.9324756753182858e-02 -7.2369328457433866e+01
1.9910355542765788e-02 -7.2369328457456930e+01
2.0495954341382662e-02 -7.2369328457477877e+01
2.1081553149303163e-02 -7.2369328457499520e+01
2.1667151966796947e-02 -7.2369328457521519e+01
2.2252750794133667e-02 -7.2369328457545109e+01
2.2838349631583002e-02 -7.2369328457553124e+01
2.3423948479414564e-02 -7.2369328457588907e+01
2.4009547337898084e-02 -7.2369328457610536e+01
2.4595146207303194e-02 -7.2369328457634595e+01
2.5180745087899602e-02 -7.2369328457656977e+01
2.5766343979956946e-02 -7.2369328457677625e+01
2.6351942883744921e-02 -7.2369328457703105e+01
2.6937541799533168e-02 -7.2369328457722560e+01
2.7523140727591374e-02 -7.2369328457746960e+01
2.8108739668189182e-02 -7.2369328457767963e+01
2.8694338621596288e-02 -7.2369328457790445e+01
2.9279937588082325e-02 -7.2369328457812060e+01
2.9865536567916982e-02 -7.2369328457836730e+01
3.0451135561369906e-02 -7.2369328457857492e+01
3.1036734568710780e-02 -7.2369328457880670e+01
3.1622333590209266e-02 -7.2369328457902128e+01
3.2207932626135027e-02 -7.2369328457924738e+01
3.2793531676757713e-02 -7.2369328457946693e+01
3.3379130742347010e-02 -7.2369328457971562e+01
3.3964729823172550e-02 -7.2369328457990392e+01
3.4550328919504027e-02 -7.2369328458014280e+01
3.5135928031611079e-02 -7.2369328458036733e+01
3.5721527159763386e-02 -7.2369328458055747e+01
3.6307126304230587e-02 -7.2369328458080602e+01
3.6892725465282369e-02 -7.2369328458101847e+01
3.7478324643188371e-02 -7.2369328458125324e+01
3.8063923838218286e-02 -7.2369328458147905e+01
3.8649523050641767e-02 -7.2369328458170102e+01
3.9235122280728466e-02 -7.2369328458191845e+01
3.9820721528748042e-02 -7.2369328458215207e+01
4.0406320794970155e-02 -7.2369328458235600e+01
4.0991920079664498e-02 -7.2369328458260455e+01
4.1577519383100732e-02 -7.2369328458282567e+01
4.2163118705548584e-02 -7.2369328458304167e+01
4.2748718047277603e-02 -7.2369328458326734e+01
4.3334317408557553e-02 -7.2369328458348136e+01
4.3919916789657960e-02 -7.2369328458370177e+01
4.4505516190848526e-02 -7.2369328458392388e+01
4.5091115612398903e-02 -7.2369328458414415e+01
4.5676715054578737e-02 -7.2369328458437238e+01
4.6262314517657686e-02 -7.2369328458460544e+01
4.6847914001905404e-02 -7.2369328458482698e+01
4.7433513507591576e-02 -7.2369328458504583e+01
4.8019113034985822e-02 -7.2369328458526397e+01
4.8604712584357800e-02 -7.2369328458549788e+01
4.9190312155977148e-02 -7.2369328458573349e+01
4.9775911742166674e-02 -7.2369328458594353e+01
5.0361511305933866e-02 -7.2369328458617488e+01
5.0947110847548431e-02 -7.2369328458637995e+01
5.1532710367280049e-02 -7.2369328458659552e+01
5.2118309865398380e-02 -7.2369328458682673e+01
5.2703909342173075e-02 -7.2369328458704359e+01
5.3289508797873787e-02 -7.2369328458728816e+01
5.3875108232770176e-02 -7.2369328458750616e+01
5.4460707647131894e-02 -7.2369328458771264e+01
5.5046307041228593e-02 -7.2369328458794442e+01
5.5631906415329932e-02 -7.2369328458817563e+01
5.6217505769705564e-02 -7.2369328458838694e+01
5.6803105104625148e-02 -7.2369328458861972e+01
5.7388704420358344e-02 -7.2369328458882194e+01
5.7974303717174783e-02 -7.2369328458905542e+01
5.8559902995344165e-02 -7.2369328458927981e+01
5.9145502255136144e-02 -7.2369328458950619e+01
5.9731101496820406e-02 -7.2369328458973172e+01
6.0316700720666611e-02 -7.2369328458994588e+01
6.0902299926944445e-02 -7.2369328459016984e+01
6.1487899115923526e-02 -7.2369328459041228e+01
6.2073498287873535e-02 -7.2369328459062217e+01
6.2659097443064096e-02 -7.2369328459083789e+01
6.3244696581764889e-02 -7.2369328459108218e+01
6.3830295704245532e-02 -7.2369328459130216e+01
6.4415894810775712e-02 -7.2369328459152598e+01
6.5001493901625060e-02 -7.2369328459174042e+01
6.5587092977063277e-02 -7.2369328459195756e+01
6.6172692037359995e-02 -7.2369328459219261e+01
6.6758291082784929e-02 -7.2369328459240293e+01
6.7343890113607710e-02 -7.2369328459264565e+01
6.7929489130098025e-02 -7.2369328459285441e+01
6.8515088132525492e-02 -7.2369328459308832e+01
6.9100687121159673e-02 -7.2369328459331527e+01
6.9686286096270367e-02 -7.2369328459353511e+01
7.0271885058127231e-02 -7.2369328459373833e+01
7.0857484006999927e-02 -7.2369328459397636e+01
7.1443082943158126e-02 -7.2369328459419663e+01
7.2028681866871405e-02 -7.2369328459441064e+01
7.2614280778409521e-02 -7.2369328459464739e+01
7.3199879678042146e-02 -7.2369328459486596e+01
7.3785478566038940e-02 -7.2369328459509745e+01
7.4371077442669589e-02 -7.2369328459531445e+01
7.4956676308203726e-02 -7.2369328459554168e+01
7.5542275162911052e-02 -7.2369328459576963e+01
7.6127874007061197e-02 -7.2369328459598535e+01
7.6713472840923821e-02 -7.2369328459621755e+01
7.7299071664768598e-02 -7.2369328459641764e+01
7.7884670478865214e-02 -7.2369328459664388e+01
7.8470269283483343e-02 -7.2369328459687495e+01
7.9055868078892644e-02 -7.2369328459709124e+01
7.9641466865362789e-02 -7.2369328459731960e+01
8.0227065643163425e-02 -7.2369328459753731e+01
8.0812664412564225e-02 -7.2369328459776057e+01
8.1398263173834876e-02 -7.2369328459799831e+01
8.1983861927245036e-02 -7.2369328459819400e+01
8.2569460673064379e-02 -7.2369328459844581e+01
8.3155059411562454e-02 -7.2369328459863112e+01
8.3740658143009086e-02 -7.2369328459888152e+01
8.4326256867673921e-02 -7.2369328459912424e+01
8.4911855585826632e-02 -7.2369328459933897e+01
8.5497454297736877e-02 -7.2369328459954701e+01
8.6083053003674317e-02 -7.2369328459977737e+01
8.6668651703908625e-02 -7.2369328460000958e+01
8.7254250398709474e-02 -7.2369328460022047e+01
8.7839849088346536e-02 -7.2369328460044684e+01
8.8425447773089416e-02 -7.2369328460066200e+01
8.9011046453207857e-02 -7.2369328460087587e+01
8.9596645128971530e-02 -7.2369328460112271e+01
9.0182243800650097e-02 -7.2369328460133431e+01
9.0767842468513230e-02 -7.2369328460155998e+01
9.1353441132830601e-02 -7.2369328460179034e+01
9.1939039793871885e-02 -7.2369328460201629e+01
9.2524638451906741e-02 -7.2369328460221965e+01
9.3110237107204827e-02 -7.2369328460246393e+01
9.3695835760035803e-02 -7.2369328460269102e+01
9.4281434410669371e-02 -7.2369328460291655e+01
9.4867033059375189e-02 -7.2369328460312659e+01
9.5452631706422875e-02 -7.2369328460334387e+01
9.6038230352082171e-02 -7.2369328460356854e+01
9.6623828996622751e-02 -7.2369328460379634e+01
9.7209427640314261e-02 -7.2369328460402016e+01
9.7795026283426401e-02 -7.2369328460424114e+01
9.8380624926228830e-02 -7.2369328460447207e+01
9.8966223568991221e-02 -7.2369328460469120e+01
9.9551822211983249e-02 -7.2369328460491602e+01
1.0000000000000001e-01 -7.2369328460509351e+01
