0.0000000000000000e+00 -7.2369328456696039e+01
5.2866439864855609e-04 -7.2369328456697190e+01
1.0573287974161611e-03 -7.2369328456697488e+01
1.5859931965409131e-03 -7.2369328456695797e+01
2.1146575962609098e-03 -7.2369328456696408e+01
2.6433219968142498e-03 -7.2369328456696962e+01
3.1719863984390299e-03 -7.2369328456696778e+01
3.7006508013733490e-03 -7.2369328456695797e+01
4.2293152058553050e-03 -7.2369328456695882e+01
4.7579796121229945e-03 -7.2369328456695740e+01
5.2866440204145165e-03 -7.2369328456697190e+01
5.8153084309679687e-03 -7.2369328456696934e+01
6.3439728440214489e-03 -7.2369328456696351e+01
6.8726372598130539e-03 -7.2369328456696650e+01
7.4013016785808823e-03 -7.2369328456696451e+01
7.9299661005630320e-03 -7.2369328456695882e+01
8.4586305259975996e-03 -7.2369328456697218e+01
8.9872949551226822e-03 -7.2369328456697033e+01
9.5159593881763791e-03 -7.2369328456696621e+01
1.0044623825396786e-02 -7.2369328456697573e+01
1.0573288267022002e-02 -7.2369328456696351e+01
1.1101952713290123e-02 -7.2369328456697005e+01
1.1630617164439246e-02 -7.2369328456696195e+01
1.2159281620707469e-02 -7.2369328456697190e+01
1.2687946082332887e-02 -7.2369328456697360e+01
1.3216610549553599e-02 -7.2369328456696394e+01
1.3745275022607702e-02 -7.2369328456697005e+01
1.4273939501733291e-02 -7.2369328456697133e+01
1.4802603987168464e-02 -7.2369328456696238e+01
1.5331268479151318e-02 -7.2369328456696778e+01
1.5859932977919947e-02 -7.2369328456697545e+01
1.6388597483712450e-02 -7.2369328456696195e+01
1.6917261996766922e-02 -7.2369328456696721e+01
1.7445926517321460e-02 -7.2369328456696067e+01
1.7974591045614160e-02 -7.2369328456695371e+01
1.8503255581883118e-02 -7.2369328456696962e+01
1.9031920126366429e-02 -7.2369328456695897e+01
1.9560584679302186e-02 -7.2369328456696934e+01
2.0089249240928489e-02 -7.2369328456695783e+01
2.0617913811483431e-02 -7.2369328456696934e+01
2.1146578391205106e-02 -7.2369328456696479e+01
2.1675242980331612e-02 -7.2369328456697147e+01
2.2203907579101040e-02 -7.2369328456697332e+01
2.2732572187751487e-02 -7.2369328456697275e+01
2.3261236806521049e-02 -7.2369328456696621e+01
2.3789901435647819e-02 -7.2369328456697019e+01
2.4318566075369891e-02 -7.2369328456696437e+01
2.4847230725925359e-02 -7.2369328456696408e+01
2.5375895387552316e-02 -7.2369328456696394e+01
2.5904560060488857e-02 -7.2369328456695612e+01
2.6433224744973075e-02 -7.2369328456698057e+01
2.6961889441243066e-02 -7.2369328456696110e+01
2.7490554149536921e-02 -7.2369328456696294e+01
2.8019218870092732e-02 -7.2369328456696707e+01
2.8547883603148593e-02 -7.2369328456696891e+01
2.9076548348942594e-02 -7.2369328456696650e+01
2.9605213107712830e-02 -7.2369328456696621e+01
3.0133877879697391e-02 -7.2369328456696735e+01
3.0662542665134372e-02 -7.2369328456696522e+01
3.1191207464261864e-02 -7.2369328456697104e+01
3.1719872277317956e-02 -7.2369328456694817e+01
3.2248537104540745e-02 -7.2369328456697104e+01
3.2777201946168316e-02 -7.2369328456696493e+01
3.3305866802438758e-02 -7.2369328456696522e+01
3.3834531673590164e-02 -7.2369328456696081e+01
3.4363196559860629e-02 -7.2369328456695328e+01
3.4891861461488240e-02 -7.2369328456696309e+01
3.5420526378711084e-02 -7.2369328456696834e+01
3.5949191311767256e-02 -7.2369328456696977e+01
3.6477856260894843e-02 -7.2369328456696834e+01
3.7006521226331933e-02 -7.2369328456696479e+01
3.7535186208316612e-02 -7.2369328456695740e+01
3.8063851207086975e-02 -7.2369328456695925e+01
3.8592516222881103e-02 -7.2369328456696124e+01
3.9121181255937089e-02 -7.2369328456694731e+01
3.9649846306493021e-02 -7.2369328456696280e+01
4.0178511374786986e-02 -7.2369328456696380e+01
4.0707176461057065e-02 -7.2369328456697474e+01
4.1235841565541352e-02 -7.2369328456696181e+01
4.1764506688477934e-02 -7.2369328456695627e+01
4.2293171830104892e-02 -7.2369328456695953e+01
4.2821836990660313e-02 -7.2369328456696209e+01
4.3350502170382284e-02 -7.2369328456697133e+01
4.3879167369508892e-02 -7.2369328456695627e+01
4.4407832588278219e-02 -7.2369328456695996e+01
4.4936497826928351e-02 -7.2369328456696778e+01
4.5465163085697376e-02 -7.2369328456696451e+01
4.5993828364823373e-02 -7.2369328456696977e+01
4.6522493664544431e-02 -7.2369328456697488e+01
4.7051158985098630e-02 -7.2369328456697062e+01
4.7579824326724050e-02 -7.2369328456696209e+01
4.8108489689658779e-02 -7.2369328456697872e+01
4.8637155074140896e-02 -7.2369328456695953e+01
4.9165820480408483e-02 -7.2369328456697318e+01
4.9694485908699619e-02 -7.2369328456696778e+01
5.0223151359252392e-02 -7.2369328456695840e+01
5.0751816832304883e-02 -7.2369328456696749e+01
5.1280482328095164e-02 -7.2369328456695811e+01
5.1809147846861324e-02 -7.2369328456695840e+01
5.2337813388841435e-02 -7.2369328456696124e+01
5.2866478954273585e-02 -7.2369328456696010e+01
5.3395144543395848e-02 -7.2369328456695754e+01
5.3923810156446303e-02 -7.2369328456695740e+01
5.4452475793663031e-02 -7.2369328456695527e+01
5.4981141455284106e-02 -7.2369328456697232e+01
5.5509807141547608e-02 -7.2369328456693211e+01
5.6038472852691618e-02 -7.2369328456696337e+01
5.6567138588954208e-02 -7.2369328456695953e+01
5.7095804350573452e-02 -7.2369328456697389e+01
5.7624470137787431e-02 -7.2369328456698625e+01
5.8153135950834219e-02 -7.2369328456697460e+01
5.8681801789951887e-02 -7.2369328456697730e+01
5.9210467655378511e-02 -7.2369328456696820e+01
5.9739133547352170e-02 -7.2369328456696195e+01
6.0267799466110938e-02 -7.2369328456695484e+01
6.0796465411892882e-02 -7.2369328456696664e+01
6.1325131384936081e-02 -7.2369328456695229e+01
6.1853797385478602e-02 -7.2369328456695470e+01
6.2382463413758520e-02 -7.2369328456695683e+01
6.2911129470013913e-02 -7.2369328456695257e+01
6.3439795554482842e-02 -7.2369328456696351e+01
6.3968461667403373e-02 -7.2369328456695740e+01
6.4497127809013594e-02 -7.2369328456695087e+01
6.5025793979551563e-02 -7.2369328456695527e+01
6.5554460179255356e-02 -7.2369328456695968e+01
6.6083126408363030e-02 -7.2369328456696607e+01
6.6611792667112660e-02 -7.2369328456696536e+01
6.7140458955742319e-02 -7.2369328456696692e+01
6.7669125274490066e-02 -7.2369328456696707e+01
6.8197791623593976e-02 -7.2369328456696834e+01
6.8726458003292107e-02 -7.2369328456697602e+01
6.9255124413822533e-02 -7.2369328456697517e+01
6.9783790855423314e-02 -7.2369328456696834e+01
7.0312457328332523e-02 -7.2369328456696550e+01
7.0841123832788219e-02 -7.2369328456697630e+01
7.1369790369028463e-02 -7.2369328456694944e+01
7.1898456937291313e-02 -7.2369328456696621e+01
7.2427123537814844e-02 -7.2369328456695612e+01
7.2955790170837115e-02 -7.2369328456695513e+01
7.3484456836596185e-02 -7.2369328456694987e+01
7.4013123535330114e-02 -7.2369328456695868e+01
7.4541790267276975e-02 -7.2369328456696309e+01
7.5070457032674814e-02 -7.2369328456696749e+01
7.5599123831761705e-02 -7.2369328456696579e+01
7.6127790664775694e-02 -7.2369328456696337e+01
7.6656457531954839e-02 -7.2369328456695854e+01
7.7185124433537200e-02 -7.2369328456696323e+01
7.7713791369760837e-02 -7.2369328456695769e+01
7.8242458340863810e-02 -7.2369328456697005e+01
7.8771125347084178e-02 -7.2369328456697914e+01
7.9299792388659987e-02 -7.2369328456696707e+01
7.9828459465829296e-02 -7.2369328456697048e+01
8.0357126578830165e-02 -7.2369328456696095e+01
8.0885793727900640e-02 -7.2369328456696579e+01
8.1414460913278780e-02 -7.2369328456695129e+01
8.1943128135202631e-02 -7.2369328456696593e+01
8.2471795393910252e-02 -7.2369328456695825e+01
8.3000462689639690e-02 -7.2369328456697005e+01
8.3529130022629003e-02 -7.2369328456696493e+01
8.4057797393116238e-02 -7.2369328456696181e+01
8.4586464801339439e-02 -7.2369328456695428e+01
8.5115132247536668e-02 -7.2369328456696323e+01
8.5643799731945955e-02 -7.2369328456696081e+01
8.6172467254805360e-02 -7.2369328456696309e+01
8.6701134816352929e-02 -7.2369328456699989e+01
8.7229802416826721e-02 -7.2369328456696806e+01
8.7758470056464769e-02 -7.2369328456697446e+01
8.8287137735505117e-02 -7.2369328456696849e+01
8.8815805454185812e-02 -7.2369328456695143e+01
8.9344473212744899e-02 -7.2369328456696962e+01
8.9873141011420424e-02 -7.2369328456696067e+01
9.0401808850450432e-02 -7.2369328456695513e+01
9.0930476730072957e-02 -7.2369328456696309e+01
9.1459144650526042e-02 -7.2369328456696806e+01
9.1987812612047734e-02 -7.2369328456696081e+01
9.2516480614876079e-02 -7.2369328456695342e+01
9.3045148659249108e-02 -7.2369328456696010e+01
9.3573816745404853e-02 -7.2369328456697005e+01
9.4102484873581360e-02 -7.2369328456696294e+01
9.4631153044016661e-02 -7.2369328456696934e+01
9.5159821256948801e-02 -7.2369328456695143e+01
9.5688489512615812e-02 -7.2369328456695825e+01
9.6217157811255741e-02 -7.2369328456696152e+01
9.6745826153106604e-02 -7.2369328456694944e+01
9.7274494538406447e-02 -7.2369328456695740e+01
9.7803162967393303e-02 -7.2369328456696010e+01
9.8331831440305204e-02 -7.2369328456696266e+01
9.8860499931111206e-02 -7.2369328456695570e+01
9.9389168377895562e-02 -7.2369328456696223e+01
9.9917836780896288e-02 -7.2369328456696763e+01
1.0000000000000001e-01 -7.2369328456696522e+01
