0.0000000000000000e+00 -7.2369328456696039e+01
1.8591598030573430e-03 -7.2369328458946754e+01
3.7183196104210101e-03 -7.2369328461195508e+01
5.5774794307199577e-03 -7.2369328463444546e+01
7.4366392725910765e-03 -7.2369328465694551e+01
9.2957991446567766e-03 -7.2369328467943205e+01
1.1154959055553703e-02 -7.2369328470191817e+01
1.3014119013903145e-02 -7.2369328472442461e+01
1.4873279028334904e-02 -7.2369328474691017e+01
1.6732439107478844e-02 -7.2369328476940694e+01
1.8591599259966403e-02 -7.2369328479188596e+01
2.0450759494423463e-02 -7.2369328481437648e+01
2.2309919819481057e-02 -7.2369328483687283e+01
2.4169080243766794e-02 -7.2369328485936663e+01
2.6028240775906614e-02 -7.2369328488185431e+01
2.7887401424533855e-02 -7.2369328490432906e+01
2.9746562198314976e-02 -7.2369328492682882e+01
3.1605723105885671e-02 -7.2369328494931963e+01
3.3464884155844248e-02 -7.2369328497181144e+01
3.5324045356803342e-02 -7.2369328499430807e+01
3.7183206717406346e-02 -7.2369328501679846e+01
3.9042368246267355e-02 -7.2369328503927917e+01
4.0901529952032188e-02 -7.2369328506177908e+01
4.2760691843330298e-02 -7.2369328508426918e+01
4.4619853928788818e-02 -7.2369328510674933e+01
4.6479016217036477e-02 -7.2369328512924852e+01
4.8338178716692382e-02 -7.2369328515174189e+01
5.0197341436388453e-02 -7.2369328517422716e+01
5.2056504384764800e-02 -7.2369328519671825e+01
5.3915667570442201e-02 -7.2369328521921062e+01
5.5774831002056005e-02 -7.2369328524169916e+01
5.7633994688235081e-02 -7.2369328526419181e+01
5.9493158637608672e-02 -7.2369328528668404e+01
6.1352322858805881e-02 -7.2369328530917059e+01
6.3211487360454316e-02 -7.2369328533166296e+01
6.5070652151183045e-02 -7.2369328535414709e+01
6.6929817239616871e-02 -7.2369328537664842e+01
6.8788982634390455e-02 -7.2369328539913326e+01
7.0648148344131495e-02 -7.2369328542162336e+01
7.2507314377468907e-02 -7.2369328544411502e+01
7.4366480743031538e-02 -7.2369328546660000e+01
7.6225647449444101e-02 -7.2369328548909081e+01
7.8084814505339536e-02 -7.2369328551158461e+01
7.9943981919342946e-02 -7.2369328553407186e+01
8.1803149700087271e-02 -7.2369328555656281e+01
8.3662317856200250e-02 -7.2369328557904581e+01
8.5521486396307661e-02 -7.2369328560154074e+01
8.7380655329038256e-02 -7.2369328562402401e+01
8.9239824663020703e-02 -7.2369328564651653e+01
9.1098994406883599e-02 -7.2369328566900805e+01
9.2958164569255458e-02 -7.2369328569149474e+01
9.4817335158763449e-02 -7.2369328571398810e+01
9.6676506184036406e-02 -7.2369328573647394e+01
9.8535677653702886e-02 -7.2369328575896517e+01
1.0000000000000001e-01 -7.2369328577667147e+01
