0.0000000000000000e+00 -7.2369328456706981e+01
1.8445201419688853e-04 -7.2369328456700941e+01
3.6890402839799064e-04 -7.2369328456701254e+01
5.5335604261173377e-04 -7.2369328456696792e+01
7.3780805684654511e-04 -7.2369328456694390e+01
9.2226007111085185e-04 -7.2369328456702789e+01
1.1067120854130811e-03 -7.2369328456701126e+01
1.2911640997616601e-03 -7.2369328456697374e+01
1.4756161141650159e-03 -7.2369328456693495e+01
1.6600681286315761e-03 -7.2369328456708033e+01
1.8445201431697676e-03 -7.2369328456695513e+01
2.0289721577880179e-03 -7.2369328456692372e+01
2.2134241724947540e-03 -7.2369328456700686e+01
2.3978761872984031e-03 -7.2369328456683988e+01
2.5823282022073924e-03 -7.2369328456705603e+01
2.7667802172301496e-03 -7.2369328456692159e+01
2.9512322323751012e-03 -7.2369328456695186e+01
3.1356842476506748e-03 -7.2369328456695058e+01
3.3201362630652979e-03 -7.2369328456699193e+01
3.5045882786273971e-03 -7.2369328456699932e+01
3.6890402943453998e-03 -7.2369328456702121e+01
3.8734923102277333e-03 -7.2369328456699506e+01
4.0579443262828254e-03 -7.2369328456695612e+01
4.2423963425191023e-03 -7.2369328456700302e+01
4.4268483589449915e-03 -7.2369328456694745e+01
4.6113003755689202e-03 -7.2369328456699080e+01
4.7957523923993165e-03 -7.2369328456703158e+01
4.9802044094446069e-03 -7.2369328456704366e+01
5.1646564267132187e-03 -7.2369328456697886e+01
5.3491084442135791e-03 -7.2369328456702846e+01
5.5335604619541155e-03 -7.2369328456708629e+01
5.7180124799432550e-03 -7.2369328456706967e+01
5.9024644981894242e-03 -7.2369328456703570e+01
6.0869165167010512e-03 -7.2369328456713191e+01
6.2713685354865625e-03 -7.2369328456708786e+01
6.4558205545543861e-03 -7.2369328456701865e+01
6.6402725739129484e-03 -7.2369328456707237e+01
6.8247245935706769e-03 -7.2369328456698412e+01
7.0091766135359996e-03 -7.2369328456697957e+01
7.1936286338173429e-03 -7.2369328456704608e+01
7.3780806544231341e-03 -7.2369328456711344e+01
7.5625326753618006e-03 -7.2369328456704849e+01
7.7469846966417687e-03 -7.2369328456701211e+01
7.9314367182714667e-03 -7.2369328456716062e+01
8.1158887402593208e-03 -7.2369328456712935e+01
8.3003407626137601e-03 -7.2369328456704395e+01
8.4847927853432103e-03 -7.2369328456708217e+01
8.6692448084560985e-03 -7.2369328456704480e+01
8.8536968319608521e-03 -7.2369328456707777e+01
9.0381488558658983e-03 -7.2369328456719515e+01
9.2226008801796645e-03 -7.2369328456704196e+01
9.4070529049105778e-03 -7.2369328456701680e+01
9.5915049300670657e-03 -7.2369328456709738e+01
9.7759569556575554e-03 -7.2369328456706853e+01
9.9604089816904742e-03 -7.2369328456709226e+01
1.0144861008174249e-02 -7.2369328456713703e+01
1.0329313035117308e-02 -7.2369328456718009e+01
1.0513765062528076e-02 -7.2369328456712310e+01
1.0698217090414982e-02 -7.2369328456706711e+01
1.0882669118786454e-02 -7.2369328456707294e+01
1.1067121147650917e-02 -7.2369328456706185e+01
1.1251573177016800e-02 -7.2369328456719231e+01
1.1436025206892528e-02 -7.2369328456713049e+01
1.1620477237286530e-02 -7.2369328456710505e+01
1.1804929268207233e-02 -7.2369328456703656e+01
1.1989381299663064e-02 -7.2369328456710818e+01
1.2173833331662449e-02 -7.2369328456714229e+01
1.2358285364213817e-02 -7.2369328456708729e+01
1.2542737397325596e-02 -7.2369328456715706e+01
1.2727189431006211e-02 -7.2369328456713319e+01
1.2911641465264089e-02 -7.2369328456707663e+01
1.3096093500107658e-02 -7.2369328456714754e+01
1.3280545535545345e-02 -7.2369328456706810e+01
1.3464997571585579e-02 -7.2369328456721803e+01
1.3649449608236785e-02 -7.2369328456707862e+01
1.3833901645507390e-02 -7.2369328456711898e+01
1.4018353683405822e-02 -7.2369328456715110e+01
1.4202805721940510e-02 -7.2369328456716076e+01
1.4387257761119878e-02 -7.2369328456712751e+01
1.4571709800952353e-02 -7.2369328456718719e+01
1.4756161841446366e-02 -7.2369328456709425e+01
1.4940613882610341e-02 -7.2369328456721462e+01
1.5125065924452705e-02 -7.2369328456716786e+01
1.5309517966981887e-02 -7.2369328456711884e+01
1.5493970010206312e-02 -7.2369328456718023e+01
1.5678422054134410e-02 -7.2369328456714769e+01
1.5862874098774606e-02 -7.2369328456711756e+01
1.6047326144135329e-02 -7.2369328456714427e+01
1.6231778190225005e-02 -7.2369328456711031e+01
1.6416230237052059e-02 -7.2369328456713987e+01
1.6600682284624923e-02 -7.2369328456712196e+01
1.6785134332952020e-02 -7.2369328456709866e+01
1.6969586382041778e-02 -7.2369328456719003e+01
1.7154038431902625e-02 -7.2369328456716801e+01
1.7338490482542986e-02 -7.2369328456724503e+01
1.7522942533971294e-02 -7.2369328456713717e+01
1.7707394586195972e-02 -7.2369328456711486e+01
1.7891846639225446e-02 -7.2369328456721888e+01
1.8076298693068146e-02 -7.2369328456713419e+01
1.8260750747732497e-02 -7.2369328456712523e+01
1.8445202803226927e-02 -7.2369328456715934e+01
1.8629654859559860e-02 -7.2369328456719330e+01
1.8814106916739726e-02 -7.2369328456713419e+01
1.8998558974774954e-02 -7.2369328456712353e+01
1.9183011033673970e-02 -7.2369328456727843e+01
1.9367463093445197e-02 -7.2369328456704238e+01
1.9551915154097068e-02 -7.2369328456722087e+01
1.9736367215638009e-02 -7.2369328456713419e+01
1.9920819278076443e-02 -7.2369328456716516e+01
2.0105271341420802e-02 -7.2369328456714030e+01
2.0289723405679510e-02 -7.2369328456714882e+01
2.0474175470860997e-02 -7.2369328456717938e+01
2.0658627536973687e-02 -7.2369328456726976e+01
2.0843079604026007e-02 -7.2369328456725654e+01
2.1027531672026388e-02 -7.2369328456718520e+01
2.1211983740983254e-02 -7.2369328456721576e+01
2.1396435810905032e-02 -7.2369328456724006e+01
2.1580887881800150e-02 -7.2369328456722187e+01
2.1765339953677035e-02 -7.2369328456725114e+01
2.1949792026544113e-02 -7.2369328456725043e+01
2.2134244100409813e-02 -7.2369328456727388e+01
2.2318696175282562e-02 -7.2369328456726009e+01
2.2503148251170786e-02 -7.2369328456719629e+01
2.2687600328082914e-02 -7.2369328456730528e+01
2.2872052406027372e-02 -7.2369328456719487e+01
2.3056504485012584e-02 -7.2369328456721959e+01
2.3240956565046982e-02 -7.2369328456721604e+01
2.3425408646138988e-02 -7.2369328456714044e+01
2.3609860728297034e-02 -7.2369328456726990e+01
2.3794312811529546e-02 -7.2369328456723125e+01
2.3978764895844950e-02 -7.2369328456729320e+01
2.4163216981251671e-02 -7.2369328456720837e+01
2.4347669067758142e-02 -7.2369328456725768e+01
2.4532121155372785e-02 -7.2369328456732987e+01
2.4716573244104027e-02 -7.2369328456719231e+01
2.4901025331858305e-02 -7.2369328456724290e+01
2.5085477418503352e-02 -7.2369328456731239e+01
2.5269929504047595e-02 -7.2369328456726024e+01
2.5454381588499463e-02 -7.2369328456725142e+01
2.5638833671867381e-02 -7.2369328456726478e+01
2.5823285754159774e-02 -7.2369328456732489e+01
2.6007737835385073e-02 -7.2369328456729505e+01
2.6192189915551705e-02 -7.2369328456730202e+01
2.6376641994668097e-02 -7.2369328456729235e+01
2.6561094072742673e-02 -7.2369328456720368e+01
2.6745546149783864e-02 -7.2369328456728582e+01
2.6929998225800094e-02 -7.2369328456725512e+01
2.7114450300799793e-02 -7.2369328456720453e+01
2.7298902374791385e-02 -7.2369328456717014e+01
2.7483354447783298e-02 -7.2369328456727629e+01
2.7667806519783959e-02 -7.2369328456727672e+01
2.7852258590801798e-02 -7.2369328456741286e+01
2.8036710660845239e-02 -7.2369328456728027e+01
2.8221162729922710e-02 -7.2369328456735559e+01
2.8405614798042638e-02 -7.2369328456734820e+01
2.8590066865213450e-02 -7.2369328456725810e+01
2.8774518931443574e-02 -7.2369328456732845e+01
2.8958970996741436e-02 -7.2369328456735190e+01
2.9143423061115465e-02 -7.2369328456730443e+01
2.9327875124574083e-02 -7.2369328456724801e+01
2.9512327187125723e-02 -7.2369328456733072e+01
2.9696779248778810e-02 -7.2369328456727700e+01
2.9881231309541772e-02 -7.2369328456731623e+01
3.0065683369423033e-02 -7.2369328456731651e+01
3.0250135428431024e-02 -7.2369328456742167e+01
3.0434587486574169e-02 -7.2369328456729249e+01
3.0619039543860898e-02 -7.2369328456731793e+01
3.0803491600299635e-02 -7.2369328456737321e+01
3.0987943655898811e-02 -7.2369328456726222e+01
3.1172395710666850e-02 -7.2369328456728425e+01
3.1356847764612179e-02 -7.2369328456740831e+01
3.1541299817743229e-02 -7.2369328456726294e+01
3.1725751870068424e-02 -7.2369328456732589e+01
3.1910203921596186e-02 -7.2369328456726265e+01
3.2094655972334955e-02 -7.2369328456742380e+01
3.2279108022293147e-02 -7.2369328456737506e+01
3.2463560071479193e-02 -7.2369328456735801e+01
3.2648012119901523e-02 -7.2369328456730756e+01
3.2832464167568562e-02 -7.2369328456730997e+01
3.3016916214488733e-02 -7.2369328456736085e+01
3.3201368260670466e-02 -7.2369328456736497e+01
3.3385820306122187e-02 -7.2369328456731509e+01
3.3570272350852325e-02 -7.2369328456731495e+01
3.3754724394869311e-02 -7.2369328456745748e+01
3.3939176438181569e-02 -7.2369328456741883e+01
3.4123628480797523e-02 -7.2369328456730585e+01
3.4308080522725604e-02 -7.2369328456734650e+01
3.4492532563974235e-02 -7.2369328456736341e+01
3.4676984604551847e-02 -7.2369328456735843e+01
3.4861436644466864e-02 -7.2369328456729178e+01
3.5045888683727718e-02 -7.2369328456743446e+01
3.5230340722342830e-02 -7.2369328456740917e+01
3.5414792760320633e-02 -7.2369328456738458e+01
3.5599244797669551e-02 -7.2369328456741812e+01
3.5783696834398013e-02 -7.2369328456749514e+01
3.5968148870514444e-02 -7.2369328456736000e+01
3.6152600906027274e-02 -7.2369328456739382e+01
3.6337052940944928e-02 -7.2369328456734209e+01
3.6521504975275836e-02 -7.2369328456745023e+01
3.6705957009028421e-02 -7.2369328456744640e+01
3.6890409042211116e-02 -7.2369328456744185e+01
3.7074861074832342e-02 -7.2369328456732461e+01
3.7259313106900525e-02 -7.2369328456736866e+01
3.7443765138424095e-02 -7.2369328456743020e+01
3.7628217169411483e-02 -7.2369328456748690e+01
3.7812669199871113e-02 -7.2369328456729860e+01
3.7997121229811415e-02 -7.2369328456755426e+01
3.8181573259240813e-02 -7.2369328456747937e+01
3.8366025288167731e-02 -7.2369328456741499e+01
3.8550477316600600e-02 -7.2369328456745151e+01
3.8734929344547850e-02 -7.2369328456739638e+01
3.8919381372017899e-02 -7.2369328456737890e+01
3.9103833399019183e-02 -7.2369328456745308e+01
3.9288285425560128e-02 -7.2369328456740419e+01
3.9472737451649156e-02 -7.2369328456747567e+01
3.9657189477294699e-02 -7.2369328456741457e+01
3.9841641502505187e-02 -7.2369328456733825e+01
4.0026093527289038e-02 -7.2369328456735701e+01
4.0210545551654688e-02 -7.2369328456749216e+01
4.0394997575610561e-02 -7.2369328456738117e+01
4.0579449599165082e-02 -7.2369328456745819e+01
4.0763901622326681e-02 -7.2369328456742494e+01
4.0948353645103783e-02 -7.2369328456747212e+01
4.1132805667504817e-02 -7.2369328456740732e+01
4.1317257689538207e-02 -7.2369328456751504e+01
4.1501709711212385e-02 -7.2369328456745720e+01
4.1686161732535781e-02 -7.2369328456745819e+01
4.1870613753516812e-02 -7.2369328456747766e+01
4.2055065774163916e-02 -7.2369328456740249e+01
4.2239517794485509e-02 -7.2369328456744071e+01
4.2423969814490030e-02 -7.2369328456732518e+01
4.2608421834185894e-02 -7.2369328456743872e+01
4.2792873853581541e-02 -7.2369328456746047e+01
4.2977325872685386e-02 -7.2369328456744014e+01
4.3161777891505861e-02 -7.2369328456746885e+01
4.3346229910051395e-02 -7.2369328456744086e+01
4.3530681928330414e-02 -7.2369328456745890e+01
4.3715133946351348e-02 -7.2369328456745635e+01
4.3899585964122620e-02 -7.2369328456763981e+01
4.4084037981652661e-02 -7.2369328456744526e+01
4.4268489998949896e-02 -7.2369328456741158e+01
4.4452942016022755e-02 -7.2369328456746317e+01
4.4637394032879661e-02 -7.2369328456750296e+01
4.4821846049529039e-02 -7.2369328456737506e+01
4.5006298065979319e-02 -7.2369328456751703e+01
4.5190750082238933e-02 -7.2369328456755611e+01
4.5375202098316303e-02 -7.2369328456756676e+01
4.5559654114219861e-02 -7.2369328456753294e+01
4.5744106129958030e-02 -7.2369328456750821e+01
4.5928558145539235e-02 -7.2369328456748846e+01
4.6113010160971905e-02 -7.2369328456747994e+01
4.6297462176264473e-02 -7.2369328456753905e+01
4.6481914191425361e-02 -7.2369328456747326e+01
4.6666366206462993e-02 -7.2369328456761664e+01
4.6850818221385801e-02 -7.2369328456754076e+01
4.7035270236202215e-02 -7.2369328456750750e+01
4.7219722250920658e-02 -7.2369328456752740e+01
4.7404174265549555e-02 -7.2369328456763697e+01
4.7588626280097336e-02 -7.2369328456743261e+01
4.7773078294572432e-02 -7.2369328456761508e+01
4.7957530308983268e-02 -7.2369328456755483e+01
4.8141982323338266e-02 -7.2369328456757643e+01
4.8326434337645857e-02 -7.2369328456750679e+01
4.8510886351914473e-02 -7.2369328456747567e+01
4.8695338366152537e-02 -7.2369328456757302e+01
4.8879790380368472e-02 -7.2369328456752129e+01
4.9064242394570710e-02 -7.2369328456752157e+01
4.9248694408767675e-02 -7.2369328456754161e+01
4.9433146422967797e-02 -7.2369328456749315e+01
4.9617598437179500e-02 -7.2369328456752584e+01
4.9802050451411214e-02 -7.2369328456753010e+01
4.9986502465671372e-02 -7.2369328456753848e+01
5.0170954479968388e-02 -7.2369328456756250e+01
5.0355406494310702e-02 -7.2369328456751830e+01
5.0539858508706736e-02 -7.2369328456756207e+01
5.0724310523164916e-02 -7.2369328456757174e+01
5.0908762537693671e-02 -7.2369328456750480e+01
5.1093214552301425e-02 -7.2369328456763810e+01
5.1277666566996609e-02 -7.2369328456760059e+01
5.1462118581787647e-02 -7.2369328456760357e+01
5.1646570596682970e-02 -7.2369328456761124e+01
5.1831022611691001e-02 -7.2369328456770688e+01
5.2015474626820171e-02 -7.2369328456758225e+01
5.2199926642078905e-02 -7.2369328456760613e+01
5.2384378657475632e-02 -7.2369328456756193e+01
5.2568830673018777e-02 -7.2369328456760769e+01
5.2753282688716763e-02 -7.2369328456750495e+01
5.2937734704578028e-02 -7.2369328456762943e+01
5.3122186720610989e-02 -7.2369328456764165e+01
5.3306638736824084e-02 -7.2369328456771001e+01
5.3491090753225730e-02 -7.2369328456762105e+01
5.3675542769824357e-02 -7.2369328456753308e+01
5.3859994786628396e-02 -7.2369328456756037e+01
5.4044446803646271e-02 -7.2369328456757430e+01
5.4228898820886412e-02 -7.2369328456765402e+01
5.4413350838357244e-02 -7.2369328456760911e+01
5.4597802856067190e-02 -7.2369328456761707e+01
5.4782254874024681e-02 -7.2369328456762631e+01
5.4966706892238149e-02 -7.2369328456769907e+01
5.5151158910716015e-02 -7.2369328456768841e+01
5.5335610929466712e-02 -7.2369328456754971e+01
5.5520062948498664e-02 -7.2369328456758467e+01
5.5704514967820293e-02 -7.2369328456766340e+01
5.5888966987440031e-02 -7.2369328456766141e+01
5.6073419007366308e-02 -7.2369328456764777e+01
5.6257871027607549e-02 -7.2369328456765160e+01
5.6442323048172177e-02 -7.2369328456761835e+01
5.6626775069068623e-02 -7.2369328456758510e+01
5.6811227090305318e-02 -7.2369328456759206e+01
5.6995679111890685e-02 -7.2369328456759362e+01
5.7180131133833148e-02 -7.2369328456766510e+01
5.7364583156141138e-02 -7.2369328456769694e+01
5.7549035178823080e-02 -7.2369328456762247e+01
5.7733487201887403e-02 -7.2369328456766127e+01
5.7917939225342538e-02 -7.2369328456761920e+01
5.8102391249196909e-02 -7.2369328456768898e+01
5.8286843273458941e-02 -7.2369328456768912e+01
5.8471295298137063e-02 -7.2369328456764293e+01
5.8655747323239700e-02 -7.2369328456756392e+01
5.8840199348775282e-02 -7.2369328456763071e+01
5.9024651374752234e-02 -7.2369328456766937e+01
5.9209103401178985e-02 -7.2369328456757373e+01
5.9393555428063967e-02 -7.2369328456771186e+01
5.9578007455415596e-02 -7.2369328456771782e+01
5.9762459483242311e-02 -7.2369328456771470e+01
5.9946911511552528e-02 -7.2369328456764123e+01
6.0131363540354685e-02 -7.2369328456778177e+01
6.0315815569657198e-02 -7.2369328456768173e+01
6.0500267599468506e-02 -7.2369328456772820e+01
6.0684719629797025e-02 -7.2369328456766794e+01
6.0869171660651193e-02 -7.2369328456757344e+01
6.1053623692039427e-02 -7.2369328456763242e+01
6.1238075723970158e-02 -7.2369328456771626e+01
6.1422527756451815e-02 -7.2369328456770575e+01
6.1606979789492824e-02 -7.2369328456764919e+01
6.1791431823101615e-02 -7.2369328456770347e+01
6.1975883857286612e-02 -7.2369328456770916e+01
6.2160335892056245e-02 -7.2369328456767931e+01
6.2344787927418939e-02 -7.2369328456769125e+01
6.2529239963383124e-02 -7.2369328456763370e+01
6.2713691999957216e-02 -7.2369328456760016e+01
6.2898144037149648e-02 -7.2369328456779400e+01
6.3082596074968855e-02 -7.2369328456774866e+01
6.3267048113423263e-02 -7.2369328456771356e+01
6.3451500152521295e-02 -7.2369328456778234e+01
6.3635952192271375e-02 -7.2369328456774895e+01
6.3820404232681927e-02 -7.2369328456776614e+01
6.4004856273761387e-02 -7.2369328456776287e+01
6.4189308315518182e-02 -7.2369328456771868e+01
6.4373760357960733e-02 -7.2369328456772422e+01
6.4558212401097478e-02 -7.2369328456767803e+01
6.4742664444936843e-02 -7.2369328456780082e+01
6.4927116489487249e-02 -7.2369328456779911e+01
6.5111568534757122e-02 -7.2369328456764265e+01
6.5296020580754885e-02 -7.2369328456766937e+01
6.5480472627488975e-02 -7.2369328456769097e+01
6.5664924674967817e-02 -7.2369328456787258e+01
6.5849376723199834e-02 -7.2369328456785937e+01
6.6033828772193451e-02 -7.2369328456769594e+01
6.6218280821957104e-02 -7.2369328456788779e+01
6.6402732872499218e-02 -7.2369328456776046e+01
6.6587184923828216e-02 -7.2369328456762233e+01
6.6771636975952522e-02 -7.2369328456778959e+01
6.6956089028880575e-02 -7.2369328456774170e+01
6.7140541082620797e-02 -7.2369328456776742e+01
6.7324993137181613e-02 -7.2369328456773445e+01
6.7509445192571446e-02 -7.2369328456783848e+01
6.7693897248798734e-02 -7.2369328456768571e+01
6.7878349305871902e-02 -7.2369328456786278e+01
6.8062801363799372e-02 -7.2369328456774042e+01
6.8247253422589568e-02 -7.2369328456785638e+01
6.8431705482250915e-02 -7.2369328456777552e+01
6.8616157542791850e-02 -7.2369328456782966e+01
6.8800609604220797e-02 -7.2369328456772251e+01
6.8985061666546180e-02 -7.2369328456772493e+01
6.9169513729776436e-02 -7.2369328456785766e+01
6.9353965793919975e-02 -7.2369328456792601e+01
6.9538417858985235e-02 -7.2369328456767875e+01
6.9722869924980654e-02 -7.2369328456778959e+01
6.9907321991914642e-02 -7.2369328456778149e+01
7.0091774059795636e-02 -7.2369328456786306e+01
7.0276226128632047e-02 -7.2369328456790484e+01
7.0460678198432325e-02 -7.2369328456782668e+01
7.0645130269204881e-02 -7.2369328456785809e+01
7.0829582340958139e-02 -7.2369328456774895e+01
7.1014034413700536e-02 -7.2369328456778504e+01
7.1198486487440496e-02 -7.2369328456772905e+01
7.1382938562186457e-02 -7.2369328456774440e+01
7.1567390637946829e-02 -7.2369328456775534e+01
7.1751842714730049e-02 -7.2369328456780408e+01
7.1936294792544542e-02 -7.2369328456781929e+01
7.2120746871398730e-02 -7.2369328456772209e+01
7.2305198951301053e-02 -7.2369328456780721e+01
7.2489651032259919e-02 -7.2369328456779130e+01
7.2674103114283767e-02 -7.2369328456775449e+01
7.2858555197381034e-02 -7.2369328456780252e+01
7.3043007281560129e-02 -7.2369328456774952e+01
7.3227459366829492e-02 -7.2369328456780693e+01
7.3411911453197545e-02 -7.2369328456781474e+01
7.3596363540672713e-02 -7.2369328456776131e+01
7.3780815629263419e-02 -7.2369328456788750e+01
7.3965267717157474e-02 -7.2369328456779670e+01
7.4149719803941236e-02 -7.2369328456774525e+01
7.4334171889623130e-02 -7.2369328456785496e+01
7.4518623974211592e-02 -7.2369328456787855e+01
7.4703076057715048e-02 -7.2369328456793426e+01
7.4887528140141935e-02 -7.2369328456789475e+01
7.5071980221500662e-02 -7.2369328456786675e+01
7.5256432301799667e-02 -7.2369328456793681e+01
7.5440884381047374e-02 -7.2369328456789972e+01
7.5625336459252207e-02 -7.2369328456788338e+01
7.5809788536422590e-02 -7.2369328456789788e+01
7.5994240612566960e-02 -7.2369328456790498e+01
7.6178692687693741e-02 -7.2369328456782966e+01
7.6363144761811358e-02 -7.2369328456782739e+01
7.6547596834928233e-02 -7.2369328456790981e+01
7.6732048907052805e-02 -7.2369328456783535e+01
7.6916500978193497e-02 -7.2369328456789262e+01
7.7100953048358734e-02 -7.2369328456782739e+01
7.7285405117556938e-02 -7.2369328456790626e+01
7.7469857185796548e-02 -7.2369328456786377e+01
7.7654309253085987e-02 -7.2369328456786931e+01
7.7838761319433680e-02 -7.2369328456789376e+01
7.8023213384848050e-02 -7.2369328456783393e+01
7.8207665449337535e-02 -7.2369328456782952e+01
7.8392117512910545e-02 -7.2369328456781091e+01
7.8576569575575517e-02 -7.2369328456787088e+01
7.8761021637340889e-02 -7.2369328456789731e+01
7.8945473698215071e-02 -7.2369328456782668e+01
7.9129925758206501e-02 -7.2369328456776032e+01
7.9314377817323603e-02 -7.2369328456796069e+01
7.9498829875574800e-02 -7.2369328456779144e+01
7.9683281932968517e-02 -7.2369328456792715e+01
7.9867733989513190e-02 -7.2369328456778774e+01
8.0052186045217244e-02 -7.2369328456797035e+01
8.0236638100089103e-02 -7.2369328456785638e+01
8.0421090154137190e-02 -7.2369328456790797e+01
8.0605542207369943e-02 -7.2369328456797859e+01
8.0789994259795786e-02 -7.2369328456792516e+01
8.0974446311423143e-02 -7.2369328456789603e+01
8.1158898362260437e-02 -7.2369328456794591e+01
8.1343350412316107e-02 -7.2369328456791962e+01
8.1527802461598575e-02 -7.2369328456796765e+01
8.1712254510116267e-02 -7.2369328456788750e+01
8.1896706557877605e-02 -7.2369328456785112e+01
8.2081158604891027e-02 -7.2369328456796310e+01
8.2265610651164958e-02 -7.2369328456791877e+01
8.2450062696707821e-02 -7.2369328456792317e+01
8.2634514741528040e-02 -7.2369328456789830e+01
8.2818966785634038e-02 -7.2369328456799764e+01
8.3003418829034253e-02 -7.2369328456798968e+01
8.3187870871737110e-02 -7.2369328456796566e+01
8.3372322913751032e-02 -7.2369328456795955e+01
8.3556774955084456e-02 -7.2369328456793653e+01
8.3741226995745807e-02 -7.2369328456799266e+01
8.3925679035743495e-02 -7.2369328456790925e+01
8.4110131075085970e-02 -7.2369328456786803e+01
8.4294583113781643e-02 -7.2369328456791550e+01
8.4479035151838952e-02 -7.2369328456796183e+01
8.4663487189266320e-02 -7.2369328456789930e+01
8.4847939226072172e-02 -7.2369328456799465e+01
8.5032391262264931e-02 -7.2369328456797007e+01
8.5216843297853034e-02 -7.2369328456800119e+01
8.5401295332844906e-02 -7.2369328456799053e+01
8.5585747367248971e-02 -7.2369328456794278e+01
8.5770199401073652e-02 -7.2369328456792275e+01
8.5954651434327387e-02 -7.2369328456800815e+01
8.6139103467018599e-02 -7.2369328456805889e+01
8.6323555499155713e-02 -7.2369328456794719e+01
8.6508007530747152e-02 -7.2369328456797263e+01
8.6692459561801355e-02 -7.2369328456810763e+01
8.6876911592326744e-02 -7.2369328456791180e+01
8.7061363622331744e-02 -7.2369328456806443e+01
8.7245815651824779e-02 -7.2369328456800858e+01
8.7430267680814286e-02 -7.2369328456807295e+01
8.7614719709308689e-02 -7.2369328456794378e+01
8.7799171737316412e-02 -7.2369328456792118e+01
8.7983623764845878e-02 -7.2369328456792118e+01
8.8168075791905526e-02 -7.2369328456804212e+01
8.8352527818503765e-02 -7.2369328456795927e+01
8.8536979844649033e-02 -7.2369328456801000e+01
8.8721431870349768e-02 -7.2369328456801099e+01
8.8905883895614379e-02 -7.2369328456800062e+01
8.9090335920451305e-02 -7.2369328456806400e+01
8.9274787944868969e-02 -7.2369328456795003e+01
8.9459239968875795e-02 -7.2369328456802450e+01
8.9643691992480221e-02 -7.2369328456795216e+01
8.9828144015690670e-02 -7.2369328456793497e+01
9.0012596038515566e-02 -7.2369328456787940e+01
9.0197048060963333e-02 -7.2369328456806102e+01
9.0381500083042396e-02 -7.2369328456797490e+01
9.0565952104761191e-02 -7.2369328456802549e+01
9.0750404126128142e-02 -7.2369328456802108e+01
9.0934856147151674e-02 -7.2369328456800275e+01
9.1119308167840224e-02 -7.2369328456808859e+01
9.1303760188202202e-02 -7.2369328456798186e+01
9.1488212208246045e-02 -7.2369328456792175e+01
9.1672664227980177e-02 -7.2369328456805690e+01
9.1857116247413037e-02 -7.2369328456797248e+01
9.2041568266553048e-02 -7.2369328456798172e+01
9.2226020285408633e-02 -7.2369328456810223e+01
9.2410472303988217e-02 -7.2369328456807480e+01
9.2594924322300223e-02 -7.2369328456808461e+01
9.2779376340353090e-02 -7.2369328456805533e+01
9.2963828358155240e-02 -7.2369328456811459e+01
9.3148280375715098e-02 -7.2369328456804226e+01
9.3332732393041087e-02 -7.2369328456799707e+01
9.3517184410141646e-02 -7.2369328456803473e+01
9.3701636427025198e-02 -7.2369328456795330e+01
9.3886088443700166e-02 -7.2369328456805519e+01
9.4070540460174976e-02 -7.2369328456804482e+01
9.4254992476458063e-02 -7.2369328456807722e+01
9.4439444492557853e-02 -7.2369328456806429e+01
9.4623896508482769e-02 -7.2369328456811530e+01
9.4808348524241234e-02 -7.2369328456806755e+01
9.4992800539841687e-02 -7.2369328456795415e+01
9.5177252555292552e-02 -7.2369328456810365e+01
9.5361704570602251e-02 -7.2369328456813093e+01
9.5546156585779210e-02 -7.2369328456802336e+01
9.5730608600831865e-02 -7.2369328456796268e+01
9.5915060615768627e-02 -7.2369328456807594e+01
9.6099512630597933e-02 -7.2369328456810294e+01
9.6283964645328221e-02 -7.2369328456805974e+01
9.6468416659967901e-02 -7.2369328456815779e+01
9.6652868674525411e-02 -7.2369328456801014e+01
9.6837320689009174e-02 -7.2369328456814756e+01
9.7021772703427614e-02 -7.2369328456802990e+01
9.7206224717789169e-02 -7.2369328456804269e+01
9.7390676732102263e-02 -7.2369328456820000e+01
9.7575128746375320e-02 -7.2369328456799806e+01
9.7759580760616763e-02 -7.2369328456803956e+01
9.7944032774835030e-02 -7.2369328456811985e+01
9.8128484789038531e-02 -7.2369328456806045e+01
9.8312936803235704e-02 -7.2369328456817101e+01
9.8497388817434986e-02 -7.2369328456811218e+01
9.8681840831644788e-02 -7.2369328456813037e+01
9.8866292845873546e-02 -7.2369328456812198e+01
9.9050744860129686e-02 -7.2369328456814401e+01
9.9235196874421630e-02 -7.2369328456805619e+01
9.9419648888757803e-02 -7.2369328456821833e+01
9.9604100903146642e-02 -7.2369328456805917e+01
9.9788552917596571e-02 -7.2369328456814969e+01
9.9973004932116014e-02 -7.2369328456811061e+01
1.0000000000000001e-01 -7.2369328456815964e+01
